0	0
0.01	0.001
0.02	0.002
0.03	0.00299995
0.04	0.00399984
0.05	0.00499963
0.06	0.00599932
0.07	0.00699887
0.08	0.00799827
0.09	0.0089975
0.1	0.00999653
0.11	0.0109953
0.12	0.0119939
0.13	0.0129922
0.14	0.0139902
0.15	0.0149879
0.16	0.0159853
0.17	0.0169823
0.18	0.017979
0.19	0.0189753
0.2	0.0199711
0.21	0.0209665
0.22	0.0219615
0.23	0.0229559
0.24	0.0239499
0.25	0.0249433
0.26	0.0259362
0.27	0.0269285
0.28	0.0279202
0.29	0.0289114
0.3	0.0299018
0.31	0.0308917
0.32	0.0318808
0.33	0.0328693
0.34	0.033857
0.35	0.034844
0.36	0.0358302
0.37	0.0368156
0.38	0.0378002
0.39	0.038784
0.4	0.039767
0.41	0.0407491
0.42	0.0417302
0.43	0.0427105
0.44	0.0436899
0.45	0.0446682
0.46	0.0456456
0.47	0.046622
0.48	0.0475974
0.49	0.0485718
0.5	0.049545
0.51	0.0505172
0.52	0.0514883
0.53	0.0524583
0.54	0.0534271
0.55	0.0543947
0.56	0.0553612
0.57	0.0563265
0.58	0.0572905
0.59	0.0582533
0.6	0.0592148
0.61	0.060175
0.62	0.0611339
0.63	0.0620914
0.64	0.0630476
0.65	0.0640024
0.66	0.0649559
0.67	0.0659079
0.68	0.0668585
0.69	0.0678076
0.7	0.0687553
0.71	0.0697014
0.72	0.0706461
0.73	0.0715892
0.74	0.0725307
0.75	0.0734707
0.76	0.074409
0.77	0.0753458
0.78	0.0762809
0.79	0.0772144
0.8	0.0781461
0.81	0.0790762
0.82	0.0800046
0.83	0.0809312
0.84	0.0818561
0.85	0.0827792
0.86	0.0837005
0.87	0.08462
0.88	0.0855377
0.89	0.0864535
0.9	0.0873674
0.91	0.0882795
0.92	0.0891896
0.93	0.0900978
0.94	0.091004
0.95	0.0919083
0.96	0.0928106
0.97	0.0937109
0.98	0.0946092
0.99	0.0955055
1	0.0963996
1.01	0.0972917
1.02	0.0981817
1.03	0.0990696
1.04	0.0999553
1.05	0.100839
1.06	0.10172
1.07	0.1026
1.08	0.103477
1.09	0.104351
1.1	0.105224
1.11	0.106094
1.12	0.106962
1.13	0.107828
1.14	0.108691
1.15	0.109552
1.16	0.110411
1.17	0.111268
1.18	0.112122
1.19	0.112973
1.2	0.113822
1.21	0.114669
1.22	0.115513
1.23	0.116355
1.24	0.117194
1.25	0.118031
1.26	0.118865
1.27	0.119697
1.28	0.120526
1.29	0.121353
1.3	0.122177
1.31	0.122998
1.32	0.123817
1.33	0.124633
1.34	0.125447
1.35	0.126258
1.36	0.127066
1.37	0.127871
1.38	0.128674
1.39	0.129474
1.4	0.130271
1.41	0.131065
1.42	0.131857
1.43	0.132646
1.44	0.133432
1.45	0.134215
1.46	0.134996
1.47	0.135773
1.48	0.136548
1.49	0.13732
1.5	0.138089
1.51	0.138855
1.52	0.139618
1.53	0.140378
1.54	0.141135
1.55	0.141889
1.56	0.14264
1.57	0.143388
1.58	0.144133
1.59	0.144875
1.6	0.145614
1.61	0.14635
1.62	0.147083
1.63	0.147813
1.64	0.14854
1.65	0.149263
1.66	0.149984
1.67	0.150701
1.68	0.151415
1.69	0.152126
1.7	0.152834
1.71	0.153538
1.72	0.15424
1.73	0.154938
1.74	0.155633
1.75	0.156324
1.76	0.157013
1.77	0.157698
1.78	0.158379
1.79	0.159058
1.8	0.159733
1.81	0.160405
1.82	0.161073
1.83	0.161738
1.84	0.1624
1.85	0.163059
1.86	0.163714
1.87	0.164365
1.88	0.165013
1.89	0.165658
1.9	0.166299
1.91	0.166937
1.92	0.167571
1.93	0.168202
1.94	0.16883
1.95	0.169454
1.96	0.170074
1.97	0.170691
1.98	0.171304
1.99	0.171914
2	0.17252
2.01	0.173123
2.02	0.173722
2.03	0.174317
2.04	0.174909
2.05	0.175498
2.06	0.176082
2.07	0.176663
2.08	0.177241
2.09	0.177814
2.1	0.178385
2.11	0.178951
2.12	0.179514
2.13	0.180073
2.14	0.180628
2.15	0.18118
2.16	0.181728
2.17	0.182272
2.18	0.182812
2.19	0.183349
2.2	0.183882
2.21	0.184411
2.22	0.184936
2.23	0.185458
2.24	0.185976
2.25	0.18649
2.26	0.187
2.27	0.187506
2.28	0.188009
2.29	0.188508
2.3	0.189003
2.31	0.189494
2.32	0.189981
2.33	0.190464
2.34	0.190943
2.35	0.191419
2.36	0.19189
2.37	0.192358
2.38	0.192822
2.39	0.193282
2.4	0.193737
2.41	0.194189
2.42	0.194637
2.43	0.195082
2.44	0.195522
2.45	0.195958
2.46	0.19639
2.47	0.196818
2.48	0.197242
2.49	0.197662
2.5	0.198079
2.51	0.198491
2.52	0.198899
2.53	0.199303
2.54	0.199703
2.55	0.200099
2.56	0.200491
2.57	0.200879
2.58	0.201263
2.59	0.201643
2.6	0.202019
2.61	0.20239
2.62	0.202758
2.63	0.203122
2.64	0.203481
2.65	0.203836
2.66	0.204187
2.67	0.204535
2.68	0.204878
2.69	0.205216
2.7	0.205551
2.71	0.205882
2.72	0.206208
2.73	0.20653
2.74	0.206849
2.75	0.207163
2.76	0.207472
2.77	0.207778
2.78	0.208079
2.79	0.208377
2.8	0.20867
2.81	0.208959
2.82	0.209244
2.83	0.209524
2.84	0.209801
2.85	0.210073
2.86	0.210341
2.87	0.210604
2.88	0.210864
2.89	0.211119
2.9	0.21137
2.91	0.211617
2.92	0.21186
2.93	0.212098
2.94	0.212332
2.95	0.212562
2.96	0.212787
2.97	0.213009
2.98	0.213226
2.99	0.213439
3	0.213647
3.01	0.213852
3.02	0.214052
3.03	0.214247
3.04	0.214439
3.05	0.214626
3.06	0.214809
3.07	0.214988
3.08	0.215162
3.09	0.215332
3.1	0.215498
3.11	0.215659
3.12	0.215817
3.13	0.215969
3.14	0.216118
3.15	0.216262
3.16	0.216402
3.17	0.216538
3.18	0.216669
3.19	0.216796
3.2	0.216919
3.21	0.217037
3.22	0.217151
3.23	0.217261
3.24	0.217367
3.25	0.217468
3.26	0.217564
3.27	0.217657
3.28	0.217745
3.29	0.217829
3.3	0.217908
3.31	0.217983
3.32	0.218054
3.33	0.21812
3.34	0.218183
3.35	0.21824
3.36	0.218294
3.37	0.218343
3.38	0.218387
3.39	0.218428
3.4	0.218464
3.41	0.218496
3.42	0.218523
3.43	0.218546
3.44	0.218565
3.45	0.218579
3.46	0.218589
3.47	0.218595
3.48	0.218596
3.49	0.218593
3.5	0.218585
3.51	0.218574
3.52	0.218558
3.53	0.218537
3.54	0.218512
3.55	0.218483
3.56	0.21845
3.57	0.218412
3.58	0.21837
3.59	0.218323
3.6	0.218273
3.61	0.218217
3.62	0.218158
3.63	0.218094
3.64	0.218026
3.65	0.217953
3.66	0.217876
3.67	0.217795
3.68	0.21771
3.69	0.21762
3.7	0.217526
3.71	0.217427
3.72	0.217324
3.73	0.217217
3.74	0.217106
3.75	0.21699
3.76	0.21687
3.77	0.216745
3.78	0.216617
3.79	0.216483
3.8	0.216346
3.81	0.216204
3.82	0.216058
3.83	0.215908
3.84	0.215753
3.85	0.215594
3.86	0.215431
3.87	0.215264
3.88	0.215092
3.89	0.214916
3.9	0.214735
3.91	0.214551
3.92	0.214362
3.93	0.214169
3.94	0.213971
3.95	0.213769
3.96	0.213563
3.97	0.213353
3.98	0.213138
3.99	0.21292
4	0.212697
4.01	0.212469
4.02	0.212238
4.03	0.212002
4.04	0.211762
4.05	0.211517
4.06	0.211269
4.07	0.211016
4.08	0.210759
4.09	0.210498
4.1	0.210232
4.11	0.209963
4.12	0.209689
4.13	0.209411
4.14	0.209129
4.15	0.208842
4.16	0.208552
4.17	0.208257
4.18	0.207958
4.19	0.207655
4.2	0.207347
4.21	0.207036
4.22	0.20672
4.23	0.2064
4.24	0.206076
4.25	0.205748
4.26	0.205416
4.27	0.205079
4.28	0.204739
4.29	0.204394
4.3	0.204046
4.31	0.203693
4.32	0.203336
4.33	0.202975
4.34	0.202609
4.35	0.20224
4.36	0.201867
4.37	0.201489
4.38	0.201108
4.39	0.200722
4.4	0.200333
4.41	0.199939
4.42	0.199541
4.43	0.19914
4.44	0.198734
4.45	0.198324
4.46	0.19791
4.47	0.197493
4.48	0.197071
4.49	0.196645
4.5	0.196215
4.51	0.195781
4.52	0.195344
4.53	0.194902
4.54	0.194456
4.55	0.194007
4.56	0.193553
4.57	0.193096
4.58	0.192634
4.59	0.192169
4.6	0.1917
4.61	0.191226
4.62	0.190749
4.63	0.190268
4.64	0.189784
4.65	0.189295
4.66	0.188802
4.67	0.188306
4.68	0.187806
4.69	0.187302
4.7	0.186794
4.71	0.186282
4.72	0.185766
4.73	0.185247
4.74	0.184724
4.75	0.184197
4.76	0.183666
4.77	0.183132
4.78	0.182594
4.79	0.182052
4.8	0.181506
4.81	0.180957
4.82	0.180403
4.83	0.179847
4.84	0.179286
4.85	0.178722
4.86	0.178154
4.87	0.177582
4.88	0.177007
4.89	0.176428
4.9	0.175846
4.91	0.175259
4.92	0.17467
4.93	0.174076
4.94	0.173479
4.95	0.172879
4.96	0.172275
4.97	0.171667
4.98	0.171056
4.99	0.170441
5	0.169823
5.01	0.169201
5.02	0.168576
5.03	0.167947
5.04	0.167315
5.05	0.166679
5.06	0.16604
5.07	0.165397
5.08	0.164751
5.09	0.164101
5.1	0.163448
5.11	0.162792
5.12	0.162132
5.13	0.161469
5.14	0.160803
5.15	0.160133
5.16	0.15946
5.17	0.158783
5.18	0.158103
5.19	0.15742
5.2	0.156734
5.21	0.156044
5.22	0.155351
5.23	0.154655
5.24	0.153956
5.25	0.153253
5.26	0.152547
5.27	0.151838
5.28	0.151126
5.29	0.150411
5.3	0.149692
5.31	0.14897
5.32	0.148245
5.33	0.147518
5.34	0.146786
5.35	0.146052
5.36	0.145315
5.37	0.144575
5.38	0.143832
5.39	0.143085
5.4	0.142336
5.41	0.141584
5.42	0.140828
5.43	0.14007
5.44	0.139309
5.45	0.138544
5.46	0.137777
5.47	0.137007
5.48	0.136234
5.49	0.135458
5.5	0.13468
5.51	0.133898
5.52	0.133114
5.53	0.132327
5.54	0.131536
5.55	0.130744
5.56	0.129948
5.57	0.12915
5.58	0.128349
5.59	0.127545
5.6	0.126738
5.61	0.125929
5.62	0.125117
5.63	0.124303
5.64	0.123485
5.65	0.122665
5.66	0.121843
5.67	0.121018
5.68	0.12019
5.69	0.11936
5.7	0.118527
5.71	0.117692
5.72	0.116854
5.73	0.116014
5.74	0.115171
5.75	0.114326
5.76	0.113478
5.77	0.112628
5.78	0.111776
5.79	0.110921
5.8	0.110063
5.81	0.109204
5.82	0.108342
5.83	0.107477
5.84	0.106611
5.85	0.105742
5.86	0.10487
5.87	0.103997
5.88	0.103121
5.89	0.102243
5.9	0.101363
5.91	0.100481
5.92	0.0995964
5.93	0.0987098
5.94	0.0978211
5.95	0.0969302
5.96	0.0960373
5.97	0.0951423
5.98	0.0942452
5.99	0.0933461
6	0.092445
6.01	0.0915419
6.02	0.0906368
6.03	0.0897298
6.04	0.0888208
6.05	0.0879099
6.06	0.086997
6.07	0.0860823
6.08	0.0851658
6.09	0.0842474
6.1	0.0833271
6.11	0.0824051
6.12	0.0814813
6.13	0.0805557
6.14	0.0796284
6.15	0.0786993
6.16	0.0777685
6.17	0.0768361
6.18	0.0759019
6.19	0.0749661
6.2	0.0740287
6.21	0.0730897
6.22	0.0721491
6.23	0.0712069
6.24	0.0702632
6.25	0.0693179
6.26	0.0683712
6.27	0.0674229
6.28	0.0664732
6.29	0.065522
6.3	0.0645694
6.31	0.0636154
6.32	0.06266
6.33	0.0617033
6.34	0.0607452
6.35	0.0597858
6.36	0.058825
6.37	0.057863
6.38	0.0568997
6.39	0.0559352
6.4	0.0549695
6.41	0.0540025
6.42	0.0530344
6.43	0.0520651
6.44	0.0510947
6.45	0.0501231
6.46	0.0491505
6.47	0.0481768
6.48	0.047202
6.49	0.0462262
6.5	0.0452494
6.51	0.0442716
6.52	0.0432929
6.53	0.0423131
6.54	0.0413325
6.55	0.0403509
6.56	0.0393685
6.57	0.0383852
6.58	0.0374011
6.59	0.0364161
6.6	0.0354304
6.61	0.0344438
6.62	0.0334566
6.63	0.0324685
6.64	0.0314798
6.65	0.0304904
6.66	0.0295003
6.67	0.0285095
6.68	0.0275182
6.69	0.0265262
6.7	0.0255337
6.71	0.0245406
6.72	0.0235469
6.73	0.0225527
6.74	0.0215581
6.75	0.0205629
6.76	0.0195674
6.77	0.0185713
6.78	0.0175749
6.79	0.0165781
6.8	0.0155809
6.81	0.0145834
6.82	0.0135856
6.83	0.0125874
6.84	0.011589
6.85	0.0105904
6.86	0.00959145
6.87	0.00859234
6.88	0.00759304
6.89	0.00659358
6.9	0.00559397
6.91	0.00459423
6.92	0.0035944
6.93	0.00259448
6.94	0.00159451
6.95	0.000594506
6.96	-0.000405513
6.97	-0.00140552
6.98	-0.0024055
6.99	-0.00340543
7	-0.00440528
7.01	-0.00540504
7.02	-0.00640467
7.03	-0.00740417
7.04	-0.0084035
7.05	-0.00940265
7.06	-0.0104016
7.07	-0.0114003
7.08	-0.0123988
7.09	-0.013397
7.1	-0.0143948
7.11	-0.0153924
7.12	-0.0163897
7.13	-0.0173866
7.14	-0.0183831
7.15	-0.0193791
7.16	-0.0203748
7.17	-0.02137
7.18	-0.0223648
7.19	-0.0233591
7.2	-0.0243528
7.21	-0.025346
7.22	-0.0263387
7.23	-0.0273308
7.24	-0.0283222
7.25	-0.0293131
7.26	-0.0303033
7.27	-0.0312929
7.28	-0.0322817
7.29	-0.0332699
7.3	-0.0342573
7.31	-0.035244
7.32	-0.0362299
7.33	-0.037215
7.34	-0.0381993
7.35	-0.0391827
7.36	-0.0401653
7.37	-0.0411471
7.38	-0.0421279
7.39	-0.0431078
7.4	-0.0440867
7.41	-0.0450647
7.42	-0.0460417
7.43	-0.0470177
7.44	-0.0479927
7.45	-0.0489666
7.46	-0.0499394
7.47	-0.0509112
7.48	-0.0518818
7.49	-0.0528513
7.5	-0.0538196
7.51	-0.0547868
7.52	-0.0557528
7.53	-0.0567175
7.54	-0.0576811
7.55	-0.0586433
7.56	-0.0596043
7.57	-0.060564
7.58	-0.0615223
7.59	-0.0624793
7.6	-0.063435
7.61	-0.0643893
7.62	-0.0653421
7.63	-0.0662936
7.64	-0.0672436
7.65	-0.0681921
7.66	-0.0691391
7.67	-0.0700847
7.68	-0.0710287
7.69	-0.0719712
7.7	-0.0729121
7.71	-0.0738514
7.72	-0.0747891
7.73	-0.0757252
7.74	-0.0766596
7.75	-0.0775924
7.76	-0.0785235
7.77	-0.0794529
7.78	-0.0803806
7.79	-0.0813065
7.8	-0.0822307
7.81	-0.083153
7.82	-0.0840736
7.83	-0.0849924
7.84	-0.0859093
7.85	-0.0868243
7.86	-0.0877375
7.87	-0.0886488
7.88	-0.0895581
7.89	-0.0904655
7.9	-0.091371
7.91	-0.0922745
7.92	-0.093176
7.93	-0.0940755
7.94	-0.0949729
7.95	-0.0958683
7.96	-0.0967616
7.97	-0.0976529
7.98	-0.098542
7.99	-0.099429
8	-0.100314
8.01	-0.101197
8.02	-0.102077
8.03	-0.102956
8.04	-0.103832
8.05	-0.104706
8.06	-0.105577
8.07	-0.106447
8.08	-0.107314
8.09	-0.108178
8.1	-0.109041
8.11	-0.109901
8.12	-0.110759
8.13	-0.111614
8.14	-0.112467
8.15	-0.113318
8.16	-0.114166
8.17	-0.115012
8.18	-0.115855
8.19	-0.116696
8.2	-0.117534
8.21	-0.11837
8.22	-0.119203
8.23	-0.120034
8.24	-0.120862
8.25	-0.121687
8.26	-0.12251
8.27	-0.123331
8.28	-0.124148
8.29	-0.124963
8.3	-0.125776
8.31	-0.126586
8.32	-0.127393
8.33	-0.128197
8.34	-0.128999
8.35	-0.129797
8.36	-0.130594
8.37	-0.131387
8.38	-0.132177
8.39	-0.132965
8.4	-0.13375
8.41	-0.134532
8.42	-0.135311
8.43	-0.136088
8.44	-0.136861
8.45	-0.137632
8.46	-0.1384
8.47	-0.139164
8.48	-0.139926
8.49	-0.140685
8.5	-0.141441
8.51	-0.142194
8.52	-0.142944
8.53	-0.143691
8.54	-0.144435
8.55	-0.145175
8.56	-0.145913
8.57	-0.146648
8.58	-0.14738
8.59	-0.148108
8.6	-0.148834
8.61	-0.149556
8.62	-0.150275
8.63	-0.150991
8.64	-0.151704
8.65	-0.152413
8.66	-0.15312
8.67	-0.153823
8.68	-0.154523
8.69	-0.15522
8.7	-0.155914
8.71	-0.156604
8.72	-0.157291
8.73	-0.157975
8.74	-0.158655
8.75	-0.159332
8.76	-0.160006
8.77	-0.160676
8.78	-0.161343
8.79	-0.162007
8.8	-0.162668
8.81	-0.163325
8.82	-0.163978
8.83	-0.164628
8.84	-0.165275
8.85	-0.165918
8.86	-0.166558
8.87	-0.167195
8.88	-0.167828
8.89	-0.168457
8.9	-0.169083
8.91	-0.169706
8.92	-0.170325
8.93	-0.17094
8.94	-0.171552
8.95	-0.17216
8.96	-0.172765
8.97	-0.173366
8.98	-0.173964
8.99	-0.174558
9	-0.175148
9.01	-0.175735
9.02	-0.176318
9.03	-0.176898
9.04	-0.177474
9.05	-0.178046
9.06	-0.178615
9.07	-0.17918
9.08	-0.179741
9.09	-0.180298
9.1	-0.180852
9.11	-0.181402
9.12	-0.181949
9.13	-0.182491
9.14	-0.18303
9.15	-0.183566
9.16	-0.184097
9.17	-0.184625
9.18	-0.185148
9.19	-0.185669
9.2	-0.186185
9.21	-0.186697
9.22	-0.187206
9.23	-0.187711
9.24	-0.188212
9.25	-0.188709
9.26	-0.189202
9.27	-0.189692
9.28	-0.190177
9.29	-0.190659
9.3	-0.191137
9.31	-0.19161
9.32	-0.19208
9.33	-0.192547
9.34	-0.193009
9.35	-0.193467
9.36	-0.193921
9.37	-0.194372
9.38	-0.194818
9.39	-0.19526
9.4	-0.195699
9.41	-0.196134
9.42	-0.196564
9.43	-0.196991
9.44	-0.197413
9.45	-0.197832
9.46	-0.198246
9.47	-0.198657
9.48	-0.199063
9.49	-0.199466
9.5	-0.199864
9.51	-0.200259
9.52	-0.200649
9.53	-0.201035
9.54	-0.201418
9.55	-0.201796
9.56	-0.20217
9.57	-0.20254
9.58	-0.202906
9.59	-0.203268
9.6	-0.203626
9.61	-0.203979
9.62	-0.204329
9.63	-0.204674
9.64	-0.205015
9.65	-0.205353
9.66	-0.205686
9.67	-0.206015
9.68	-0.206339
9.69	-0.20666
9.7	-0.206976
9.71	-0.207289
9.72	-0.207597
9.73	-0.207901
9.74	-0.208201
9.75	-0.208496
9.76	-0.208788
9.77	-0.209075
9.78	-0.209358
9.79	-0.209637
9.8	-0.209911
9.81	-0.210182
9.82	-0.210448
9.83	-0.21071
9.84	-0.210968
9.85	-0.211221
9.86	-0.211471
9.87	-0.211716
9.88	-0.211957
9.89	-0.212193
9.9	-0.212426
9.91	-0.212654
9.92	-0.212878
9.93	-0.213097
9.94	-0.213313
9.95	-0.213524
9.96	-0.213731
9.97	-0.213933
9.98	-0.214132
9.99	-0.214326
10	-0.214515
10.01	-0.214701
10.02	-0.214882
10.03	-0.215059
10.04	-0.215232
10.05	-0.2154
10.06	-0.215564
10.07	-0.215724
10.08	-0.215879
10.09	-0.21603
10.1	-0.216177
10.11	-0.21632
10.12	-0.216458
10.13	-0.216592
10.14	-0.216721
10.15	-0.216847
10.16	-0.216968
10.17	-0.217084
10.18	-0.217196
10.19	-0.217304
10.2	-0.217408
10.21	-0.217507
10.22	-0.217602
10.23	-0.217693
10.24	-0.217779
10.25	-0.217861
10.26	-0.217939
10.27	-0.218012
10.28	-0.218081
10.29	-0.218146
10.3	-0.218206
10.31	-0.218262
10.32	-0.218314
10.33	-0.218361
10.34	-0.218404
10.35	-0.218443
10.36	-0.218477
10.37	-0.218507
10.38	-0.218533
10.39	-0.218554
10.4	-0.218571
10.41	-0.218584
10.42	-0.218592
10.43	-0.218596
10.44	-0.218595
10.45	-0.21859
10.46	-0.218581
10.47	-0.218568
10.48	-0.21855
10.49	-0.218528
10.5	-0.218501
10.51	-0.21847
10.52	-0.218435
10.53	-0.218395
10.54	-0.218352
10.55	-0.218303
10.56	-0.218251
10.57	-0.218194
10.58	-0.218133
10.59	-0.218067
10.6	-0.217997
10.61	-0.217923
10.62	-0.217844
10.63	-0.217761
10.64	-0.217674
10.65	-0.217582
10.66	-0.217486
10.67	-0.217386
10.68	-0.217281
10.69	-0.217172
10.7	-0.217059
10.71	-0.216942
10.72	-0.21682
10.73	-0.216694
10.74	-0.216563
10.75	-0.216428
10.76	-0.216289
10.77	-0.216146
10.78	-0.215998
10.79	-0.215846
10.8	-0.215689
10.81	-0.215529
10.82	-0.215364
10.83	-0.215195
10.84	-0.215021
10.85	-0.214843
10.86	-0.214661
10.87	-0.214475
10.88	-0.214284
10.89	-0.214089
10.9	-0.21389
10.91	-0.213686
10.92	-0.213479
10.93	-0.213267
10.94	-0.21305
10.95	-0.21283
10.96	-0.212605
10.97	-0.212376
10.98	-0.212142
10.99	-0.211905
11	-0.211663
11.01	-0.211417
11.02	-0.211167
11.03	-0.210912
11.04	-0.210654
11.05	-0.210391
11.06	-0.210124
11.07	-0.209852
11.08	-0.209577
11.09	-0.209297
11.1	-0.209013
11.11	-0.208725
11.12	-0.208433
11.13	-0.208136
11.14	-0.207835
11.15	-0.20753
11.16	-0.207221
11.17	-0.206908
11.18	-0.206591
11.19	-0.206269
11.2	-0.205944
11.21	-0.205614
11.22	-0.20528
11.23	-0.204942
11.24	-0.2046
11.25	-0.204253
11.26	-0.203903
11.27	-0.203548
11.28	-0.20319
11.29	-0.202827
11.3	-0.20246
11.31	-0.202089
11.32	-0.201714
11.33	-0.201335
11.34	-0.200952
11.35	-0.200565
11.36	-0.200174
11.37	-0.199778
11.38	-0.199379
11.39	-0.198976
11.4	-0.198568
11.41	-0.198157
11.42	-0.197741
11.43	-0.197322
11.44	-0.196899
11.45	-0.196471
11.46	-0.19604
11.47	-0.195604
11.48	-0.195165
11.49	-0.194722
11.5	-0.194274
11.51	-0.193823
11.52	-0.193368
11.53	-0.192909
11.54	-0.192446
11.55	-0.191979
11.56	-0.191508
11.57	-0.191033
11.58	-0.190555
11.59	-0.190072
11.6	-0.189586
11.61	-0.189096
11.62	-0.188602
11.63	-0.188104
11.64	-0.187602
11.65	-0.187096
11.66	-0.186587
11.67	-0.186073
11.68	-0.185556
11.69	-0.185035
11.7	-0.184511
11.71	-0.183982
11.72	-0.18345
11.73	-0.182914
11.74	-0.182374
11.75	-0.181831
11.76	-0.181284
11.77	-0.180733
11.78	-0.180178
11.79	-0.17962
11.8	-0.179058
11.81	-0.178492
11.82	-0.177923
11.83	-0.177349
11.84	-0.176773
11.85	-0.176192
11.86	-0.175608
11.87	-0.175021
11.88	-0.17443
11.89	-0.173835
11.9	-0.173236
11.91	-0.172634
11.92	-0.172029
11.93	-0.17142
11.94	-0.170807
11.95	-0.170191
11.96	-0.169571
11.97	-0.168948
11.98	-0.168321
11.99	-0.167691
12	-0.167057
12.01	-0.16642
12.02	-0.165779
12.03	-0.165135
12.04	-0.164488
12.05	-0.163837
12.06	-0.163183
12.07	-0.162525
12.08	-0.161864
12.09	-0.161199
12.1	-0.160531
12.11	-0.15986
12.12	-0.159186
12.13	-0.158508
12.14	-0.157827
12.15	-0.157142
12.16	-0.156455
12.17	-0.155764
12.18	-0.155069
12.19	-0.154372
12.2	-0.153671
12.21	-0.152967
12.22	-0.15226
12.23	-0.15155
12.24	-0.150836
12.25	-0.15012
12.26	-0.1494
12.27	-0.148677
12.28	-0.147951
12.29	-0.147221
12.3	-0.146489
12.31	-0.145754
12.32	-0.145015
12.33	-0.144274
12.34	-0.143529
12.35	-0.142782
12.36	-0.142031
12.37	-0.141278
12.38	-0.140521
12.39	-0.139762
12.4	-0.138999
12.41	-0.138234
12.42	-0.137465
12.43	-0.136694
12.44	-0.13592
12.45	-0.135143
12.46	-0.134363
12.47	-0.13358
12.48	-0.132795
12.49	-0.132006
12.5	-0.131215
12.51	-0.130421
12.52	-0.129625
12.53	-0.128825
12.54	-0.128023
12.55	-0.127218
12.56	-0.12641
12.57	-0.1256
12.58	-0.124787
12.59	-0.123972
12.6	-0.123153
12.61	-0.122332
12.62	-0.121509
12.63	-0.120683
12.64	-0.119854
12.65	-0.119023
12.66	-0.118189
12.67	-0.117353
12.68	-0.116514
12.69	-0.115672
12.7	-0.114829
12.71	-0.113982
12.72	-0.113134
12.73	-0.112283
12.74	-0.111429
12.75	-0.110573
12.76	-0.109715
12.77	-0.108854
12.78	-0.107991
12.79	-0.107126
12.8	-0.106258
12.81	-0.105389
12.82	-0.104517
12.83	-0.103642
12.84	-0.102766
12.85	-0.101887
12.86	-0.101006
12.87	-0.100123
12.88	-0.0992372
12.89	-0.0983497
12.9	-0.0974601
12.91	-0.0965684
12.92	-0.0956746
12.93	-0.0947788
12.94	-0.0938809
12.95	-0.092981
12.96	-0.092079
12.97	-0.0911751
12.98	-0.0902692
12.99	-0.0893614
13	-0.0884516
13.01	-0.0875399
13.02	-0.0866264
13.03	-0.0857109
13.04	-0.0847936
13.05	-0.0838744
13.06	-0.0829535
13.07	-0.0820307
13.08	-0.0811062
13.09	-0.0801799
13.1	-0.0792518
13.11	-0.0783221
13.12	-0.0773906
13.13	-0.0764575
13.14	-0.0755227
13.15	-0.0745862
13.16	-0.0736482
13.17	-0.0727085
13.18	-0.0717672
13.19	-0.0708244
13.2	-0.0698801
13.21	-0.0689342
13.22	-0.0679868
13.23	-0.067038
13.24	-0.0660877
13.25	-0.0651359
13.26	-0.0641828
13.27	-0.0632282
13.28	-0.0622722
13.29	-0.0613149
13.3	-0.0603563
13.31	-0.0593963
13.32	-0.0584351
13.33	-0.0574725
13.34	-0.0565088
13.35	-0.0555437
13.36	-0.0545775
13.37	-0.0536101
13.38	-0.0526415
13.39	-0.0516717
13.4	-0.0507008
13.41	-0.0497289
13.42	-0.0487558
13.43	-0.0477816
13.44	-0.0468065
13.45	-0.0458302
13.46	-0.044853
13.47	-0.0438748
13.48	-0.0428957
13.49	-0.0419156
13.5	-0.0409346
13.51	-0.0399527
13.52	-0.0389699
13.53	-0.0379862
13.54	-0.0370018
13.55	-0.0360165
13.56	-0.0350304
13.57	-0.0340436
13.58	-0.033056
13.59	-0.0320677
13.6	-0.0310787
13.61	-0.030089
13.62	-0.0290986
13.63	-0.0281076
13.64	-0.027116
13.65	-0.0261238
13.66	-0.025131
13.67	-0.0241377
13.68	-0.0231438
13.69	-0.0221494
13.7	-0.0211546
13.71	-0.0201593
13.72	-0.0191635
13.73	-0.0181673
13.74	-0.0171707
13.75	-0.0161738
13.76	-0.0151765
13.77	-0.0141788
13.78	-0.0131808
13.79	-0.0121826
13.8	-0.0111841
13.81	-0.0101853
13.82	-0.00918633
13.83	-0.00818714
13.84	-0.00718777
13.85	-0.00618824
13.86	-0.00518858
13.87	-0.0041888
13.88	-0.00318893
13.89	-0.00218899
13.9	-0.001189
13.91	-0.000188987
13.92	0.000811032
13.93	0.00181103
13.94	0.00281099
13.95	0.00381089
13.96	0.00481071
13.97	0.00581042
13.98	0.00681
13.99	0.00780943
14	0.00880869
14.01	0.00980776
14.02	0.0108066
14.03	0.0118052
14.04	0.0128036
14.05	0.0138017
14.06	0.0147994
14.07	0.0157969
14.08	0.016794
14.09	0.0177907
14.1	0.018787
14.11	0.019783
14.12	0.0207784
14.13	0.0217735
14.14	0.022768
14.15	0.0237621
14.16	0.0247556
14.17	0.0257486
14.18	0.026741
14.19	0.0277329
14.2	0.0287241
14.21	0.0297147
14.22	0.0307047
14.23	0.0316939
14.24	0.0326825
14.25	0.0336704
14.26	0.0346575
14.27	0.0356439
14.28	0.0366295
14.29	0.0376142
14.3	0.0385982
14.31	0.0395813
14.32	0.0405636
14.33	0.0415449
14.34	0.0425254
14.35	0.0435049
14.36	0.0444834
14.37	0.045461
14.38	0.0464376
14.39	0.0474132
14.4	0.0483877
14.41	0.0493612
14.42	0.0503336
14.43	0.0513049
14.44	0.0522751
14.45	0.0532441
14.46	0.054212
14.47	0.0551787
14.48	0.0561442
14.49	0.0571084
14.5	0.0580714
14.51	0.0590332
14.52	0.0599936
14.53	0.0609528
14.54	0.0619106
14.55	0.062867
14.56	0.0638221
14.57	0.0647758
14.58	0.0657281
14.59	0.066679
14.6	0.0676284
14.61	0.0685763
14.62	0.0695228
14.63	0.0704677
14.64	0.0714111
14.65	0.0723529
14.66	0.0732932
14.67	0.0742319
14.68	0.0751689
14.69	0.0761043
14.7	0.0770381
14.71	0.0779702
14.72	0.0789006
14.73	0.0798293
14.74	0.0807563
14.75	0.0816815
14.76	0.0826049
14.77	0.0835266
14.78	0.0844464
14.79	0.0853644
14.8	0.0862806
14.81	0.0871949
14.82	0.0881073
14.83	0.0890178
14.84	0.0899263
14.85	0.090833
14.86	0.0917376
14.87	0.0926403
14.88	0.093541
14.89	0.0944396
14.9	0.0953363
14.91	0.0962308
14.92	0.0971233
14.93	0.0980137
14.94	0.098902
14.95	0.0997881
14.96	0.100672
14.97	0.101554
14.98	0.102434
14.99	0.103311
15	0.104186
15.01	0.105059
15.02	0.10593
15.03	0.106798
15.04	0.107665
15.05	0.108528
15.06	0.10939
15.07	0.110249
15.08	0.111106
15.09	0.11196
15.1	0.112812
15.11	0.113662
15.12	0.114509
15.13	0.115354
15.14	0.116196
15.15	0.117036
15.16	0.117873
15.17	0.118708
15.18	0.11954
15.19	0.12037
15.2	0.121197
15.21	0.122021
15.22	0.122843
15.23	0.123663
15.24	0.124479
15.25	0.125293
15.26	0.126105
15.27	0.126913
15.28	0.127719
15.29	0.128522
15.3	0.129323
15.31	0.130121
15.32	0.130916
15.33	0.131708
15.34	0.132497
15.35	0.133284
15.36	0.134068
15.37	0.134849
15.38	0.135627
15.39	0.136402
15.4	0.137174
15.41	0.137944
15.42	0.13871
15.43	0.139474
15.44	0.140234
15.45	0.140992
15.46	0.141747
15.47	0.142498
15.48	0.143247
15.49	0.143993
15.5	0.144735
15.51	0.145475
15.52	0.146212
15.53	0.146945
15.54	0.147675
15.55	0.148403
15.56	0.149127
15.57	0.149848
15.58	0.150566
15.59	0.15128
15.6	0.151992
15.61	0.1527
15.62	0.153406
15.63	0.154107
15.64	0.154806
15.65	0.155502
15.66	0.156194
15.67	0.156883
15.68	0.157569
15.69	0.158251
15.7	0.15893
15.71	0.159606
15.72	0.160278
15.73	0.160947
15.74	0.161613
15.75	0.162275
15.76	0.162934
15.77	0.16359
15.78	0.164242
15.79	0.164891
15.8	0.165536
15.81	0.166178
15.82	0.166817
15.83	0.167452
15.84	0.168083
15.85	0.168711
15.86	0.169336
15.87	0.169957
15.88	0.170575
15.89	0.171189
15.9	0.171799
15.91	0.172406
15.92	0.173009
15.93	0.173609
15.94	0.174205
15.95	0.174798
15.96	0.175387
15.97	0.175972
15.98	0.176554
15.99	0.177132
16	0.177706
16.01	0.178277
16.02	0.178844
16.03	0.179408
16.04	0.179967
16.05	0.180523
16.06	0.181076
16.07	0.181624
16.08	0.182169
16.09	0.18271
16.1	0.183248
16.11	0.183782
16.12	0.184311
16.13	0.184838
16.14	0.18536
16.15	0.185878
16.16	0.186393
16.17	0.186904
16.18	0.187411
16.19	0.187914
16.2	0.188414
16.21	0.188909
16.22	0.189401
16.23	0.189889
16.24	0.190373
16.25	0.190853
16.26	0.191329
16.27	0.191802
16.28	0.19227
16.29	0.192734
16.3	0.193195
16.31	0.193652
16.32	0.194104
16.33	0.194553
16.34	0.194998
16.35	0.195439
16.36	0.195876
16.37	0.196309
16.38	0.196738
16.39	0.197162
16.4	0.197583
16.41	0.198
16.42	0.198413
16.43	0.198822
16.44	0.199227
16.45	0.199628
16.46	0.200025
16.47	0.200418
16.48	0.200806
16.49	0.201191
16.5	0.201572
16.51	0.201948
16.52	0.202321
16.53	0.202689
16.54	0.203053
16.55	0.203413
16.56	0.203769
16.57	0.204121
16.58	0.204469
16.59	0.204813
16.6	0.205153
16.61	0.205488
16.62	0.20582
16.63	0.206147
16.64	0.20647
16.65	0.206789
16.66	0.207104
16.67	0.207414
16.68	0.207721
16.69	0.208023
16.7	0.208321
16.71	0.208615
16.72	0.208905
16.73	0.20919
16.74	0.209471
16.75	0.209749
16.76	0.210022
16.77	0.21029
16.78	0.210555
16.79	0.210815
16.8	0.211071
16.81	0.211323
16.82	0.211571
16.83	0.211814
16.84	0.212053
16.85	0.212288
16.86	0.212519
16.87	0.212745
16.88	0.212967
16.89	0.213185
16.9	0.213399
16.91	0.213608
16.92	0.213813
16.93	0.214014
16.94	0.214211
16.95	0.214403
16.96	0.214591
16.97	0.214775
16.98	0.214954
16.99	0.21513
17	0.2153
17.01	0.215467
17.02	0.215629
17.03	0.215787
17.04	0.215941
17.05	0.21609
17.06	0.216235
17.07	0.216376
17.08	0.216513
17.09	0.216645
17.1	0.216773
17.11	0.216896
17.12	0.217015
17.13	0.21713
17.14	0.217241
17.15	0.217347
17.16	0.217449
17.17	0.217546
17.18	0.21764
17.19	0.217729
17.2	0.217813
17.21	0.217893
17.22	0.217969
17.23	0.218041
17.24	0.218108
17.25	0.218171
17.26	0.21823
17.27	0.218284
17.28	0.218334
17.29	0.218379
17.3	0.218421
17.31	0.218457
17.32	0.21849
17.33	0.218518
17.34	0.218542
17.35	0.218562
17.36	0.218577
17.37	0.218587
17.38	0.218594
17.39	0.218596
17.4	0.218594
17.41	0.218587
17.42	0.218576
17.43	0.218561
17.44	0.218541
17.45	0.218517
17.46	0.218489
17.47	0.218457
17.48	0.21842
17.49	0.218378
17.5	0.218333
17.51	0.218283
17.52	0.218228
17.53	0.218169
17.54	0.218106
17.55	0.218039
17.56	0.217967
17.57	0.217891
17.58	0.217811
17.59	0.217726
17.6	0.217637
17.61	0.217544
17.62	0.217446
17.63	0.217344
17.64	0.217238
17.65	0.217127
17.66	0.217012
17.67	0.216893
17.68	0.216769
17.69	0.216641
17.7	0.216509
17.71	0.216372
17.72	0.216231
17.73	0.216086
17.74	0.215937
17.75	0.215783
17.76	0.215625
17.77	0.215462
17.78	0.215296
17.79	0.215125
17.8	0.214949
17.81	0.21477
17.82	0.214586
17.83	0.214398
17.84	0.214205
17.85	0.214009
17.86	0.213808
17.87	0.213603
17.88	0.213393
17.89	0.213179
17.9	0.212961
17.91	0.212739
17.92	0.212512
17.93	0.212282
17.94	0.212047
17.95	0.211807
17.96	0.211564
17.97	0.211316
17.98	0.211064
17.99	0.210808
18	0.210548
18.01	0.210283
18.02	0.210014
18.03	0.209741
18.04	0.209464
18.05	0.209182
18.06	0.208897
18.07	0.208607
18.08	0.208313
18.09	0.208015
18.1	0.207712
18.11	0.207406
18.12	0.207095
18.13	0.20678
18.14	0.206461
18.15	0.206138
18.16	0.20581
18.17	0.205479
18.18	0.205143
18.19	0.204804
18.2	0.20446
18.21	0.204112
18.22	0.20376
18.23	0.203404
18.24	0.203043
18.25	0.202679
18.26	0.20231
18.27	0.201938
18.28	0.201561
18.29	0.20118
18.3	0.200796
18.31	0.200407
18.32	0.200014
18.33	0.199617
18.34	0.199216
18.35	0.198811
18.36	0.198402
18.37	0.197989
18.38	0.197572
18.39	0.197151
18.4	0.196726
18.41	0.196297
18.42	0.195864
18.43	0.195427
18.44	0.194986
18.45	0.194541
18.46	0.194092
18.47	0.193639
18.48	0.193182
18.49	0.192722
18.5	0.192257
18.51	0.191789
18.52	0.191316
18.53	0.19084
18.54	0.19036
18.55	0.189876
18.56	0.189388
18.57	0.188896
18.58	0.1884
18.59	0.187901
18.6	0.187397
18.61	0.18689
18.62	0.186379
18.63	0.185864
18.64	0.185345
18.65	0.184823
18.66	0.184297
18.67	0.183767
18.68	0.183233
18.69	0.182696
18.7	0.182154
18.71	0.181609
18.72	0.181061
18.73	0.180508
18.74	0.179952
18.75	0.179392
18.76	0.178829
18.77	0.178261
18.78	0.177691
18.79	0.177116
18.8	0.176538
18.81	0.175956
18.82	0.175371
18.83	0.174781
18.84	0.174189
18.85	0.173593
18.86	0.172993
18.87	0.172389
18.88	0.171782
18.89	0.171172
18.9	0.170558
18.91	0.16994
18.92	0.169319
18.93	0.168694
18.94	0.168066
18.95	0.167434
18.96	0.166799
18.97	0.166161
18.98	0.165519
18.99	0.164873
19	0.164224
19.01	0.163572
19.02	0.162916
19.03	0.162257
19.04	0.161595
19.05	0.160929
19.06	0.16026
19.07	0.159587
19.08	0.158911
19.09	0.158232
19.1	0.15755
19.11	0.156864
19.12	0.156175
19.13	0.155483
19.14	0.154787
19.15	0.154088
19.16	0.153386
19.17	0.152681
19.18	0.151972
19.19	0.151261
19.2	0.150546
19.21	0.149828
19.22	0.149107
19.23	0.148383
19.24	0.147655
19.25	0.146925
19.26	0.146191
19.27	0.145455
19.28	0.144715
19.29	0.143972
19.3	0.143227
19.31	0.142478
19.32	0.141726
19.33	0.140971
19.34	0.140213
19.35	0.139453
19.36	0.138689
19.37	0.137922
19.38	0.137153
19.39	0.136381
19.4	0.135605
19.41	0.134827
19.42	0.134046
19.43	0.133262
19.44	0.132476
19.45	0.131686
19.46	0.130894
19.47	0.130099
19.48	0.129301
19.49	0.1285
19.5	0.127697
19.51	0.126891
19.52	0.126082
19.53	0.125271
19.54	0.124457
19.55	0.12364
19.56	0.122821
19.57	0.121999
19.58	0.121174
19.59	0.120347
19.6	0.119517
19.61	0.118685
19.62	0.11785
19.63	0.117013
19.64	0.116173
19.65	0.115331
19.66	0.114486
19.67	0.113639
19.68	0.112789
19.69	0.111937
19.7	0.111082
19.71	0.110225
19.72	0.109366
19.73	0.108505
19.74	0.107641
19.75	0.106775
19.76	0.105906
19.77	0.105035
19.78	0.104162
19.79	0.103287
19.8	0.102409
19.81	0.10153
19.82	0.100648
19.83	0.0997638
19.84	0.0988776
19.85	0.0979892
19.86	0.0970988
19.87	0.0962062
19.88	0.0953116
19.89	0.0944149
19.9	0.0935162
19.91	0.0926155
19.92	0.0917127
19.93	0.090808
19.94	0.0899013
19.95	0.0889927
19.96	0.0880822
19.97	0.0871697
19.98	0.0862554
19.99	0.0853391
20	0.0844211
20.01	0.0835012
20.02	0.0825795
20.03	0.081656
20.04	0.0807308
20.05	0.0798038
20.06	0.078875
20.07	0.0779446
20.08	0.0770124
20.09	0.0760786
20.1	0.0751431
20.11	0.074206
20.12	0.0732673
20.13	0.072327
20.14	0.0713851
20.15	0.0704417
20.16	0.0694967
20.17	0.0685502
20.18	0.0676023
20.19	0.0666528
20.2	0.0657019
20.21	0.0647496
20.22	0.0637958
20.23	0.0628407
20.24	0.0618842
20.25	0.0609264
20.26	0.0599672
20.27	0.0590067
20.28	0.0580449
20.29	0.0570819
20.3	0.0561176
20.31	0.0551521
20.32	0.0541853
20.33	0.0532174
20.34	0.0522484
20.35	0.0512782
20.36	0.0503068
20.37	0.0493344
20.38	0.0483609
20.39	0.0473863
20.4	0.0464107
20.41	0.0454341
20.42	0.0444565
20.43	0.0434779
20.44	0.0424984
20.45	0.0415179
20.46	0.0405365
20.47	0.0395542
20.48	0.0385711
20.49	0.0375871
20.5	0.0366023
20.51	0.0356167
20.52	0.0346303
20.53	0.0336432
20.54	0.0326553
20.55	0.0316667
20.56	0.0306774
20.57	0.0296874
20.58	0.0286968
20.59	0.0277056
20.6	0.0267137
20.61	0.0257213
20.62	0.0247283
20.63	0.0237347
20.64	0.0227407
20.65	0.0217461
20.66	0.020751
20.67	0.0197555
20.68	0.0187596
20.69	0.0177632
20.7	0.0167665
20.71	0.0157694
20.72	0.0147719
20.73	0.0137742
20.74	0.0127761
20.75	0.0117777
20.76	0.0107791
20.77	0.00978024
20.78	0.00878117
20.79	0.00778191
20.8	0.00678247
20.81	0.00578288
20.82	0.00478317
20.83	0.00378335
20.84	0.00278345
20.85	0.00178349
20.86	0.000783489
20.87	-0.000216529
20.88	-0.00121654
20.89	-0.00221653
20.9	-0.00321647
20.91	-0.00421634
20.92	-0.00521611
20.93	-0.00621577
20.94	-0.0072153
20.95	-0.00821466
20.96	-0.00921385
20.97	-0.0102128
20.98	-0.0112116
20.99	-0.0122101
21	-0.0132083
21.01	-0.0142063
21.02	-0.0152039
21.03	-0.0162012
21.04	-0.0171982
21.05	-0.0181948
21.06	-0.0191909
21.07	-0.0201867
21.08	-0.021182
21.09	-0.0221768
21.1	-0.0231712
21.11	-0.024165
21.12	-0.0251584
21.13	-0.0261511
21.14	-0.0271433
21.15	-0.0281349
21.16	-0.0291259
21.17	-0.0301162
21.18	-0.0311059
21.19	-0.0320949
21.2	-0.0330832
21.21	-0.0340708
21.22	-0.0350576
21.23	-0.0360436
21.24	-0.0370289
21.25	-0.0380133
21.26	-0.038997
21.27	-0.0399797
21.28	-0.0409616
21.29	-0.0419426
21.3	-0.0429227
21.31	-0.0439018
21.32	-0.04488
21.33	-0.0458572
21.34	-0.0468333
21.35	-0.0478085
21.36	-0.0487826
21.37	-0.0497557
21.38	-0.0507276
21.39	-0.0516985
21.4	-0.0526682
21.41	-0.0536367
21.42	-0.0546041
21.43	-0.0555703
21.44	-0.0565353
21.45	-0.0574991
21.46	-0.0584616
21.47	-0.0594228
21.48	-0.0603827
21.49	-0.0613413
21.5	-0.0622986
21.51	-0.0632545
21.52	-0.064209
21.53	-0.0651622
21.54	-0.0661139
21.55	-0.0670641
21.56	-0.068013
21.57	-0.0689603
21.58	-0.0699061
21.59	-0.0708504
21.6	-0.0717932
21.61	-0.0727344
21.62	-0.073674
21.63	-0.074612
21.64	-0.0755484
21.65	-0.0764832
21.66	-0.0774163
21.67	-0.0783477
21.68	-0.0792774
21.69	-0.0802054
21.7	-0.0811317
21.71	-0.0820562
21.72	-0.0829789
21.73	-0.0838998
21.74	-0.0848189
21.75	-0.0857361
21.76	-0.0866515
21.77	-0.0875651
21.78	-0.0884767
21.79	-0.0893864
21.8	-0.0902942
21.81	-0.0912
21.82	-0.0921039
21.83	-0.0930058
21.84	-0.0939056
21.85	-0.0948035
21.86	-0.0956993
21.87	-0.096593
21.88	-0.0974846
21.89	-0.0983742
21.9	-0.0992616
21.91	-0.100147
21.92	-0.10103
21.93	-0.101911
21.94	-0.10279
21.95	-0.103666
21.96	-0.104541
21.97	-0.105413
21.98	-0.106282
21.99	-0.10715
22	-0.108015
22.01	-0.108878
22.02	-0.109739
22.03	-0.110597
22.04	-0.111453
22.05	-0.112306
22.06	-0.113157
22.07	-0.114006
22.08	-0.114852
22.09	-0.115696
22.1	-0.116537
22.11	-0.117376
22.12	-0.118212
22.13	-0.119046
22.14	-0.119877
22.15	-0.120705
22.16	-0.121532
22.17	-0.122355
22.18	-0.123176
22.19	-0.123994
22.2	-0.12481
22.21	-0.125623
22.22	-0.126433
22.23	-0.12724
22.24	-0.128045
22.25	-0.128847
22.26	-0.129647
22.27	-0.130443
22.28	-0.131237
22.29	-0.132028
22.3	-0.132817
22.31	-0.133602
22.32	-0.134385
22.33	-0.135164
22.34	-0.135941
22.35	-0.136715
22.36	-0.137487
22.37	-0.138255
22.38	-0.13902
22.39	-0.139783
22.4	-0.140542
22.41	-0.141298
22.42	-0.142052
22.43	-0.142802
22.44	-0.14355
22.45	-0.144294
22.46	-0.145036
22.47	-0.145774
22.48	-0.146509
22.49	-0.147242
22.5	-0.147971
22.51	-0.148697
22.52	-0.14942
22.53	-0.150139
22.54	-0.150856
22.55	-0.151569
22.56	-0.15228
22.57	-0.152987
22.58	-0.153691
22.59	-0.154391
22.6	-0.155089
22.61	-0.155783
22.62	-0.156474
22.63	-0.157161
22.64	-0.157846
22.65	-0.158527
22.66	-0.159204
22.67	-0.159879
22.68	-0.16055
22.69	-0.161218
22.7	-0.161882
22.71	-0.162543
22.72	-0.163201
22.73	-0.163855
22.74	-0.164506
22.75	-0.165153
22.76	-0.165797
22.77	-0.166438
22.78	-0.167075
22.79	-0.167708
22.8	-0.168338
22.81	-0.168965
22.82	-0.169588
22.83	-0.170208
22.84	-0.170824
22.85	-0.171437
22.86	-0.172046
22.87	-0.172651
22.88	-0.173253
22.89	-0.173851
22.9	-0.174446
22.91	-0.175037
22.92	-0.175625
22.93	-0.176208
22.94	-0.176789
22.95	-0.177365
22.96	-0.177938
22.97	-0.178508
22.98	-0.179073
22.99	-0.179635
23	-0.180193
23.01	-0.180748
23.02	-0.181299
23.03	-0.181846
23.04	-0.182389
23.05	-0.182929
23.06	-0.183465
23.07	-0.183997
23.08	-0.184525
23.09	-0.18505
23.1	-0.185571
23.11	-0.186088
23.12	-0.186601
23.13	-0.18711
23.14	-0.187616
23.15	-0.188117
23.16	-0.188615
23.17	-0.189109
23.18	-0.189599
23.19	-0.190086
23.2	-0.190568
23.21	-0.191047
23.22	-0.191521
23.23	-0.191992
23.24	-0.192459
23.25	-0.192922
23.26	-0.193381
23.27	-0.193836
23.28	-0.194287
23.29	-0.194734
23.3	-0.195177
23.31	-0.195616
23.32	-0.196052
23.33	-0.196483
23.34	-0.19691
23.35	-0.197334
23.36	-0.197753
23.37	-0.198168
23.38	-0.19858
23.39	-0.198987
23.4	-0.19939
23.41	-0.199789
23.42	-0.200185
23.43	-0.200576
23.44	-0.200963
23.45	-0.201346
23.46	-0.201725
23.47	-0.2021
23.48	-0.20247
23.49	-0.202837
23.5	-0.2032
23.51	-0.203558
23.52	-0.203913
23.53	-0.204263
23.54	-0.204609
23.55	-0.204951
23.56	-0.205289
23.57	-0.205623
23.58	-0.205953
23.59	-0.206278
23.6	-0.2066
23.61	-0.206917
23.62	-0.20723
23.63	-0.207539
23.64	-0.207844
23.65	-0.208144
23.66	-0.208441
23.67	-0.208733
23.68	-0.209021
23.69	-0.209305
23.7	-0.209584
23.71	-0.20986
23.72	-0.210131
23.73	-0.210398
23.74	-0.210661
23.75	-0.210919
23.76	-0.211174
23.77	-0.211424
23.78	-0.21167
23.79	-0.211912
23.8	-0.212149
23.81	-0.212382
23.82	-0.212611
23.83	-0.212836
23.84	-0.213056
23.85	-0.213272
23.86	-0.213484
23.87	-0.213692
23.88	-0.213895
23.89	-0.214095
23.9	-0.214289
23.91	-0.21448
23.92	-0.214666
23.93	-0.214848
23.94	-0.215026
23.95	-0.215199
23.96	-0.215368
23.97	-0.215533
23.98	-0.215694
23.99	-0.21585
24	-0.216002
24.01	-0.21615
24.02	-0.216293
24.03	-0.216432
24.04	-0.216567
24.05	-0.216697
24.06	-0.216823
24.07	-0.216945
24.08	-0.217062
24.09	-0.217176
24.1	-0.217284
24.11	-0.217389
24.12	-0.217489
24.13	-0.217585
24.14	-0.217676
24.15	-0.217763
24.16	-0.217846
24.17	-0.217925
24.18	-0.217999
24.19	-0.218069
24.2	-0.218134
24.21	-0.218195
24.22	-0.218252
24.23	-0.218305
24.24	-0.218353
24.25	-0.218397
24.26	-0.218436
24.27	-0.218471
24.28	-0.218502
24.29	-0.218528
24.3	-0.21855
24.31	-0.218568
24.32	-0.218582
24.33	-0.218591
24.34	-0.218595
24.35	-0.218596
24.36	-0.218592
24.37	-0.218583
24.38	-0.218571
24.39	-0.218554
24.4	-0.218532
24.41	-0.218507
24.42	-0.218476
24.43	-0.218442
24.44	-0.218403
24.45	-0.21836
24.46	-0.218313
24.47	-0.218261
24.48	-0.218205
24.49	-0.218144
24.5	-0.21808
24.51	-0.218011
24.52	-0.217937
24.53	-0.217859
24.54	-0.217777
24.55	-0.217691
24.56	-0.2176
24.57	-0.217505
24.58	-0.217405
24.59	-0.217302
24.6	-0.217193
24.61	-0.217081
24.62	-0.216964
24.63	-0.216843
24.64	-0.216718
24.65	-0.216588
24.66	-0.216454
24.67	-0.216316
24.68	-0.216173
24.69	-0.216026
24.7	-0.215875
24.71	-0.215719
24.72	-0.21556
24.73	-0.215395
24.74	-0.215227
24.75	-0.215054
24.76	-0.214877
24.77	-0.214696
24.78	-0.21451
24.79	-0.21432
24.8	-0.214126
24.81	-0.213928
24.82	-0.213725
24.83	-0.213518
24.84	-0.213307
24.85	-0.213091
24.86	-0.212872
24.87	-0.212648
24.88	-0.212419
24.89	-0.212187
24.9	-0.21195
24.91	-0.211709
24.92	-0.211464
24.93	-0.211215
24.94	-0.210961
24.95	-0.210703
24.96	-0.210441
24.97	-0.210174
24.98	-0.209904
24.99	-0.209629
25	-0.20935
25.01	-0.209067
25.02	-0.20878
25.03	-0.208488
25.04	-0.208192
25.05	-0.207893
25.06	-0.207588
25.07	-0.20728
25.08	-0.206968
25.09	-0.206651
25.1	-0.20633
25.11	-0.206006
25.12	-0.205677
25.13	-0.205343
25.14	-0.205006
25.15	-0.204665
25.16	-0.204319
25.17	-0.20397
25.18	-0.203616
25.19	-0.203258
25.2	-0.202896
25.21	-0.20253
25.22	-0.20216
25.23	-0.201786
25.24	-0.201407
25.25	-0.201025
25.26	-0.200638
25.27	-0.200248
25.28	-0.199853
25.29	-0.199455
25.3	-0.199052
25.31	-0.198646
25.32	-0.198235
25.33	-0.19782
25.34	-0.197402
25.35	-0.196979
25.36	-0.196552
25.37	-0.196122
25.38	-0.195687
25.39	-0.195248
25.4	-0.194806
25.41	-0.194359
25.42	-0.193909
25.43	-0.193454
25.44	-0.192996
25.45	-0.192534
25.46	-0.192068
25.47	-0.191597
25.48	-0.191123
25.49	-0.190646
25.5	-0.190164
25.51	-0.189678
25.52	-0.189189
25.53	-0.188695
25.54	-0.188198
25.55	-0.187697
25.56	-0.187192
25.57	-0.186683
25.58	-0.186171
25.59	-0.185654
25.6	-0.185134
25.61	-0.18461
25.62	-0.184082
25.63	-0.183551
25.64	-0.183016
25.65	-0.182477
25.66	-0.181934
25.67	-0.181387
25.68	-0.180837
25.69	-0.180283
25.7	-0.179725
25.71	-0.179164
25.72	-0.178599
25.73	-0.17803
25.74	-0.177458
25.75	-0.176882
25.76	-0.176302
25.77	-0.175719
25.78	-0.175132
25.79	-0.174542
25.8	-0.173947
25.81	-0.17335
25.82	-0.172748
25.83	-0.172144
25.84	-0.171535
25.85	-0.170923
25.86	-0.170308
25.87	-0.169689
25.88	-0.169066
25.89	-0.16844
25.9	-0.16781
25.91	-0.167177
25.92	-0.166541
25.93	-0.165901
25.94	-0.165257
25.95	-0.164611
25.96	-0.16396
25.97	-0.163307
25.98	-0.162649
25.99	-0.161989
26	-0.161325
26.01	-0.160658
26.02	-0.159987
26.03	-0.159314
26.04	-0.158636
26.05	-0.157956
26.06	-0.157272
26.07	-0.156585
26.08	-0.155895
26.09	-0.155201
26.1	-0.154504
26.11	-0.153804
26.12	-0.153101
26.13	-0.152394
26.14	-0.151684
26.15	-0.150971
26.16	-0.150255
26.17	-0.149536
26.18	-0.148814
26.19	-0.148088
26.2	-0.14736
26.21	-0.146628
26.22	-0.145893
26.23	-0.145155
26.24	-0.144414
26.25	-0.14367
26.26	-0.142923
26.27	-0.142173
26.28	-0.14142
26.29	-0.140664
26.3	-0.139905
26.31	-0.139143
26.32	-0.138379
26.33	-0.137611
26.34	-0.13684
26.35	-0.136067
26.36	-0.13529
26.37	-0.134511
26.38	-0.133729
26.39	-0.132944
26.4	-0.132156
26.41	-0.131365
26.42	-0.130572
26.43	-0.129775
26.44	-0.128977
26.45	-0.128175
26.46	-0.12737
26.47	-0.126563
26.48	-0.125754
26.49	-0.124941
26.5	-0.124126
26.51	-0.123308
26.52	-0.122488
26.53	-0.121665
26.54	-0.120839
26.55	-0.120011
26.56	-0.11918
26.57	-0.118347
26.58	-0.117511
26.59	-0.116673
26.6	-0.115832
26.61	-0.114988
26.62	-0.114143
26.63	-0.113294
26.64	-0.112444
26.65	-0.111591
26.66	-0.110735
26.67	-0.109877
26.68	-0.109017
26.69	-0.108155
26.7	-0.10729
26.71	-0.106423
26.72	-0.105553
26.73	-0.104682
26.74	-0.103808
26.75	-0.102931
26.76	-0.102053
26.77	-0.101172
26.78	-0.10029
26.79	-0.0994047
26.8	-0.0985176
26.81	-0.0976284
26.82	-0.0967371
26.83	-0.0958437
26.84	-0.0949482
26.85	-0.0940507
26.86	-0.0931512
26.87	-0.0922497
26.88	-0.0913461
26.89	-0.0904406
26.9	-0.0895331
26.91	-0.0886237
26.92	-0.0877124
26.93	-0.0867992
26.94	-0.0858841
26.95	-0.0849671
26.96	-0.0840483
26.97	-0.0831277
26.98	-0.0822052
26.99	-0.081281
27	-0.0803551
27.01	-0.0794274
27.02	-0.0784979
27.03	-0.0775668
27.04	-0.076634
27.05	-0.0756995
27.06	-0.0747633
27.07	-0.0738256
27.08	-0.0728862
27.09	-0.0719453
27.1	-0.0710027
27.11	-0.0700587
27.12	-0.0691131
27.13	-0.068166
27.14	-0.0672174
27.15	-0.0662674
27.16	-0.0653159
27.17	-0.064363
27.18	-0.0634087
27.19	-0.062453
27.2	-0.061496
27.21	-0.0605376
27.22	-0.0595779
27.23	-0.0586168
27.24	-0.0576546
27.25	-0.056691
27.26	-0.0557262
27.27	-0.0547602
27.28	-0.053793
27.29	-0.0528246
27.3	-0.0518551
27.31	-0.0508844
27.32	-0.0499126
27.33	-0.0489398
27.34	-0.0479658
27.35	-0.0469908
27.36	-0.0460148
27.37	-0.0450378
27.38	-0.0440598
27.39	-0.0430808
27.4	-0.0421009
27.41	-0.0411201
27.42	-0.0401383
27.43	-0.0391557
27.44	-0.0381722
27.45	-0.0371879
27.46	-0.0362028
27.47	-0.0352168
27.48	-0.0342301
27.49	-0.0332427
27.5	-0.0322545
27.51	-0.0312656
27.52	-0.0302761
27.53	-0.0292858
27.54	-0.028295
27.55	-0.0273035
27.56	-0.0263114
27.57	-0.0253187
27.58	-0.0243255
27.59	-0.0233317
27.6	-0.0223374
27.61	-0.0213426
27.62	-0.0203474
27.63	-0.0193517
27.64	-0.0183556
27.65	-0.0173591
27.66	-0.0163622
27.67	-0.015365
27.68	-0.0143674
27.69	-0.0133695
27.7	-0.0123713
27.71	-0.0113728
27.72	-0.0103741
27.73	-0.00937514
27.74	-0.00837599
27.75	-0.00737665
27.76	-0.00637715
27.77	-0.00537751
27.78	-0.00437775
27.79	-0.0033779
27.8	-0.00237797
27.81	-0.00137799
27.82	-0.000377979
27.83	0.000622041
27.84	0.00162205
27.85	0.00262202
27.86	0.00362193
27.87	0.00462176
27.88	0.00562149
27.89	0.0066211
27.9	0.00762056
27.91	0.00861986
27.92	0.00961896
27.93	0.0106179
27.94	0.0116165
27.95	0.0126149
27.96	0.0136131
27.97	0.0146109
27.98	0.0156084
27.99	0.0166056
28	0.0176024
28.01	0.0185988
28.02	0.0195948
28.03	0.0205903
28.04	0.0215855
28.05	0.0225801
28.06	0.0235743
28.07	0.0245679
28.08	0.025561
28.09	0.0265535
28.1	0.0275455
28.11	0.0285368
28.12	0.0295276
28.13	0.0305176
28.14	0.031507
28.15	0.0324958
28.16	0.0334838
28.17	0.034471
28.18	0.0354575
28.19	0.0364433
28.2	0.0374282
28.21	0.0384123
28.22	0.0393956
28.23	0.040378
28.24	0.0413595
28.25	0.0423401
28.26	0.0433198
28.27	0.0442986
28.28	0.0452763
28.29	0.0462531
28.3	0.0472289
28.31	0.0482036
28.32	0.0491773
28.33	0.0501499
28.34	0.0511214
28.35	0.0520918
28.36	0.0530611
28.37	0.0540292
28.38	0.0549961
28.39	0.0559618
28.4	0.0569263
28.41	0.0578895
28.42	0.0588515
28.43	0.0598122
28.44	0.0607716
28.45	0.0617297
28.46	0.0626864
28.47	0.0636417
28.48	0.0645957
28.49	0.0655483
28.5	0.0664994
28.51	0.0674491
28.52	0.0683973
28.53	0.069344
28.54	0.0702892
28.55	0.0712329
28.56	0.072175
28.57	0.0731156
28.58	0.0740546
28.59	0.074992
28.6	0.0759277
28.61	0.0768618
28.62	0.0777942
28.63	0.0787249
28.64	0.0796539
28.65	0.0805812
28.66	0.0815068
28.67	0.0824305
28.68	0.0833525
28.69	0.0842727
28.7	0.0851911
28.71	0.0861076
28.72	0.0870222
28.73	0.087935
28.74	0.0888458
28.75	0.0897548
28.76	0.0906618
28.77	0.0915668
28.78	0.0924699
28.79	0.0933709
28.8	0.09427
28.81	0.095167
28.82	0.0960619
28.83	0.0969548
28.84	0.0978456
28.85	0.0987343
28.86	0.0996208
28.87	0.100505
28.88	0.101388
28.89	0.102268
28.9	0.103145
28.91	0.104021
28.92	0.104894
28.93	0.105766
28.94	0.106635
28.95	0.107501
28.96	0.108365
28.97	0.109227
28.98	0.110087
28.99	0.110944
29	0.111799
29.01	0.112652
29.02	0.113502
29.03	0.114349
29.04	0.115194
29.05	0.116037
29.06	0.116877
29.07	0.117715
29.08	0.11855
29.09	0.119383
29.1	0.120213
29.11	0.121041
29.12	0.121866
29.13	0.122688
29.14	0.123508
29.15	0.124325
29.16	0.12514
29.17	0.125951
29.18	0.126761
29.19	0.127567
29.2	0.128371
29.21	0.129172
29.22	0.12997
29.23	0.130766
29.24	0.131558
29.25	0.132348
29.26	0.133135
29.27	0.13392
29.28	0.134701
29.29	0.13548
29.3	0.136256
29.31	0.137028
29.32	0.137798
29.33	0.138566
29.34	0.13933
29.35	0.140091
29.36	0.140849
29.37	0.141604
29.38	0.142357
29.39	0.143106
29.4	0.143852
29.41	0.144595
29.42	0.145336
29.43	0.146073
29.44	0.146807
29.45	0.147538
29.46	0.148266
29.47	0.14899
29.48	0.149712
29.49	0.15043
29.5	0.151146
29.51	0.151858
29.52	0.152567
29.53	0.153273
29.54	0.153975
29.55	0.154674
29.56	0.15537
29.57	0.156063
29.58	0.156753
29.59	0.157439
29.6	0.158122
29.61	0.158802
29.62	0.159478
29.63	0.160151
29.64	0.160821
29.65	0.161488
29.66	0.162151
29.67	0.16281
29.68	0.163466
29.69	0.164119
29.7	0.164769
29.71	0.165415
29.72	0.166057
29.73	0.166696
29.74	0.167332
29.75	0.167964
29.76	0.168593
29.77	0.169218
29.78	0.16984
29.79	0.170458
29.8	0.171073
29.81	0.171684
29.82	0.172291
29.83	0.172896
29.84	0.173496
29.85	0.174093
29.86	0.174686
29.87	0.175276
29.88	0.175862
29.89	0.176444
29.9	0.177023
29.91	0.177598
29.92	0.17817
29.93	0.178737
29.94	0.179302
29.95	0.179862
29.96	0.180419
29.97	0.180972
29.98	0.181521
29.99	0.182067
30	0.182609
30.01	0.183147
30.02	0.183681
30.03	0.184212
30.04	0.184738
30.05	0.185261
30.06	0.185781
30.07	0.186296
30.08	0.186808
30.09	0.187316
30.1	0.18782
30.11	0.18832
30.12	0.188816
30.13	0.189308
30.14	0.189797
30.15	0.190282
30.16	0.190763
30.17	0.19124
30.18	0.191713
30.19	0.192182
30.2	0.192647
30.21	0.193108
30.22	0.193566
30.23	0.194019
30.24	0.194469
30.25	0.194914
30.26	0.195356
30.27	0.195793
30.28	0.196227
30.29	0.196657
30.3	0.197082
30.31	0.197504
30.32	0.197922
30.33	0.198336
30.34	0.198745
30.35	0.199151
30.36	0.199553
30.37	0.19995
30.38	0.200344
30.39	0.200733
30.4	0.201119
30.41	0.2015
30.42	0.201877
30.43	0.20225
30.44	0.20262
30.45	0.202985
30.46	0.203346
30.47	0.203703
30.48	0.204055
30.49	0.204404
30.5	0.204748
30.51	0.205089
30.52	0.205425
30.53	0.205757
30.54	0.206085
30.55	0.206409
30.56	0.206729
30.57	0.207044
30.58	0.207356
30.59	0.207663
30.6	0.207966
30.61	0.208265
30.62	0.20856
30.63	0.20885
30.64	0.209137
30.65	0.209419
30.66	0.209697
30.67	0.20997
30.68	0.21024
30.69	0.210505
30.7	0.210766
30.71	0.211023
30.72	0.211276
30.73	0.211524
30.74	0.211768
30.75	0.212008
30.76	0.212244
30.77	0.212476
30.78	0.212703
30.79	0.212926
30.8	0.213144
30.81	0.213359
30.82	0.213569
30.83	0.213775
30.84	0.213977
30.85	0.214174
30.86	0.214367
30.87	0.214556
30.88	0.214741
30.89	0.214921
30.9	0.215097
30.91	0.215268
30.92	0.215436
30.93	0.215599
30.94	0.215758
30.95	0.215912
30.96	0.216062
30.97	0.216208
30.98	0.21635
30.99	0.216487
31	0.21662
31.01	0.216749
31.02	0.216873
31.03	0.216993
31.04	0.217109
31.05	0.21722
31.06	0.217327
31.07	0.21743
31.08	0.217528
31.09	0.217622
31.1	0.217712
31.11	0.217798
31.12	0.217879
31.13	0.217955
31.14	0.218028
31.15	0.218096
31.16	0.21816
31.17	0.218219
31.18	0.218274
31.19	0.218325
31.2	0.218371
31.21	0.218413
31.22	0.218451
31.23	0.218484
31.24	0.218513
31.25	0.218538
31.26	0.218558
31.27	0.218574
31.28	0.218586
31.29	0.218593
31.3	0.218596
31.31	0.218595
31.32	0.218589
31.33	0.218579
31.34	0.218564
31.35	0.218546
31.36	0.218522
31.37	0.218495
31.38	0.218463
31.39	0.218427
31.4	0.218386
31.41	0.218342
31.42	0.218292
31.43	0.218239
31.44	0.218181
31.45	0.218119
31.46	0.218052
31.47	0.217981
31.48	0.217906
31.49	0.217827
31.5	0.217743
31.51	0.217654
31.52	0.217562
31.53	0.217465
31.54	0.217364
31.55	0.217258
31.56	0.217148
31.57	0.217034
31.58	0.216916
31.59	0.216793
31.6	0.216666
31.61	0.216534
31.62	0.216399
31.63	0.216258
31.64	0.216114
31.65	0.215965
31.66	0.215812
31.67	0.215655
31.68	0.215494
31.69	0.215328
31.7	0.215157
31.71	0.214983
31.72	0.214804
31.73	0.214621
31.74	0.214434
31.75	0.214242
31.76	0.214046
31.77	0.213846
31.78	0.213642
31.79	0.213433
31.8	0.21322
31.81	0.213003
31.82	0.212781
31.83	0.212556
31.84	0.212326
31.85	0.212091
31.86	0.211853
31.87	0.21161
31.88	0.211363
31.89	0.211112
31.9	0.210857
31.91	0.210597
31.92	0.210333
31.93	0.210065
31.94	0.209793
31.95	0.209517
31.96	0.209236
31.97	0.208951
31.98	0.208662
31.99	0.208369
32	0.208071
32.01	0.20777
32.02	0.207464
32.03	0.207154
32.04	0.20684
32.05	0.206522
32.06	0.206199
32.07	0.205873
32.08	0.205542
32.09	0.205207
32.1	0.204868
32.11	0.204525
32.12	0.204178
32.13	0.203827
32.14	0.203471
32.15	0.203112
32.16	0.202748
32.17	0.20238
32.18	0.202009
32.19	0.201633
32.2	0.201253
32.21	0.200869
32.22	0.200481
32.23	0.200088
32.24	0.199692
32.25	0.199292
32.26	0.198888
32.27	0.19848
32.28	0.198067
32.29	0.197651
32.3	0.197231
32.31	0.196806
32.32	0.196378
32.33	0.195946
32.34	0.19551
32.35	0.195069
32.36	0.194625
32.37	0.194177
32.38	0.193725
32.39	0.193269
32.4	0.192809
32.41	0.192345
32.42	0.191877
32.43	0.191406
32.44	0.19093
32.45	0.190451
32.46	0.189967
32.47	0.18948
32.48	0.188989
32.49	0.188494
32.5	0.187995
32.51	0.187493
32.52	0.186986
32.53	0.186476
32.54	0.185962
32.55	0.185444
32.56	0.184922
32.57	0.184397
32.58	0.183867
32.59	0.183334
32.6	0.182798
32.61	0.182257
32.62	0.181713
32.63	0.181165
32.64	0.180613
32.65	0.180057
32.66	0.179498
32.67	0.178935
32.68	0.178369
32.69	0.177799
32.7	0.177225
32.71	0.176647
32.72	0.176066
32.73	0.175482
32.74	0.174893
32.75	0.174301
32.76	0.173706
32.77	0.173106
32.78	0.172504
32.79	0.171897
32.8	0.171287
32.81	0.170674
32.82	0.170057
32.83	0.169436
32.84	0.168813
32.85	0.168185
32.86	0.167554
32.87	0.16692
32.88	0.166282
32.89	0.16564
32.9	0.164995
32.91	0.164347
32.92	0.163696
32.93	0.163041
32.94	0.162382
32.95	0.16172
32.96	0.161055
32.97	0.160386
32.98	0.159715
32.99	0.159039
33	0.158361
33.01	0.157679
33.02	0.156994
33.03	0.156305
33.04	0.155614
33.05	0.154919
33.06	0.154221
33.07	0.153519
33.08	0.152814
33.09	0.152107
33.1	0.151396
33.11	0.150681
33.12	0.149964
33.13	0.149243
33.14	0.14852
33.15	0.147793
33.16	0.147063
33.17	0.14633
33.18	0.145594
33.19	0.144855
33.2	0.144113
33.21	0.143368
33.22	0.14262
33.23	0.141868
33.24	0.141114
33.25	0.140357
33.26	0.139597
33.27	0.138834
33.28	0.138068
33.29	0.137299
33.3	0.136527
33.31	0.135752
33.32	0.134974
33.33	0.134194
33.34	0.133411
33.35	0.132624
33.36	0.131835
33.37	0.131044
33.38	0.130249
33.39	0.129452
33.4	0.128652
33.41	0.127849
33.42	0.127043
33.43	0.126235
33.44	0.125424
33.45	0.124611
33.46	0.123795
33.47	0.122976
33.48	0.122154
33.49	0.12133
33.5	0.120503
33.51	0.119674
33.52	0.118842
33.53	0.118008
33.54	0.117171
33.55	0.116332
33.56	0.11549
33.57	0.114646
33.58	0.113799
33.59	0.11295
33.6	0.112098
33.61	0.111244
33.62	0.110388
33.63	0.109529
33.64	0.108668
33.65	0.107804
33.66	0.106938
33.67	0.10607
33.68	0.1052
33.69	0.104327
33.7	0.103453
33.71	0.102575
33.72	0.101696
33.73	0.100815
33.74	0.099931
33.75	0.0990452
33.76	0.0981573
33.77	0.0972672
33.78	0.0963751
33.79	0.0954809
33.8	0.0945846
33.81	0.0936862
33.82	0.0927859
33.83	0.0918835
33.84	0.0909792
33.85	0.0900729
33.86	0.0891646
33.87	0.0882544
33.88	0.0873423
33.89	0.0864283
33.9	0.0855125
33.91	0.0845948
33.92	0.0836752
33.93	0.0827539
33.94	0.0818307
33.95	0.0809058
33.96	0.0799791
33.97	0.0790507
33.98	0.0781206
33.99	0.0771887
34	0.0762552
34.01	0.0753201
34.02	0.0743833
34.03	0.0734449
34.04	0.0725048
34.05	0.0715633
34.06	0.0706201
34.07	0.0696754
34.08	0.0687292
34.09	0.0677815
34.1	0.0668324
34.11	0.0658817
34.12	0.0649297
34.13	0.0639762
34.14	0.0630213
34.15	0.0620651
34.16	0.0611075
34.17	0.0601486
34.18	0.0591883
34.19	0.0582268
34.2	0.057264
34.21	0.0562999
34.22	0.0553346
34.23	0.0543682
34.24	0.0534005
34.25	0.0524316
34.26	0.0514616
34.27	0.0504905
34.28	0.0495183
34.29	0.048545
34.3	0.0475706
34.31	0.0465952
34.32	0.0456188
34.33	0.0446413
34.34	0.0436629
34.35	0.0426836
34.36	0.0417033
34.37	0.0407221
34.38	0.03974
34.39	0.038757
34.4	0.0377732
34.41	0.0367885
34.42	0.0358031
34.43	0.0348168
34.44	0.0338298
34.45	0.0328421
34.46	0.0318536
34.47	0.0308644
34.48	0.0298746
34.49	0.0288841
34.5	0.027893
34.51	0.0269012
34.52	0.0259089
34.53	0.024916
34.54	0.0239225
34.55	0.0229286
34.56	0.0219341
34.57	0.0209391
34.58	0.0199437
34.59	0.0189479
34.6	0.0179516
34.61	0.0169549
34.62	0.0159579
34.63	0.0149605
34.64	0.0139628
34.65	0.0129647
34.66	0.0119664
34.67	0.0109679
34.68	0.00996904
34.69	0.00897001
34.7	0.00797078
34.71	0.00697137
34.72	0.00597181
34.73	0.00497212
34.74	0.00397232
34.75	0.00297244
34.76	0.00197248
34.77	0.000972488
34.78	-2.75293e-05
34.79	-0.00102755
34.8	-0.00202754
34.81	-0.00302749
34.82	-0.00402737
34.83	-0.00502717
34.84	-0.00602685
34.85	-0.0070264
34.86	-0.0080258
34.87	-0.00902502
34.88	-0.010024
34.89	-0.0110228
34.9	-0.0120214
34.91	-0.0130197
34.92	-0.0140177
34.93	-0.0150154
34.94	-0.0160128
34.95	-0.0170098
34.96	-0.0180064
34.97	-0.0190027
34.98	-0.0199985
34.99	-0.0209939
35	-0.0219889
35.01	-0.0229833
35.02	-0.0239773
35.03	-0.0249707
35.04	-0.0259635
35.05	-0.0269558
35.06	-0.0279476
35.07	-0.0289387
35.08	-0.0299291
35.09	-0.0309189
35.1	-0.031908
35.11	-0.0328965
35.12	-0.0338842
35.13	-0.0348711
35.14	-0.0358573
35.15	-0.0368428
35.16	-0.0378274
35.17	-0.0388111
35.18	-0.0397941
35.19	-0.0407761
35.2	-0.0417573
35.21	-0.0427375
35.22	-0.0437168
35.23	-0.0446952
35.24	-0.0456726
35.25	-0.0466489
35.26	-0.0476243
35.27	-0.0485986
35.28	-0.0495718
35.29	-0.050544
35.3	-0.0515151
35.31	-0.052485
35.32	-0.0534538
35.33	-0.0544214
35.34	-0.0553878
35.35	-0.056353
35.36	-0.057317
35.37	-0.0582798
35.38	-0.0592412
35.39	-0.0602014
35.4	-0.0611603
35.41	-0.0621178
35.42	-0.063074
35.43	-0.0640287
35.44	-0.0649821
35.45	-0.0659341
35.46	-0.0668847
35.47	-0.0678338
35.48	-0.0687814
35.49	-0.0697275
35.5	-0.0706721
35.51	-0.0716151
35.52	-0.0725566
35.53	-0.0734966
35.54	-0.0744349
35.55	-0.0753716
35.56	-0.0763067
35.57	-0.0772401
35.58	-0.0781718
35.59	-0.0791018
35.6	-0.0800302
35.61	-0.0809568
35.62	-0.0818816
35.63	-0.0828046
35.64	-0.0837259
35.65	-0.0846453
35.66	-0.0855629
35.67	-0.0864787
35.68	-0.0873926
35.69	-0.0883046
35.7	-0.0892147
35.71	-0.0901228
35.72	-0.091029
35.73	-0.0919332
35.74	-0.0928355
35.75	-0.0937357
35.76	-0.094634
35.77	-0.0955301
35.78	-0.0964243
35.79	-0.0973163
35.8	-0.0982062
35.81	-0.0990941
35.82	-0.0999797
35.83	-0.100863
35.84	-0.101745
35.85	-0.102624
35.86	-0.103501
35.87	-0.104376
35.88	-0.105248
35.89	-0.106118
35.9	-0.106986
35.91	-0.107852
35.92	-0.108715
35.93	-0.109576
35.94	-0.110435
35.95	-0.111291
35.96	-0.112145
35.97	-0.112997
35.98	-0.113846
35.99	-0.114692
36	-0.115536
36.01	-0.116378
36.02	-0.117217
36.03	-0.118054
36.04	-0.118888
36.05	-0.11972
36.06	-0.120549
36.07	-0.121376
36.08	-0.1222
36.09	-0.123021
36.1	-0.12384
36.11	-0.124656
36.12	-0.125469
36.13	-0.12628
36.14	-0.127088
36.15	-0.127893
36.16	-0.128696
36.17	-0.129496
36.18	-0.130293
36.19	-0.131087
36.2	-0.131879
36.21	-0.132668
36.22	-0.133454
36.23	-0.134237
36.24	-0.135017
36.25	-0.135795
36.26	-0.136569
36.27	-0.137341
36.28	-0.13811
36.29	-0.138876
36.3	-0.139639
36.31	-0.140399
36.32	-0.141156
36.33	-0.14191
36.34	-0.142661
36.35	-0.143409
36.36	-0.144154
36.37	-0.144896
36.38	-0.145635
36.39	-0.146371
36.4	-0.147103
36.41	-0.147833
36.42	-0.14856
36.43	-0.149283
36.44	-0.150004
36.45	-0.150721
36.46	-0.151435
36.47	-0.152146
36.48	-0.152853
36.49	-0.153558
36.5	-0.154259
36.51	-0.154957
36.52	-0.155652
36.53	-0.156343
36.54	-0.157032
36.55	-0.157717
36.56	-0.158398
36.57	-0.159077
36.58	-0.159752
36.59	-0.160423
36.6	-0.161092
36.61	-0.161757
36.62	-0.162418
36.63	-0.163077
36.64	-0.163732
36.65	-0.164383
36.66	-0.165031
36.67	-0.165676
36.68	-0.166317
36.69	-0.166955
36.7	-0.167589
36.71	-0.16822
36.72	-0.168847
36.73	-0.169471
36.74	-0.170091
36.75	-0.170708
36.76	-0.171321
36.77	-0.171931
36.78	-0.172537
36.79	-0.173139
36.8	-0.173738
36.81	-0.174334
36.82	-0.174926
36.83	-0.175514
36.84	-0.176098
36.85	-0.176679
36.86	-0.177257
36.87	-0.17783
36.88	-0.1784
36.89	-0.178967
36.9	-0.179529
36.91	-0.180088
36.92	-0.180643
36.93	-0.181195
36.94	-0.181743
36.95	-0.182287
36.96	-0.182827
36.97	-0.183364
36.98	-0.183897
36.99	-0.184426
37	-0.184951
37.01	-0.185472
37.02	-0.18599
37.03	-0.186504
37.04	-0.187014
37.05	-0.18752
37.06	-0.188023
37.07	-0.188521
37.08	-0.189016
37.09	-0.189507
37.1	-0.189994
37.11	-0.190477
37.12	-0.190956
37.13	-0.191432
37.14	-0.191903
37.15	-0.192371
37.16	-0.192835
37.17	-0.193294
37.18	-0.19375
37.19	-0.194202
37.2	-0.19465
37.21	-0.195094
37.22	-0.195534
37.23	-0.19597
37.24	-0.196402
37.25	-0.19683
37.26	-0.197254
37.27	-0.197674
37.28	-0.19809
37.29	-0.198502
37.3	-0.19891
37.31	-0.199314
37.32	-0.199714
37.33	-0.20011
37.34	-0.200502
37.35	-0.20089
37.36	-0.201274
37.37	-0.201653
37.38	-0.202029
37.39	-0.202401
37.4	-0.202768
37.41	-0.203132
37.42	-0.203491
37.43	-0.203846
37.44	-0.204197
37.45	-0.204544
37.46	-0.204887
37.47	-0.205226
37.48	-0.20556
37.49	-0.205891
37.5	-0.206217
37.51	-0.206539
37.52	-0.206857
37.53	-0.207171
37.54	-0.207481
37.55	-0.207786
37.56	-0.208088
37.57	-0.208385
37.58	-0.208678
37.59	-0.208967
37.6	-0.209251
37.61	-0.209532
37.62	-0.209808
37.63	-0.21008
37.64	-0.210348
37.65	-0.210612
37.66	-0.210871
37.67	-0.211126
37.68	-0.211377
37.69	-0.211624
37.7	-0.211866
37.71	-0.212104
37.72	-0.212338
37.73	-0.212568
37.74	-0.212794
37.75	-0.213015
37.76	-0.213232
37.77	-0.213445
37.78	-0.213653
37.79	-0.213857
37.8	-0.214057
37.81	-0.214253
37.82	-0.214444
37.83	-0.214631
37.84	-0.214814
37.85	-0.214993
37.86	-0.215167
37.87	-0.215337
37.88	-0.215503
37.89	-0.215664
37.9	-0.215821
37.91	-0.215974
37.92	-0.216122
37.93	-0.216266
37.94	-0.216406
37.95	-0.216542
37.96	-0.216673
37.97	-0.2168
37.98	-0.216922
37.99	-0.217041
38	-0.217155
38.01	-0.217264
38.02	-0.217369
38.03	-0.21747
38.04	-0.217567
38.05	-0.217659
38.06	-0.217747
38.07	-0.217831
38.08	-0.21791
38.09	-0.217985
38.1	-0.218056
38.11	-0.218122
38.12	-0.218184
38.13	-0.218242
38.14	-0.218295
38.15	-0.218344
38.16	-0.218389
38.17	-0.218429
38.18	-0.218465
38.19	-0.218497
38.2	-0.218524
38.21	-0.218547
38.22	-0.218565
38.23	-0.218579
38.24	-0.218589
38.25	-0.218595
38.26	-0.218596
38.27	-0.218593
38.28	-0.218585
38.29	-0.218573
38.3	-0.218557
38.31	-0.218537
38.32	-0.218512
38.33	-0.218483
38.34	-0.218449
38.35	-0.218411
38.36	-0.218369
38.37	-0.218322
38.38	-0.218271
38.39	-0.218216
38.4	-0.218156
38.41	-0.218092
38.42	-0.218024
38.43	-0.217951
38.44	-0.217874
38.45	-0.217793
38.46	-0.217707
38.47	-0.217617
38.48	-0.217523
38.49	-0.217424
38.5	-0.217322
38.51	-0.217214
38.52	-0.217103
38.53	-0.216987
38.54	-0.216866
38.55	-0.216742
38.56	-0.216613
38.57	-0.21648
38.58	-0.216342
38.59	-0.2162
38.6	-0.216054
38.61	-0.215904
38.62	-0.215749
38.63	-0.21559
38.64	-0.215427
38.65	-0.215259
38.66	-0.215087
38.67	-0.214911
38.68	-0.214731
38.69	-0.214546
38.7	-0.214357
38.71	-0.214163
38.72	-0.213966
38.73	-0.213764
38.74	-0.213558
38.75	-0.213347
38.76	-0.213133
38.77	-0.212914
38.78	-0.21269
38.79	-0.212463
38.8	-0.212231
38.81	-0.211995
38.82	-0.211755
38.83	-0.211511
38.84	-0.211262
38.85	-0.211009
38.86	-0.210752
38.87	-0.210491
38.88	-0.210225
38.89	-0.209955
38.9	-0.209681
38.91	-0.209403
38.92	-0.209121
38.93	-0.208834
38.94	-0.208544
38.95	-0.208249
38.96	-0.20795
38.97	-0.207646
38.98	-0.207339
38.99	-0.207027
39	-0.206711
39.01	-0.206391
39.02	-0.206067
39.03	-0.205739
39.04	-0.205407
39.05	-0.20507
39.06	-0.20473
39.07	-0.204385
39.08	-0.204036
39.09	-0.203683
39.1	-0.203326
39.11	-0.202965
39.12	-0.202599
39.13	-0.20223
39.14	-0.201857
39.15	-0.201479
39.16	-0.201097
39.17	-0.200712
39.18	-0.200322
39.19	-0.199928
39.2	-0.199531
39.21	-0.199129
39.22	-0.198723
39.23	-0.198313
39.24	-0.197899
39.25	-0.197481
39.26	-0.197059
39.27	-0.196633
39.28	-0.196203
39.29	-0.195769
39.3	-0.195332
39.31	-0.19489
39.32	-0.194444
39.33	-0.193994
39.34	-0.193541
39.35	-0.193083
39.36	-0.192621
39.37	-0.192156
39.38	-0.191687
39.39	-0.191213
39.4	-0.190736
39.41	-0.190255
39.42	-0.18977
39.43	-0.189281
39.44	-0.188789
39.45	-0.188292
39.46	-0.187792
39.47	-0.187288
39.48	-0.18678
39.49	-0.186268
39.5	-0.185752
39.51	-0.185233
39.52	-0.18471
39.53	-0.184182
39.54	-0.183652
39.55	-0.183117
39.56	-0.182579
39.57	-0.182037
39.58	-0.181491
39.59	-0.180941
39.6	-0.180388
39.61	-0.179831
39.62	-0.179271
39.63	-0.178706
39.64	-0.178138
39.65	-0.177567
39.66	-0.176991
39.67	-0.176412
39.68	-0.17583
39.69	-0.175243
39.7	-0.174654
39.71	-0.17406
39.72	-0.173463
39.73	-0.172862
39.74	-0.172258
39.75	-0.17165
39.76	-0.171039
39.77	-0.170424
39.78	-0.169806
39.79	-0.169184
39.8	-0.168558
39.81	-0.16793
39.82	-0.167297
39.83	-0.166661
39.84	-0.166022
39.85	-0.165379
39.86	-0.164733
39.87	-0.164083
39.88	-0.16343
39.89	-0.162774
39.9	-0.162114
39.91	-0.161451
39.92	-0.160784
39.93	-0.160114
39.94	-0.159441
39.95	-0.158765
39.96	-0.158085
39.97	-0.157402
39.98	-0.156715
39.99	-0.156025
40	-0.155332
40.01	-0.154636
40.02	-0.153936
40.03	-0.153234
40.04	-0.152528
40.05	-0.151819
40.06	-0.151106
40.07	-0.150391
40.08	-0.149672
40.09	-0.14895
40.1	-0.148226
40.11	-0.147498
40.12	-0.146766
40.13	-0.146032
40.14	-0.145295
40.15	-0.144555
40.16	-0.143811
40.17	-0.143065
40.18	-0.142315
40.19	-0.141563
40.2	-0.140807
40.21	-0.140049
40.22	-0.139288
40.23	-0.138523
40.24	-0.137756
40.25	-0.136986
40.26	-0.136213
40.27	-0.135437
40.28	-0.134658
40.29	-0.133877
40.3	-0.133092
40.31	-0.132305
40.32	-0.131515
40.33	-0.130722
40.34	-0.129926
40.35	-0.129128
40.36	-0.128327
40.37	-0.127523
40.38	-0.126716
40.39	-0.125907
40.4	-0.125095
40.41	-0.12428
40.42	-0.123463
40.43	-0.122643
40.44	-0.12182
40.45	-0.120995
40.46	-0.120168
40.47	-0.119337
40.48	-0.118504
40.49	-0.117669
40.5	-0.116831
40.51	-0.115991
40.52	-0.115148
40.53	-0.114303
40.54	-0.113455
40.55	-0.112605
40.56	-0.111752
40.57	-0.110897
40.58	-0.11004
40.59	-0.10918
40.6	-0.108318
40.61	-0.107453
40.62	-0.106587
40.63	-0.105718
40.64	-0.104846
40.65	-0.103973
40.66	-0.103097
40.67	-0.102219
40.68	-0.101339
40.69	-0.100457
40.7	-0.0995721
40.71	-0.0986854
40.72	-0.0977966
40.73	-0.0969057
40.74	-0.0960127
40.75	-0.0951177
40.76	-0.0942205
40.77	-0.0933214
40.78	-0.0924202
40.79	-0.091517
40.8	-0.0906119
40.81	-0.0897048
40.82	-0.0887958
40.83	-0.0878848
40.84	-0.0869719
40.85	-0.0860572
40.86	-0.0851406
40.87	-0.0842221
40.88	-0.0833018
40.89	-0.0823797
40.9	-0.0814559
40.91	-0.0805302
40.92	-0.0796028
40.93	-0.0786737
40.94	-0.0777429
40.95	-0.0768104
40.96	-0.0758762
40.97	-0.0749404
40.98	-0.0740029
40.99	-0.0730639
41	-0.0721232
41.01	-0.071181
41.02	-0.0702372
41.03	-0.0692919
41.04	-0.0683451
41.05	-0.0673968
41.06	-0.0664471
41.07	-0.0654959
41.08	-0.0645432
41.09	-0.0635892
41.1	-0.0626338
41.11	-0.061677
41.12	-0.0607188
41.13	-0.0597594
41.14	-0.0587986
41.15	-0.0578365
41.16	-0.0568732
41.17	-0.0559087
41.18	-0.0549429
41.19	-0.0539759
41.2	-0.0530077
41.21	-0.0520384
41.22	-0.051068
41.23	-0.0500964
41.24	-0.0491237
41.25	-0.04815
41.26	-0.0471752
41.27	-0.0461994
41.28	-0.0452225
41.29	-0.0442447
41.3	-0.0432659
41.31	-0.0422862
41.32	-0.0413055
41.33	-0.0403239
41.34	-0.0393415
41.35	-0.0383582
41.36	-0.037374
41.37	-0.036389
41.38	-0.0354032
41.39	-0.0344167
41.4	-0.0334294
41.41	-0.0324413
41.42	-0.0314526
41.43	-0.0304631
41.44	-0.029473
41.45	-0.0284823
41.46	-0.0274909
41.47	-0.0264989
41.48	-0.0255063
41.49	-0.0245132
41.5	-0.0235196
41.51	-0.0225254
41.52	-0.0215307
41.53	-0.0205356
41.54	-0.01954
41.55	-0.0185439
41.56	-0.0175475
41.57	-0.0165507
41.58	-0.0155535
41.59	-0.014556
41.6	-0.0135581
41.61	-0.01256
41.62	-0.0115615
41.63	-0.0105629
41.64	-0.00956397
41.65	-0.00856485
41.66	-0.00756554
41.67	-0.00656607
41.68	-0.00556646
41.69	-0.00456672
41.7	-0.00356688
41.71	-0.00256697
41.72	-0.00156699
41.73	-0.000566987
41.74	0.000433033
41.75	0.00143304
41.76	0.00243302
41.77	0.00343295
41.78	0.0044328
41.79	0.00543255
41.8	0.00643218
41.81	0.00743167
41.82	0.008431
41.83	0.00943014
41.84	0.0104291
41.85	0.0114278
41.86	0.0124262
41.87	0.0134244
41.88	0.0144223
41.89	0.0154199
41.9	0.0164171
41.91	0.017414
41.92	0.0184105
41.93	0.0194066
41.94	0.0204022
41.95	0.0213974
41.96	0.0223922
41.97	0.0233864
41.98	0.0243802
41.99	0.0253734
42	0.026366
42.01	0.0273581
42.02	0.0283495
42.03	0.0293404
42.04	0.0303306
42.05	0.0313201
42.06	0.0323089
42.07	0.0332971
42.08	0.0342845
42.09	0.0352711
42.1	0.036257
42.11	0.0372421
42.12	0.0382264
42.13	0.0392098
42.14	0.0401924
42.15	0.0411741
42.16	0.0421549
42.17	0.0431347
42.18	0.0441137
42.19	0.0450916
42.2	0.0460686
42.21	0.0470446
42.22	0.0480195
42.23	0.0489934
42.24	0.0499662
42.25	0.0509379
42.26	0.0519085
42.27	0.052878
42.28	0.0538463
42.29	0.0548134
42.3	0.0557794
42.31	0.0567441
42.32	0.0577076
42.33	0.0586698
42.34	0.0596307
42.35	0.0605904
42.36	0.0615487
42.37	0.0625057
42.38	0.0634613
42.39	0.0644155
42.4	0.0653683
42.41	0.0663197
42.42	0.0672697
42.43	0.0682182
42.44	0.0691652
42.45	0.0701107
42.46	0.0710547
42.47	0.0719971
42.48	0.072938
42.49	0.0738772
42.5	0.0748149
42.51	0.075751
42.52	0.0766854
42.53	0.0776181
42.54	0.0785491
42.55	0.0794785
42.56	0.0804061
42.57	0.081332
42.58	0.0822561
42.59	0.0831784
42.6	0.0840989
42.61	0.0850176
42.62	0.0859345
42.63	0.0868495
42.64	0.0877626
42.65	0.0886738
42.66	0.0895831
42.67	0.0904905
42.68	0.0913959
42.69	0.0922994
42.7	0.0932008
42.71	0.0941002
42.72	0.0949976
42.73	0.095893
42.74	0.0967862
42.75	0.0976774
42.76	0.0985665
42.77	0.0994535
42.78	0.100338
42.79	0.101221
42.8	0.102101
42.81	0.10298
42.82	0.103856
42.83	0.10473
42.84	0.105601
42.85	0.10647
42.86	0.107337
42.87	0.108202
42.88	0.109065
42.89	0.109925
42.9	0.110782
42.91	0.111638
42.92	0.112491
42.93	0.113341
42.94	0.114189
42.95	0.115035
42.96	0.115878
42.97	0.116719
42.98	0.117557
42.99	0.118393
43	0.119226
43.01	0.120056
43.02	0.120885
43.03	0.12171
43.04	0.122533
43.05	0.123353
43.06	0.124171
43.07	0.124986
43.08	0.125798
43.09	0.126608
43.1	0.127415
43.11	0.128219
43.12	0.129021
43.13	0.129819
43.14	0.130615
43.15	0.131409
43.16	0.132199
43.17	0.132987
43.18	0.133772
43.19	0.134554
43.2	0.135333
43.21	0.136109
43.22	0.136883
43.23	0.137653
43.24	0.138421
43.25	0.139185
43.26	0.139947
43.27	0.140706
43.28	0.141462
43.29	0.142215
43.3	0.142965
43.31	0.143711
43.32	0.144455
43.33	0.145196
43.34	0.145934
43.35	0.146668
43.36	0.1474
43.37	0.148128
43.38	0.148854
43.39	0.149576
43.4	0.150295
43.41	0.151011
43.42	0.151723
43.43	0.152433
43.44	0.153139
43.45	0.153843
43.46	0.154542
43.47	0.155239
43.48	0.155933
43.49	0.156623
43.5	0.15731
43.51	0.157993
43.52	0.158674
43.53	0.159351
43.54	0.160024
43.55	0.160695
43.56	0.161362
43.57	0.162025
43.58	0.162686
43.59	0.163343
43.6	0.163996
43.61	0.164646
43.62	0.165293
43.63	0.165936
43.64	0.166576
43.65	0.167212
43.66	0.167845
43.67	0.168474
43.68	0.1691
43.69	0.169723
43.7	0.170342
43.71	0.170957
43.72	0.171569
43.73	0.172177
43.74	0.172782
43.75	0.173383
43.76	0.17398
43.77	0.174574
43.78	0.175165
43.79	0.175751
43.8	0.176334
43.81	0.176914
43.82	0.17749
43.83	0.178062
43.84	0.17863
43.85	0.179195
43.86	0.179756
43.87	0.180314
43.88	0.180868
43.89	0.181418
43.9	0.181964
43.91	0.182506
43.92	0.183045
43.93	0.18358
43.94	0.184112
43.95	0.184639
43.96	0.185163
43.97	0.185683
43.98	0.186199
43.99	0.186711
44	0.18722
44.01	0.187725
44.02	0.188225
44.03	0.188723
44.04	0.189216
44.05	0.189705
44.06	0.19019
44.07	0.190672
44.08	0.19115
44.09	0.191624
44.1	0.192093
44.11	0.192559
44.12	0.193021
44.13	0.19348
44.14	0.193934
44.15	0.194384
44.16	0.19483
44.17	0.195273
44.18	0.195711
44.19	0.196145
44.2	0.196576
44.21	0.197002
44.22	0.197425
44.23	0.197843
44.24	0.198258
44.25	0.198668
44.26	0.199075
44.27	0.199477
44.28	0.199875
44.29	0.20027
44.3	0.20066
44.31	0.201046
44.32	0.201428
44.33	0.201806
44.34	0.20218
44.35	0.20255
44.36	0.202916
44.37	0.203278
44.38	0.203635
44.39	0.203989
44.4	0.204338
44.41	0.204684
44.42	0.205025
44.43	0.205362
44.44	0.205695
44.45	0.206024
44.46	0.206348
44.47	0.206669
44.48	0.206985
44.49	0.207297
44.5	0.207605
44.51	0.207909
44.52	0.208209
44.53	0.208504
44.54	0.208796
44.55	0.209083
44.56	0.209366
44.57	0.209644
44.58	0.209919
44.59	0.210189
44.6	0.210455
44.61	0.210717
44.62	0.210975
44.63	0.211228
44.64	0.211478
44.65	0.211723
44.66	0.211963
44.67	0.2122
44.68	0.212432
44.69	0.21266
44.7	0.212884
44.71	0.213103
44.72	0.213319
44.73	0.21353
44.74	0.213736
44.75	0.213939
44.76	0.214137
44.77	0.214331
44.78	0.214521
44.79	0.214706
44.8	0.214887
44.81	0.215064
44.82	0.215236
44.83	0.215405
44.84	0.215568
44.85	0.215728
44.86	0.215883
44.87	0.216034
44.88	0.216181
44.89	0.216324
44.9	0.216462
44.91	0.216595
44.92	0.216725
44.93	0.21685
44.94	0.216971
44.95	0.217087
44.96	0.2172
44.97	0.217307
44.98	0.217411
44.99	0.21751
45	0.217605
45.01	0.217696
45.02	0.217782
45.03	0.217864
45.04	0.217941
45.05	0.218015
45.06	0.218083
45.07	0.218148
45.08	0.218208
45.09	0.218264
45.1	0.218316
45.11	0.218363
45.12	0.218406
45.13	0.218444
45.14	0.218478
45.15	0.218508
45.16	0.218534
45.17	0.218555
45.18	0.218572
45.19	0.218584
45.2	0.218592
45.21	0.218596
45.22	0.218595
45.23	0.21859
45.24	0.218581
45.25	0.218567
45.26	0.218549
45.27	0.218527
45.28	0.2185
45.29	0.218469
45.3	0.218434
45.31	0.218394
45.32	0.21835
45.33	0.218302
45.34	0.218249
45.35	0.218192
45.36	0.218131
45.37	0.218065
45.38	0.217995
45.39	0.217921
45.4	0.217842
45.41	0.217759
45.42	0.217671
45.43	0.21758
45.44	0.217484
45.45	0.217383
45.46	0.217279
45.47	0.21717
45.48	0.217056
45.49	0.216938
45.5	0.216816
45.51	0.21669
45.52	0.21656
45.53	0.216425
45.54	0.216285
45.55	0.216142
45.56	0.215994
45.57	0.215842
45.58	0.215685
45.59	0.215524
45.6	0.215359
45.61	0.21519
45.62	0.215016
45.63	0.214838
45.64	0.214656
45.65	0.21447
45.66	0.214279
45.67	0.214084
45.68	0.213884
45.69	0.213681
45.7	0.213473
45.71	0.213261
45.72	0.213044
45.73	0.212824
45.74	0.212599
45.75	0.21237
45.76	0.212136
45.77	0.211898
45.78	0.211657
45.79	0.21141
45.8	0.21116
45.81	0.210905
45.82	0.210647
45.83	0.210384
45.84	0.210116
45.85	0.209845
45.86	0.209569
45.87	0.209289
45.88	0.209005
45.89	0.208717
45.9	0.208425
45.91	0.208128
45.92	0.207827
45.93	0.207522
45.94	0.207213
45.95	0.2069
45.96	0.206582
45.97	0.206261
45.98	0.205935
45.99	0.205605
46	0.205271
46.01	0.204933
46.02	0.20459
46.03	0.204244
46.04	0.203893
46.05	0.203539
46.06	0.20318
46.07	0.202817
46.08	0.20245
46.09	0.202079
46.1	0.201704
46.11	0.201325
46.12	0.200942
46.13	0.200554
46.14	0.200163
46.15	0.199768
46.16	0.199368
46.17	0.198965
46.18	0.198557
46.19	0.198146
46.2	0.19773
46.21	0.197311
46.22	0.196887
46.23	0.196459
46.24	0.196028
46.25	0.195592
46.26	0.195153
46.27	0.19471
46.28	0.194262
46.29	0.193811
46.3	0.193356
46.31	0.192896
46.32	0.192433
46.33	0.191966
46.34	0.191495
46.35	0.19102
46.36	0.190542
46.37	0.190059
46.38	0.189573
46.39	0.189082
46.4	0.188588
46.41	0.18809
46.42	0.187588
46.43	0.187082
46.44	0.186573
46.45	0.186059
46.46	0.185542
46.47	0.185021
46.48	0.184496
46.49	0.183968
46.5	0.183435
46.51	0.182899
46.52	0.182359
46.53	0.181816
46.54	0.181269
46.55	0.180718
46.56	0.180163
46.57	0.179604
46.58	0.179042
46.59	0.178476
46.6	0.177907
46.61	0.177334
46.62	0.176757
46.63	0.176176
46.64	0.175592
46.65	0.175005
46.66	0.174413
46.67	0.173818
46.68	0.17322
46.69	0.172618
46.7	0.172012
46.71	0.171403
46.72	0.17079
46.73	0.170174
46.74	0.169554
46.75	0.168931
46.76	0.168304
46.77	0.167674
46.78	0.16704
46.79	0.166403
46.8	0.165762
46.81	0.165118
46.82	0.16447
46.83	0.163819
46.84	0.163165
46.85	0.162507
46.86	0.161846
46.87	0.161181
46.88	0.160513
46.89	0.159842
46.9	0.159167
46.91	0.158489
46.92	0.157808
46.93	0.157124
46.94	0.156436
46.95	0.155745
46.96	0.15505
46.97	0.154353
46.98	0.153652
46.99	0.152948
47	0.152241
47.01	0.15153
47.02	0.150817
47.03	0.1501
47.04	0.14938
47.05	0.148657
47.06	0.147931
47.07	0.147201
47.08	0.146469
47.09	0.145734
47.1	0.144995
47.11	0.144253
47.12	0.143509
47.13	0.142761
47.14	0.142011
47.15	0.141257
47.16	0.1405
47.17	0.139741
47.18	0.138978
47.19	0.138213
47.2	0.137444
47.21	0.136673
47.22	0.135899
47.23	0.135122
47.24	0.134342
47.25	0.133559
47.26	0.132773
47.27	0.131985
47.28	0.131194
47.29	0.1304
47.3	0.129603
47.31	0.128803
47.32	0.128001
47.33	0.127196
47.34	0.126388
47.35	0.125578
47.36	0.124765
47.37	0.123949
47.38	0.123131
47.39	0.12231
47.4	0.121486
47.41	0.12066
47.42	0.119831
47.43	0.119
47.44	0.118166
47.45	0.11733
47.46	0.116491
47.47	0.115649
47.48	0.114805
47.49	0.113959
47.5	0.11311
47.51	0.112259
47.52	0.111406
47.53	0.11055
47.54	0.109691
47.55	0.108831
47.56	0.107968
47.57	0.107102
47.58	0.106235
47.59	0.105365
47.6	0.104493
47.61	0.103618
47.62	0.102741
47.63	0.101863
47.64	0.100981
47.65	0.100098
47.66	0.0992128
47.67	0.0983253
47.68	0.0974356
47.69	0.0965439
47.7	0.09565
47.71	0.0947541
47.72	0.0938562
47.73	0.0929562
47.74	0.0920542
47.75	0.0911503
47.76	0.0902443
47.77	0.0893364
47.78	0.0884266
47.79	0.0875149
47.8	0.0866012
47.81	0.0856857
47.82	0.0847684
47.83	0.0838492
47.84	0.0829282
47.85	0.0820053
47.86	0.0810807
47.87	0.0801544
47.88	0.0792263
47.89	0.0782965
47.9	0.077365
47.91	0.0764318
47.92	0.075497
47.93	0.0745605
47.94	0.0736224
47.95	0.0726826
47.96	0.0717414
47.97	0.0707985
47.98	0.0698541
47.99	0.0689082
48	0.0679608
48.01	0.0670119
48.02	0.0660615
48.03	0.0651098
48.04	0.0641565
48.05	0.0632019
48.06	0.062246
48.07	0.0612886
48.08	0.0603299
48.09	0.0593699
48.1	0.0584086
48.11	0.0574461
48.12	0.0564823
48.13	0.0555172
48.14	0.0545509
48.15	0.0535835
48.16	0.0526148
48.17	0.0516451
48.18	0.0506742
48.19	0.0497021
48.2	0.048729
48.21	0.0477549
48.22	0.0467796
48.23	0.0458034
48.24	0.0448262
48.25	0.0438479
48.26	0.0428688
48.27	0.0418886
48.28	0.0409076
48.29	0.0399257
48.3	0.0389429
48.31	0.0379592
48.32	0.0369747
48.33	0.0359894
48.34	0.0350033
48.35	0.0340164
48.36	0.0330288
48.37	0.0320405
48.38	0.0310515
48.39	0.0300617
48.4	0.0290714
48.41	0.0280804
48.42	0.0270887
48.43	0.0260965
48.44	0.0251037
48.45	0.0241104
48.46	0.0231165
48.47	0.0221221
48.48	0.0211272
48.49	0.0201319
48.5	0.0191361
48.51	0.0181399
48.52	0.0171433
48.53	0.0161464
48.54	0.015149
48.55	0.0141514
48.56	0.0131534
48.57	0.0121551
48.58	0.0111566
48.59	0.0101579
48.6	0.00915886
48.61	0.00815966
48.62	0.00716029
48.63	0.00616075
48.64	0.00516109
48.65	0.00416131
48.66	0.00316143
48.67	0.00216149
48.68	0.0011615
48.69	0.000161487
48.7	-0.000838531
48.71	-0.00183853
48.72	-0.00283849
48.73	-0.00383839
48.74	-0.0048382
48.75	-0.00583791
48.76	-0.00683749
48.77	-0.00783691
48.78	-0.00883617
48.79	-0.00983523
48.8	-0.0108341
48.81	-0.0118327
48.82	-0.012831
48.83	-0.0138291
48.84	-0.0148269
48.85	-0.0158243
48.86	-0.0168214
48.87	-0.0178181
48.88	-0.0188144
48.89	-0.0198103
48.9	-0.0208058
48.91	-0.0218008
48.92	-0.0227954
48.93	-0.0237894
48.94	-0.024783
48.95	-0.0257759
48.96	-0.0267683
48.97	-0.0277602
48.98	-0.0287514
48.99	-0.029742
49	-0.0307319
49.01	-0.0317211
49.02	-0.0327097
49.03	-0.0336976
49.04	-0.0346847
49.05	-0.035671
49.06	-0.0366566
49.07	-0.0376413
49.08	-0.0386253
49.09	-0.0396083
49.1	-0.0405906
49.11	-0.0415719
49.12	-0.0425523
49.13	-0.0435318
49.14	-0.0445103
49.15	-0.0454879
49.16	-0.0464645
49.17	-0.04744
49.18	-0.0484145
49.19	-0.049388
49.2	-0.0503603
49.21	-0.0513316
49.22	-0.0523018
49.23	-0.0532708
49.24	-0.0542386
49.25	-0.0552053
49.26	-0.0561707
49.27	-0.0571349
49.28	-0.0580979
49.29	-0.0590596
49.3	-0.06002
49.31	-0.0609791
49.32	-0.0619369
49.33	-0.0628933
49.34	-0.0638484
49.35	-0.0648021
49.36	-0.0657543
49.37	-0.0667051
49.38	-0.0676545
49.39	-0.0686024
49.4	-0.0695488
49.41	-0.0704937
49.42	-0.071437
49.43	-0.0723788
49.44	-0.073319
49.45	-0.0742577
49.46	-0.0751947
49.47	-0.0761301
49.48	-0.0770638
49.49	-0.0779958
49.5	-0.0789262
49.51	-0.0798548
49.52	-0.0807818
49.53	-0.0817069
49.54	-0.0826303
49.55	-0.0835519
49.56	-0.0844717
49.57	-0.0853897
49.58	-0.0863058
49.59	-0.08722
49.6	-0.0881324
49.61	-0.0890428
49.62	-0.0899513
49.63	-0.0908579
49.64	-0.0917625
49.65	-0.0926651
49.66	-0.0935658
49.67	-0.0944644
49.68	-0.0953609
49.69	-0.0962554
49.7	-0.0971479
49.71	-0.0980382
49.72	-0.0989264
49.73	-0.0998125
49.74	-0.100696
49.75	-0.101578
49.76	-0.102458
49.77	-0.103335
49.78	-0.10421
49.79	-0.105083
49.8	-0.105954
49.81	-0.106822
49.82	-0.107688
49.83	-0.108552
49.84	-0.109414
49.85	-0.110273
49.86	-0.111129
49.87	-0.111984
49.88	-0.112836
49.89	-0.113685
49.9	-0.114532
49.91	-0.115377
49.92	-0.116219
49.93	-0.117059
49.94	-0.117896
49.95	-0.118731
49.96	-0.119563
49.97	-0.120393
49.98	-0.12122
49.99	-0.122044
50	-0.122866
