0	0
0.01	0.001
0.02	0.002
0.03	0.00299998
0.04	0.00399991
0.05	0.00499978
0.06	0.00599956
0.07	0.00699923
0.08	0.00799877
0.09	0.00899815
0.1	0.00999736
0.11	0.0109964
0.12	0.0119952
0.13	0.0129937
0.14	0.013992
0.15	0.01499
0.16	0.0159877
0.17	0.0169851
0.18	0.0179821
0.19	0.0189787
0.2	0.019975
0.21	0.0209708
0.22	0.0219662
0.23	0.0229611
0.24	0.0239556
0.25	0.0249495
0.26	0.0259429
0.27	0.0269358
0.28	0.0279281
0.29	0.0289198
0.3	0.0299109
0.31	0.0309013
0.32	0.0318911
0.33	0.0328803
0.34	0.0338687
0.35	0.0348564
0.36	0.0358434
0.37	0.0368296
0.38	0.037815
0.39	0.0387996
0.4	0.0397834
0.41	0.0407663
0.42	0.0417484
0.43	0.0427295
0.44	0.0437098
0.45	0.0446891
0.46	0.0456674
0.47	0.0466448
0.48	0.0476212
0.49	0.0485966
0.5	0.0495709
0.51	0.0505441
0.52	0.0515163
0.53	0.0524874
0.54	0.0534573
0.55	0.0544261
0.56	0.0553937
0.57	0.0563601
0.58	0.0573254
0.59	0.0582893
0.6	0.0592521
0.61	0.0602136
0.62	0.0611737
0.63	0.0621326
0.64	0.0630901
0.65	0.0640463
0.66	0.0650011
0.67	0.0659545
0.68	0.0669065
0.69	0.067857
0.7	0.0688061
0.71	0.0697537
0.72	0.0706998
0.73	0.0716444
0.74	0.0725875
0.75	0.073529
0.76	0.0744689
0.77	0.0754072
0.78	0.0763439
0.79	0.077279
0.8	0.0782124
0.81	0.0791441
0.82	0.0800742
0.83	0.0810025
0.84	0.081929
0.85	0.0828539
0.86	0.0837769
0.87	0.0846982
0.88	0.0856176
0.89	0.0865352
0.9	0.0874509
0.91	0.0883648
0.92	0.0892768
0.93	0.0901868
0.94	0.091095
0.95	0.0920011
0.96	0.0929054
0.97	0.0938076
0.98	0.0947078
0.99	0.095606
1	0.0965022
1.01	0.0973962
1.02	0.0982882
1.03	0.0991782
1.04	0.100066
1.05	0.100952
1.06	0.101835
1.07	0.102716
1.08	0.103596
1.09	0.104472
1.1	0.105347
1.11	0.10622
1.12	0.10709
1.13	0.107958
1.14	0.108823
1.15	0.109687
1.16	0.110548
1.17	0.111406
1.18	0.112262
1.19	0.113116
1.2	0.113968
1.21	0.114817
1.22	0.115663
1.23	0.116507
1.24	0.117349
1.25	0.118188
1.26	0.119025
1.27	0.119859
1.28	0.12069
1.29	0.121519
1.3	0.122346
1.31	0.12317
1.32	0.123991
1.33	0.12481
1.34	0.125626
1.35	0.126439
1.36	0.12725
1.37	0.128057
1.38	0.128863
1.39	0.129665
1.4	0.130465
1.41	0.131262
1.42	0.132056
1.43	0.132848
1.44	0.133636
1.45	0.134422
1.46	0.135205
1.47	0.135986
1.48	0.136763
1.49	0.137537
1.5	0.138309
1.51	0.139077
1.52	0.139843
1.53	0.140606
1.54	0.141366
1.55	0.142123
1.56	0.142877
1.57	0.143627
1.58	0.144375
1.59	0.14512
1.6	0.145862
1.61	0.146601
1.62	0.147336
1.63	0.148069
1.64	0.148798
1.65	0.149525
1.66	0.150248
1.67	0.150968
1.68	0.151685
1.69	0.152399
1.7	0.153109
1.71	0.153817
1.72	0.154521
1.73	0.155222
1.74	0.15592
1.75	0.156614
1.76	0.157306
1.77	0.157994
1.78	0.158678
1.79	0.15936
1.8	0.160038
1.81	0.160712
1.82	0.161384
1.83	0.162052
1.84	0.162717
1.85	0.163378
1.86	0.164036
1.87	0.16469
1.88	0.165342
1.89	0.165989
1.9	0.166634
1.91	0.167274
1.92	0.167912
1.93	0.168546
1.94	0.169176
1.95	0.169803
1.96	0.170426
1.97	0.171046
1.98	0.171663
1.99	0.172276
2	0.172885
2.01	0.173491
2.02	0.174093
2.03	0.174691
2.04	0.175286
2.05	0.175878
2.06	0.176465
2.07	0.17705
2.08	0.17763
2.09	0.178207
2.1	0.17878
2.11	0.17935
2.12	0.179915
2.13	0.180478
2.14	0.181036
2.15	0.181591
2.16	0.182142
2.17	0.182689
2.18	0.183233
2.19	0.183772
2.2	0.184308
2.21	0.184841
2.22	0.185369
2.23	0.185894
2.24	0.186415
2.25	0.186932
2.26	0.187445
2.27	0.187955
2.28	0.188461
2.29	0.188962
2.3	0.18946
2.31	0.189954
2.32	0.190445
2.33	0.190931
2.34	0.191414
2.35	0.191892
2.36	0.192367
2.37	0.192838
2.38	0.193305
2.39	0.193768
2.4	0.194227
2.41	0.194682
2.42	0.195133
2.43	0.19558
2.44	0.196023
2.45	0.196463
2.46	0.196898
2.47	0.197329
2.48	0.197757
2.49	0.19818
2.5	0.198599
2.51	0.199014
2.52	0.199426
2.53	0.199833
2.54	0.200236
2.55	0.200635
2.56	0.20103
2.57	0.201422
2.58	0.201809
2.59	0.202191
2.6	0.20257
2.61	0.202945
2.62	0.203316
2.63	0.203682
2.64	0.204045
2.65	0.204403
2.66	0.204758
2.67	0.205108
2.68	0.205454
2.69	0.205796
2.7	0.206134
2.71	0.206467
2.72	0.206797
2.73	0.207122
2.74	0.207443
2.75	0.20776
2.76	0.208073
2.77	0.208382
2.78	0.208686
2.79	0.208987
2.8	0.209283
2.81	0.209575
2.82	0.209863
2.83	0.210146
2.84	0.210425
2.85	0.210701
2.86	0.210972
2.87	0.211238
2.88	0.211501
2.89	0.211759
2.9	0.212013
2.91	0.212263
2.92	0.212508
2.93	0.21275
2.94	0.212987
2.95	0.21322
2.96	0.213448
2.97	0.213672
2.98	0.213892
2.99	0.214108
3	0.21432
3.01	0.214527
3.02	0.21473
3.03	0.214928
3.04	0.215123
3.05	0.215313
3.06	0.215499
3.07	0.21568
3.08	0.215857
3.09	0.21603
3.1	0.216199
3.11	0.216363
3.12	0.216523
3.13	0.216679
3.14	0.21683
3.15	0.216977
3.16	0.21712
3.17	0.217258
3.18	0.217392
3.19	0.217522
3.2	0.217648
3.21	0.217769
3.22	0.217885
3.23	0.217998
3.24	0.218106
3.25	0.21821
3.26	0.218309
3.27	0.218404
3.28	0.218495
3.29	0.218582
3.3	0.218664
3.31	0.218741
3.32	0.218815
3.33	0.218884
3.34	0.218948
3.35	0.219009
3.36	0.219065
3.37	0.219116
3.38	0.219164
3.39	0.219207
3.4	0.219245
3.41	0.219279
3.42	0.219309
3.43	0.219335
3.44	0.219356
3.45	0.219373
3.46	0.219385
3.47	0.219393
3.48	0.219397
3.49	0.219396
3.5	0.219391
3.51	0.219382
3.52	0.219368
3.53	0.21935
3.54	0.219328
3.55	0.219301
3.56	0.21927
3.57	0.219234
3.58	0.219194
3.59	0.21915
3.6	0.219102
3.61	0.219049
3.62	0.218992
3.63	0.21893
3.64	0.218864
3.65	0.218794
3.66	0.218719
3.67	0.21864
3.68	0.218557
3.69	0.218469
3.7	0.218377
3.71	0.21828
3.72	0.21818
3.73	0.218075
3.74	0.217965
3.75	0.217851
3.76	0.217733
3.77	0.217611
3.78	0.217484
3.79	0.217353
3.8	0.217218
3.81	0.217078
3.82	0.216934
3.83	0.216786
3.84	0.216633
3.85	0.216476
3.86	0.216314
3.87	0.216149
3.88	0.215979
3.89	0.215805
3.9	0.215626
3.91	0.215443
3.92	0.215256
3.93	0.215065
3.94	0.214869
3.95	0.214669
3.96	0.214464
3.97	0.214256
3.98	0.214043
3.99	0.213826
4	0.213604
4.01	0.213379
4.02	0.213149
4.03	0.212914
4.04	0.212676
4.05	0.212433
4.06	0.212186
4.07	0.211935
4.08	0.211679
4.09	0.21142
4.1	0.211156
4.11	0.210887
4.12	0.210615
4.13	0.210338
4.14	0.210058
4.15	0.209772
4.16	0.209483
4.17	0.20919
4.18	0.208892
4.19	0.20859
4.2	0.208284
4.21	0.207974
4.22	0.207659
4.23	0.207341
4.24	0.207018
4.25	0.206691
4.26	0.20636
4.27	0.206025
4.28	0.205685
4.29	0.205342
4.3	0.204994
4.31	0.204642
4.32	0.204286
4.33	0.203926
4.34	0.203562
4.35	0.203193
4.36	0.202821
4.37	0.202444
4.38	0.202064
4.39	0.201679
4.4	0.20129
4.41	0.200898
4.42	0.200501
4.43	0.2001
4.44	0.199695
4.45	0.199286
4.46	0.198873
4.47	0.198455
4.48	0.198034
4.49	0.197609
4.5	0.19718
4.51	0.196747
4.52	0.19631
4.53	0.195868
4.54	0.195423
4.55	0.194974
4.56	0.194521
4.57	0.194064
4.58	0.193603
4.59	0.193138
4.6	0.192669
4.61	0.192196
4.62	0.19172
4.63	0.191239
4.64	0.190754
4.65	0.190266
4.66	0.189774
4.67	0.189277
4.68	0.188777
4.69	0.188273
4.7	0.187766
4.71	0.187254
4.72	0.186738
4.73	0.186219
4.74	0.185696
4.75	0.185169
4.76	0.184638
4.77	0.184104
4.78	0.183566
4.79	0.183023
4.8	0.182478
4.81	0.181928
4.82	0.181375
4.83	0.180818
4.84	0.180257
4.85	0.179692
4.86	0.179124
4.87	0.178552
4.88	0.177977
4.89	0.177397
4.9	0.176814
4.91	0.176228
4.92	0.175638
4.93	0.175044
4.94	0.174446
4.95	0.173845
4.96	0.173241
4.97	0.172632
4.98	0.17202
4.99	0.171405
5	0.170786
5.01	0.170163
5.02	0.169537
5.03	0.168908
5.04	0.168275
5.05	0.167638
5.06	0.166998
5.07	0.166354
5.08	0.165707
5.09	0.165057
5.1	0.164403
5.11	0.163746
5.12	0.163085
5.13	0.162421
5.14	0.161753
5.15	0.161082
5.16	0.160408
5.17	0.15973
5.18	0.159049
5.19	0.158365
5.2	0.157677
5.21	0.156986
5.22	0.156292
5.23	0.155594
5.24	0.154893
5.25	0.154189
5.26	0.153482
5.27	0.152772
5.28	0.152058
5.29	0.151341
5.3	0.150621
5.31	0.149897
5.32	0.149171
5.33	0.148441
5.34	0.147709
5.35	0.146973
5.36	0.146234
5.37	0.145492
5.38	0.144746
5.39	0.143998
5.4	0.143247
5.41	0.142493
5.42	0.141735
5.43	0.140975
5.44	0.140212
5.45	0.139445
5.46	0.138676
5.47	0.137904
5.48	0.137129
5.49	0.136351
5.5	0.13557
5.51	0.134786
5.52	0.133999
5.53	0.13321
5.54	0.132417
5.55	0.131622
5.56	0.130824
5.57	0.130023
5.58	0.12922
5.59	0.128414
5.6	0.127604
5.61	0.126793
5.62	0.125978
5.63	0.125161
5.64	0.124341
5.65	0.123518
5.66	0.122693
5.67	0.121865
5.68	0.121035
5.69	0.120202
5.7	0.119366
5.71	0.118528
5.72	0.117687
5.73	0.116844
5.74	0.115998
5.75	0.11515
5.76	0.114299
5.77	0.113446
5.78	0.11259
5.79	0.111732
5.8	0.110871
5.81	0.110008
5.82	0.109143
5.83	0.108275
5.84	0.107405
5.85	0.106533
5.86	0.105658
5.87	0.104781
5.88	0.103902
5.89	0.103021
5.9	0.102137
5.91	0.101251
5.92	0.100363
5.93	0.0994727
5.94	0.0985803
5.95	0.0976857
5.96	0.096789
5.97	0.0958901
5.98	0.0949892
5.99	0.0940863
6	0.0931812
6.01	0.0922742
6.02	0.0913651
6.03	0.090454
6.04	0.089541
6.05	0.088626
6.06	0.0877091
6.07	0.0867902
6.08	0.0858695
6.09	0.0849469
6.1	0.0840224
6.11	0.0830961
6.12	0.0821679
6.13	0.081238
6.14	0.0803063
6.15	0.0793728
6.16	0.0784375
6.17	0.0775006
6.18	0.0765619
6.19	0.0756216
6.2	0.0746796
6.21	0.073736
6.22	0.0727907
6.23	0.0718438
6.24	0.0708954
6.25	0.0699454
6.26	0.0689938
6.27	0.0680407
6.28	0.0670861
6.29	0.0661301
6.3	0.0651725
6.31	0.0642136
6.32	0.0632532
6.33	0.0622914
6.34	0.0613282
6.35	0.0603637
6.36	0.0593979
6.37	0.0584307
6.38	0.0574622
6.39	0.0564925
6.4	0.0555215
6.41	0.0545492
6.42	0.0535758
6.43	0.0526011
6.44	0.0516253
6.45	0.0506484
6.46	0.0496703
6.47	0.0486911
6.48	0.0477108
6.49	0.0467294
6.5	0.045747
6.51	0.0447636
6.52	0.0437792
6.53	0.0427938
6.54	0.0418075
6.55	0.0408202
6.56	0.039832
6.57	0.0388429
6.58	0.0378529
6.59	0.0368621
6.6	0.0358704
6.61	0.0348779
6.62	0.0338847
6.63	0.0328907
6.64	0.0318959
6.65	0.0309004
6.66	0.0299043
6.67	0.0289074
6.68	0.0279099
6.69	0.0269118
6.7	0.025913
6.71	0.0249136
6.72	0.0239137
6.73	0.0229133
6.74	0.0219123
6.75	0.0209108
6.76	0.0199088
6.77	0.0189064
6.78	0.0179035
6.79	0.0169002
6.8	0.0158965
6.81	0.0148925
6.82	0.0138881
6.83	0.0128834
6.84	0.0118783
6.85	0.010873
6.86	0.00986744
6.87	0.00886163
6.88	0.00785559
6.89	0.00684937
6.9	0.00584297
6.91	0.00483642
6.92	0.00382974
6.93	0.00282296
6.94	0.00181609
6.95	0.00080916
6.96	-0.00019781
6.97	-0.0012048
6.98	-0.00221178
6.99	-0.00321874
7	-0.00422565
7.01	-0.00523248
7.02	-0.00623923
7.03	-0.00724586
7.04	-0.00825235
7.05	-0.00925869
7.06	-0.0102648
7.07	-0.0112708
7.08	-0.0122765
7.09	-0.013282
7.1	-0.0142872
7.11	-0.0152921
7.12	-0.0162967
7.13	-0.017301
7.14	-0.0183049
7.15	-0.0193084
7.16	-0.0203115
7.17	-0.0213142
7.18	-0.0223165
7.19	-0.0233183
7.2	-0.0243196
7.21	-0.0253203
7.22	-0.0263206
7.23	-0.0273203
7.24	-0.0283194
7.25	-0.0293179
7.26	-0.0303158
7.27	-0.0313131
7.28	-0.0323097
7.29	-0.0333056
7.3	-0.0343008
7.31	-0.0352952
7.32	-0.0362889
7.33	-0.0372819
7.34	-0.038274
7.35	-0.0392653
7.36	-0.0402558
7.37	-0.0412454
7.38	-0.0422342
7.39	-0.043222
7.4	-0.0442089
7.41	-0.0451949
7.42	-0.0461799
7.43	-0.0471639
7.44	-0.0481469
7.45	-0.0491289
7.46	-0.0501098
7.47	-0.0510896
7.48	-0.0520684
7.49	-0.053046
7.5	-0.0540225
7.51	-0.0549978
7.52	-0.055972
7.53	-0.0569449
7.54	-0.0579166
7.55	-0.0588871
7.56	-0.0598563
7.57	-0.0608243
7.58	-0.0617909
7.59	-0.0627562
7.6	-0.0637202
7.61	-0.0646827
7.62	-0.0656439
7.63	-0.0666037
7.64	-0.0675621
7.65	-0.068519
7.66	-0.0694744
7.67	-0.0704283
7.68	-0.0713808
7.69	-0.0723317
7.7	-0.073281
7.71	-0.0742288
7.72	-0.075175
7.73	-0.0761195
7.74	-0.0770625
7.75	-0.0780037
7.76	-0.0789433
7.77	-0.0798812
7.78	-0.0808174
7.79	-0.0817519
7.8	-0.0826846
7.81	-0.0836155
7.82	-0.0845447
7.83	-0.085472
7.84	-0.0863975
7.85	-0.0873212
7.86	-0.088243
7.87	-0.0891628
7.88	-0.0900808
7.89	-0.0909969
7.9	-0.091911
7.91	-0.0928231
7.92	-0.0937333
7.93	-0.0946414
7.94	-0.0955475
7.95	-0.0964516
7.96	-0.0973536
7.97	-0.0982536
7.98	-0.0991514
7.99	-0.100047
8	-0.100941
8.01	-0.101832
8.02	-0.102721
8.03	-0.103608
8.04	-0.104493
8.05	-0.105376
8.06	-0.106256
8.07	-0.107134
8.08	-0.10801
8.09	-0.108884
8.1	-0.109755
8.11	-0.110624
8.12	-0.11149
8.13	-0.112355
8.14	-0.113216
8.15	-0.114076
8.16	-0.114933
8.17	-0.115787
8.18	-0.116639
8.19	-0.117489
8.2	-0.118336
8.21	-0.11918
8.22	-0.120022
8.23	-0.120862
8.24	-0.121699
8.25	-0.122533
8.26	-0.123365
8.27	-0.124194
8.28	-0.12502
8.29	-0.125844
8.3	-0.126665
8.31	-0.127484
8.32	-0.1283
8.33	-0.129113
8.34	-0.129923
8.35	-0.130731
8.36	-0.131536
8.37	-0.132338
8.38	-0.133137
8.39	-0.133934
8.4	-0.134727
8.41	-0.135518
8.42	-0.136306
8.43	-0.137091
8.44	-0.137874
8.45	-0.138653
8.46	-0.139429
8.47	-0.140203
8.48	-0.140973
8.49	-0.141741
8.5	-0.142506
8.51	-0.143267
8.52	-0.144026
8.53	-0.144781
8.54	-0.145534
8.55	-0.146284
8.56	-0.14703
8.57	-0.147773
8.58	-0.148514
8.59	-0.149251
8.6	-0.149985
8.61	-0.150716
8.62	-0.151444
8.63	-0.152168
8.64	-0.15289
8.65	-0.153608
8.66	-0.154323
8.67	-0.155035
8.68	-0.155743
8.69	-0.156449
8.7	-0.157151
8.71	-0.15785
8.72	-0.158545
8.73	-0.159237
8.74	-0.159926
8.75	-0.160612
8.76	-0.161294
8.77	-0.161973
8.78	-0.162649
8.79	-0.163321
8.8	-0.16399
8.81	-0.164655
8.82	-0.165317
8.83	-0.165976
8.84	-0.166631
8.85	-0.167283
8.86	-0.167931
8.87	-0.168576
8.88	-0.169217
8.89	-0.169855
8.9	-0.170489
8.91	-0.17112
8.92	-0.171747
8.93	-0.172371
8.94	-0.172991
8.95	-0.173608
8.96	-0.174221
8.97	-0.17483
8.98	-0.175436
8.99	-0.176038
9	-0.176637
9.01	-0.177232
9.02	-0.177823
9.03	-0.178411
9.04	-0.178995
9.05	-0.179575
9.06	-0.180152
9.07	-0.180725
9.08	-0.181294
9.09	-0.18186
9.1	-0.182421
9.11	-0.182979
9.12	-0.183534
9.13	-0.184084
9.14	-0.184631
9.15	-0.185174
9.16	-0.185714
9.17	-0.186249
9.18	-0.186781
9.19	-0.187309
9.2	-0.187833
9.21	-0.188353
9.22	-0.18887
9.23	-0.189382
9.24	-0.189891
9.25	-0.190396
9.26	-0.190897
9.27	-0.191394
9.28	-0.191887
9.29	-0.192376
9.3	-0.192862
9.31	-0.193343
9.32	-0.193821
9.33	-0.194294
9.34	-0.194764
9.35	-0.19523
9.36	-0.195692
9.37	-0.196149
9.38	-0.196603
9.39	-0.197053
9.4	-0.197499
9.41	-0.197941
9.42	-0.198379
9.43	-0.198813
9.44	-0.199243
9.45	-0.199668
9.46	-0.20009
9.47	-0.200508
9.48	-0.200922
9.49	-0.201331
9.5	-0.201737
9.51	-0.202139
9.52	-0.202536
9.53	-0.202929
9.54	-0.203319
9.55	-0.203704
9.56	-0.204085
9.57	-0.204462
9.58	-0.204835
9.59	-0.205204
9.6	-0.205568
9.61	-0.205929
9.62	-0.206285
9.63	-0.206638
9.64	-0.206986
9.65	-0.20733
9.66	-0.207669
9.67	-0.208005
9.68	-0.208337
9.69	-0.208664
9.7	-0.208987
9.71	-0.209306
9.72	-0.209621
9.73	-0.209931
9.74	-0.210237
9.75	-0.21054
9.76	-0.210837
9.77	-0.211131
9.78	-0.211421
9.79	-0.211706
9.8	-0.211987
9.81	-0.212264
9.82	-0.212536
9.83	-0.212804
9.84	-0.213068
9.85	-0.213328
9.86	-0.213584
9.87	-0.213835
9.88	-0.214082
9.89	-0.214325
9.9	-0.214563
9.91	-0.214797
9.92	-0.215027
9.93	-0.215253
9.94	-0.215474
9.95	-0.215691
9.96	-0.215904
9.97	-0.216112
9.98	-0.216316
9.99	-0.216516
10	-0.216712
10.01	-0.216903
10.02	-0.21709
10.03	-0.217272
10.04	-0.217451
10.05	-0.217625
10.06	-0.217794
10.07	-0.217959
10.08	-0.21812
10.09	-0.218277
10.1	-0.218429
10.11	-0.218577
10.12	-0.218721
10.13	-0.21886
10.14	-0.218995
10.15	-0.219125
10.16	-0.219252
10.17	-0.219373
10.18	-0.219491
10.19	-0.219604
10.2	-0.219713
10.21	-0.219817
10.22	-0.219917
10.23	-0.220013
10.24	-0.220104
10.25	-0.220191
10.26	-0.220274
10.27	-0.220352
10.28	-0.220426
10.29	-0.220495
10.3	-0.22056
10.31	-0.220621
10.32	-0.220677
10.33	-0.220729
10.34	-0.220777
10.35	-0.22082
10.36	-0.220859
10.37	-0.220893
10.38	-0.220923
10.39	-0.220949
10.4	-0.22097
10.41	-0.220987
10.42	-0.221
10.43	-0.221008
10.44	-0.221012
10.45	-0.221011
10.46	-0.221006
10.47	-0.220997
10.48	-0.220983
10.49	-0.220965
10.5	-0.220942
10.51	-0.220915
10.52	-0.220884
10.53	-0.220848
10.54	-0.220808
10.55	-0.220764
10.56	-0.220715
10.57	-0.220662
10.58	-0.220604
10.59	-0.220542
10.6	-0.220476
10.61	-0.220405
10.62	-0.22033
10.63	-0.220251
10.64	-0.220167
10.65	-0.220079
10.66	-0.219986
10.67	-0.219889
10.68	-0.219788
10.69	-0.219682
10.7	-0.219572
10.71	-0.219458
10.72	-0.219339
10.73	-0.219216
10.74	-0.219088
10.75	-0.218957
10.76	-0.21882
10.77	-0.21868
10.78	-0.218535
10.79	-0.218386
10.8	-0.218232
10.81	-0.218074
10.82	-0.217912
10.83	-0.217745
10.84	-0.217574
10.85	-0.217399
10.86	-0.21722
10.87	-0.217036
10.88	-0.216848
10.89	-0.216655
10.9	-0.216458
10.91	-0.216257
10.92	-0.216051
10.93	-0.215842
10.94	-0.215628
10.95	-0.215409
10.96	-0.215186
10.97	-0.214959
10.98	-0.214728
10.99	-0.214493
11	-0.214253
11.01	-0.214008
11.02	-0.21376
11.03	-0.213507
11.04	-0.21325
11.05	-0.212989
11.06	-0.212724
11.07	-0.212454
11.08	-0.21218
11.09	-0.211902
11.1	-0.211619
11.11	-0.211332
11.12	-0.211042
11.13	-0.210746
11.14	-0.210447
11.15	-0.210143
11.16	-0.209835
11.17	-0.209523
11.18	-0.209207
11.19	-0.208887
11.2	-0.208562
11.21	-0.208233
11.22	-0.2079
11.23	-0.207563
11.24	-0.207221
11.25	-0.206876
11.26	-0.206526
11.27	-0.206172
11.28	-0.205814
11.29	-0.205452
11.3	-0.205086
11.31	-0.204715
11.32	-0.204341
11.33	-0.203962
11.34	-0.203579
11.35	-0.203192
11.36	-0.202801
11.37	-0.202406
11.38	-0.202007
11.39	-0.201603
11.4	-0.201196
11.41	-0.200785
11.42	-0.200369
11.43	-0.19995
11.44	-0.199526
11.45	-0.199098
11.46	-0.198667
11.47	-0.198231
11.48	-0.197791
11.49	-0.197347
11.5	-0.196899
11.51	-0.196448
11.52	-0.195992
11.53	-0.195532
11.54	-0.195068
11.55	-0.194601
11.56	-0.194129
11.57	-0.193653
11.58	-0.193174
11.59	-0.19269
11.6	-0.192203
11.61	-0.191712
11.62	-0.191216
11.63	-0.190717
11.64	-0.190214
11.65	-0.189707
11.66	-0.189196
11.67	-0.188682
11.68	-0.188163
11.69	-0.187641
11.7	-0.187115
11.71	-0.186584
11.72	-0.186051
11.73	-0.185513
11.74	-0.184971
11.75	-0.184426
11.76	-0.183877
11.77	-0.183324
11.78	-0.182767
11.79	-0.182207
11.8	-0.181643
11.81	-0.181075
11.82	-0.180503
11.83	-0.179928
11.84	-0.179349
11.85	-0.178766
11.86	-0.17818
11.87	-0.17759
11.88	-0.176996
11.89	-0.176398
11.9	-0.175797
11.91	-0.175193
11.92	-0.174584
11.93	-0.173972
11.94	-0.173357
11.95	-0.172737
11.96	-0.172115
11.97	-0.171488
11.98	-0.170859
11.99	-0.170225
12	-0.169588
12.01	-0.168948
12.02	-0.168304
12.03	-0.167656
12.04	-0.167005
12.05	-0.166351
12.06	-0.165693
12.07	-0.165031
12.08	-0.164367
12.09	-0.163698
12.1	-0.163027
12.11	-0.162352
12.12	-0.161673
12.13	-0.160991
12.14	-0.160306
12.15	-0.159618
12.16	-0.158926
12.17	-0.15823
12.18	-0.157532
12.19	-0.15683
12.2	-0.156125
12.21	-0.155416
12.22	-0.154705
12.23	-0.15399
12.24	-0.153272
12.25	-0.15255
12.26	-0.151826
12.27	-0.151098
12.28	-0.150367
12.29	-0.149633
12.3	-0.148895
12.31	-0.148155
12.32	-0.147411
12.33	-0.146665
12.34	-0.145915
12.35	-0.145162
12.36	-0.144406
12.37	-0.143647
12.38	-0.142885
12.39	-0.14212
12.4	-0.141352
12.41	-0.140581
12.42	-0.139807
12.43	-0.13903
12.44	-0.13825
12.45	-0.137467
12.46	-0.136681
12.47	-0.135892
12.48	-0.1351
12.49	-0.134306
12.5	-0.133509
12.51	-0.132708
12.52	-0.131905
12.53	-0.131099
12.54	-0.130291
12.55	-0.129479
12.56	-0.128665
12.57	-0.127848
12.58	-0.127028
12.59	-0.126206
12.6	-0.125381
12.61	-0.124553
12.62	-0.123723
12.63	-0.122889
12.64	-0.122054
12.65	-0.121215
12.66	-0.120374
12.67	-0.119531
12.68	-0.118685
12.69	-0.117836
12.7	-0.116985
12.71	-0.116131
12.72	-0.115275
12.73	-0.114416
12.74	-0.113555
12.75	-0.112691
12.76	-0.111825
12.77	-0.110957
12.78	-0.110086
12.79	-0.109212
12.8	-0.108337
12.81	-0.107459
12.82	-0.106579
12.83	-0.105696
12.84	-0.104811
12.85	-0.103924
12.86	-0.103034
12.87	-0.102143
12.88	-0.101249
12.89	-0.100353
12.9	-0.0994546
12.91	-0.0985542
12.92	-0.0976517
12.93	-0.096747
12.94	-0.0958402
12.95	-0.0949314
12.96	-0.0940204
12.97	-0.0931075
12.98	-0.0921925
12.99	-0.0912754
13	-0.0903564
13.01	-0.0894354
13.02	-0.0885125
13.03	-0.0875876
13.04	-0.0866608
13.05	-0.0857322
13.06	-0.0848016
13.07	-0.0838692
13.08	-0.0829349
13.09	-0.0819989
13.1	-0.081061
13.11	-0.0801214
13.12	-0.0791799
13.13	-0.0782368
13.14	-0.0772919
13.15	-0.0763454
13.16	-0.0753972
13.17	-0.0744473
13.18	-0.0734957
13.19	-0.0725426
13.2	-0.0715878
13.21	-0.0706315
13.22	-0.0696736
13.23	-0.0687142
13.24	-0.0677533
13.25	-0.0667908
13.26	-0.0658269
13.27	-0.0648616
13.28	-0.0638948
13.29	-0.0629265
13.3	-0.0619569
13.31	-0.060986
13.32	-0.0600136
13.33	-0.05904
13.34	-0.058065
13.35	-0.0570888
13.36	-0.0561112
13.37	-0.0551325
13.38	-0.0541525
13.39	-0.0531713
13.4	-0.0521889
13.41	-0.0512053
13.42	-0.0502207
13.43	-0.0492348
13.44	-0.0482479
13.45	-0.04726
13.46	-0.0462709
13.47	-0.0452809
13.48	-0.0442898
13.49	-0.0432977
13.5	-0.0423047
13.51	-0.0413107
13.52	-0.0403158
13.53	-0.0393199
13.54	-0.0383232
13.55	-0.0373257
13.56	-0.0363273
13.57	-0.035328
13.58	-0.034328
13.59	-0.0333272
13.6	-0.0323257
13.61	-0.0313234
13.62	-0.0303204
13.63	-0.0293167
13.64	-0.0283124
13.65	-0.0273074
13.66	-0.0263018
13.67	-0.0252956
13.68	-0.0242888
13.69	-0.0232815
13.7	-0.0222736
13.71	-0.0212652
13.72	-0.0202564
13.73	-0.019247
13.74	-0.0182372
13.75	-0.017227
13.76	-0.0162164
13.77	-0.0152054
13.78	-0.0141941
13.79	-0.0131824
13.8	-0.0121704
13.81	-0.0111582
13.82	-0.0101456
13.83	-0.00913285
13.84	-0.00811983
13.85	-0.00710662
13.86	-0.00609323
13.87	-0.00507969
13.88	-0.00406601
13.89	-0.00305222
13.9	-0.00203834
13.91	-0.00102439
13.92	-1.0398e-05
13.93	0.00100362
13.94	0.00201763
13.95	0.00303162
13.96	0.00404557
13.97	0.00505946
13.98	0.00607325
13.99	0.00708693
14	0.00810048
14.01	0.00911387
14.02	0.0101271
14.03	0.0111401
14.04	0.0121529
14.05	0.0131654
14.06	0.0141777
14.07	0.0151897
14.08	0.0162014
14.09	0.0172127
14.1	0.0182237
14.11	0.0192343
14.12	0.0202445
14.13	0.0212543
14.14	0.0222637
14.15	0.0232726
14.16	0.024281
14.17	0.0252888
14.18	0.0262962
14.19	0.027303
14.2	0.0283092
14.21	0.0293148
14.22	0.0303198
14.23	0.0313241
14.24	0.0323278
14.25	0.0333308
14.26	0.0343331
14.27	0.0353347
14.28	0.0363355
14.29	0.0373355
14.3	0.0383347
14.31	0.0393331
14.32	0.0403307
14.33	0.0413274
14.34	0.0423233
14.35	0.0433182
14.36	0.0443122
14.37	0.0453052
14.38	0.0462973
14.39	0.0472884
14.4	0.0482785
14.41	0.0492675
14.42	0.0502555
14.43	0.0512424
14.44	0.0522282
14.45	0.0532129
14.46	0.0541964
14.47	0.0551788
14.48	0.05616
14.49	0.05714
14.5	0.0581188
14.51	0.0590963
14.52	0.0600725
14.53	0.0610475
14.54	0.0620212
14.55	0.0629935
14.56	0.0639644
14.57	0.064934
14.58	0.0659022
14.59	0.066869
14.6	0.0678344
14.61	0.0687982
14.62	0.0697607
14.63	0.0707216
14.64	0.071681
14.65	0.0726388
14.66	0.0735951
14.67	0.0745498
14.68	0.075503
14.69	0.0764545
14.7	0.0774043
14.71	0.0783525
14.72	0.079299
14.73	0.0802439
14.74	0.0811869
14.75	0.0821283
14.76	0.0830679
14.77	0.0840057
14.78	0.0849417
14.79	0.0858759
14.8	0.0868083
14.81	0.0877388
14.82	0.0886674
14.83	0.0895941
14.84	0.0905189
14.85	0.0914417
14.86	0.0923626
14.87	0.0932816
14.88	0.0941985
14.89	0.0951134
14.9	0.0960263
14.91	0.0969371
14.92	0.0978459
14.93	0.0987526
14.94	0.0996571
14.95	0.10056
14.96	0.10146
14.97	0.102358
14.98	0.103254
14.99	0.104148
15	0.105039
15.01	0.105928
15.02	0.106815
15.03	0.1077
15.04	0.108583
15.05	0.109463
15.06	0.110341
15.07	0.111216
15.08	0.112089
15.09	0.11296
15.1	0.113828
15.11	0.114694
15.12	0.115557
15.13	0.116418
15.14	0.117277
15.15	0.118133
15.16	0.118986
15.17	0.119837
15.18	0.120686
15.19	0.121532
15.2	0.122375
15.21	0.123216
15.22	0.124054
15.23	0.12489
15.24	0.125722
15.25	0.126553
15.26	0.12738
15.27	0.128205
15.28	0.129027
15.29	0.129846
15.3	0.130663
15.31	0.131477
15.32	0.132288
15.33	0.133096
15.34	0.133902
15.35	0.134705
15.36	0.135505
15.37	0.136302
15.38	0.137096
15.39	0.137887
15.4	0.138675
15.41	0.139461
15.42	0.140243
15.43	0.141023
15.44	0.141799
15.45	0.142573
15.46	0.143344
15.47	0.144111
15.48	0.144876
15.49	0.145638
15.5	0.146396
15.51	0.147152
15.52	0.147904
15.53	0.148653
15.54	0.149399
15.55	0.150143
15.56	0.150882
15.57	0.151619
15.58	0.152353
15.59	0.153083
15.6	0.15381
15.61	0.154535
15.62	0.155255
15.63	0.155973
15.64	0.156687
15.65	0.157398
15.66	0.158106
15.67	0.158811
15.68	0.159512
15.69	0.16021
15.7	0.160904
15.71	0.161595
15.72	0.162283
15.73	0.162968
15.74	0.163649
15.75	0.164327
15.76	0.165001
15.77	0.165672
15.78	0.166339
15.79	0.167003
15.8	0.167664
15.81	0.168321
15.82	0.168975
15.83	0.169625
15.84	0.170272
15.85	0.170915
15.86	0.171554
15.87	0.17219
15.88	0.172823
15.89	0.173452
15.9	0.174077
15.91	0.174699
15.92	0.175317
15.93	0.175932
15.94	0.176543
15.95	0.17715
15.96	0.177754
15.97	0.178354
15.98	0.178951
15.99	0.179543
16	0.180132
16.01	0.180718
16.02	0.181299
16.03	0.181877
16.04	0.182452
16.05	0.183022
16.06	0.183589
16.07	0.184152
16.08	0.184711
16.09	0.185267
16.1	0.185818
16.11	0.186366
16.12	0.18691
16.13	0.187451
16.14	0.187987
16.15	0.18852
16.16	0.189049
16.17	0.189573
16.18	0.190095
16.19	0.190612
16.2	0.191125
16.21	0.191635
16.22	0.19214
16.23	0.192642
16.24	0.19314
16.25	0.193633
16.26	0.194123
16.27	0.194609
16.28	0.195091
16.29	0.195569
16.3	0.196044
16.31	0.196514
16.32	0.19698
16.33	0.197442
16.34	0.1979
16.35	0.198354
16.36	0.198805
16.37	0.199251
16.38	0.199693
16.39	0.200131
16.4	0.200565
16.41	0.200995
16.42	0.201421
16.43	0.201843
16.44	0.202261
16.45	0.202675
16.46	0.203084
16.47	0.20349
16.48	0.203891
16.49	0.204289
16.5	0.204682
16.51	0.205071
16.52	0.205456
16.53	0.205837
16.54	0.206214
16.55	0.206587
16.56	0.206955
16.57	0.207319
16.58	0.20768
16.59	0.208036
16.6	0.208388
16.61	0.208735
16.62	0.209079
16.63	0.209418
16.64	0.209753
16.65	0.210084
16.66	0.210411
16.67	0.210733
16.68	0.211052
16.69	0.211366
16.7	0.211675
16.71	0.211981
16.72	0.212282
16.73	0.21258
16.74	0.212872
16.75	0.213161
16.76	0.213445
16.77	0.213726
16.78	0.214001
16.79	0.214273
16.8	0.21454
16.81	0.214803
16.82	0.215062
16.83	0.215317
16.84	0.215567
16.85	0.215813
16.86	0.216054
16.87	0.216292
16.88	0.216525
16.89	0.216753
16.9	0.216978
16.91	0.217198
16.92	0.217414
16.93	0.217625
16.94	0.217832
16.95	0.218035
16.96	0.218233
16.97	0.218427
16.98	0.218617
16.99	0.218802
17	0.218984
17.01	0.21916
17.02	0.219333
17.03	0.219501
17.04	0.219664
17.05	0.219824
17.06	0.219978
17.07	0.220129
17.08	0.220275
17.09	0.220417
17.1	0.220554
17.11	0.220688
17.12	0.220816
17.13	0.220941
17.14	0.221061
17.15	0.221176
17.16	0.221287
17.17	0.221394
17.18	0.221497
17.19	0.221595
17.2	0.221688
17.21	0.221777
17.22	0.221862
17.23	0.221943
17.24	0.222019
17.25	0.22209
17.26	0.222158
17.27	0.222221
17.28	0.222279
17.29	0.222333
17.3	0.222383
17.31	0.222428
17.32	0.222469
17.33	0.222505
17.34	0.222537
17.35	0.222565
17.36	0.222588
17.37	0.222607
17.38	0.222621
17.39	0.222631
17.4	0.222637
17.41	0.222638
17.42	0.222635
17.43	0.222627
17.44	0.222615
17.45	0.222599
17.46	0.222578
17.47	0.222553
17.48	0.222523
17.49	0.222489
17.5	0.222451
17.51	0.222408
17.52	0.22236
17.53	0.222309
17.54	0.222253
17.55	0.222192
17.56	0.222127
17.57	0.222058
17.58	0.221984
17.59	0.221906
17.6	0.221824
17.61	0.221737
17.62	0.221645
17.63	0.22155
17.64	0.22145
17.65	0.221345
17.66	0.221236
17.67	0.221123
17.68	0.221005
17.69	0.220883
17.7	0.220757
17.71	0.220626
17.72	0.220491
17.73	0.220351
17.74	0.220208
17.75	0.220059
17.76	0.219907
17.77	0.21975
17.78	0.219588
17.79	0.219422
17.8	0.219252
17.81	0.219078
17.82	0.218899
17.83	0.218716
17.84	0.218528
17.85	0.218336
17.86	0.21814
17.87	0.21794
17.88	0.217735
17.89	0.217525
17.9	0.217312
17.91	0.217094
17.92	0.216872
17.93	0.216645
17.94	0.216414
17.95	0.216179
17.96	0.21594
17.97	0.215696
17.98	0.215448
17.99	0.215195
18	0.214939
18.01	0.214678
18.02	0.214413
18.03	0.214143
18.04	0.213869
18.05	0.213591
18.06	0.213309
18.07	0.213022
18.08	0.212731
18.09	0.212436
18.1	0.212137
18.11	0.211833
18.12	0.211525
18.13	0.211213
18.14	0.210896
18.15	0.210576
18.16	0.210251
18.17	0.209922
18.18	0.209589
18.19	0.209251
18.2	0.20891
18.21	0.208564
18.22	0.208214
18.23	0.207859
18.24	0.207501
18.25	0.207138
18.26	0.206772
18.27	0.206401
18.28	0.206026
18.29	0.205646
18.3	0.205263
18.31	0.204876
18.32	0.204484
18.33	0.204088
18.34	0.203688
18.35	0.203284
18.36	0.202876
18.37	0.202464
18.38	0.202048
18.39	0.201627
18.4	0.201203
18.41	0.200774
18.42	0.200342
18.43	0.199905
18.44	0.199464
18.45	0.19902
18.46	0.198571
18.47	0.198118
18.48	0.197661
18.49	0.1972
18.5	0.196736
18.51	0.196267
18.52	0.195794
18.53	0.195317
18.54	0.194836
18.55	0.194352
18.56	0.193863
18.57	0.19337
18.58	0.192874
18.59	0.192373
18.6	0.191869
18.61	0.19136
18.62	0.190848
18.63	0.190332
18.64	0.189812
18.65	0.189288
18.66	0.18876
18.67	0.188229
18.68	0.187693
18.69	0.187154
18.7	0.18661
18.71	0.186063
18.72	0.185513
18.73	0.184958
18.74	0.1844
18.75	0.183837
18.76	0.183271
18.77	0.182702
18.78	0.182128
18.79	0.181551
18.8	0.18097
18.81	0.180385
18.82	0.179797
18.83	0.179204
18.84	0.178609
18.85	0.178009
18.86	0.177406
18.87	0.176799
18.88	0.176188
18.89	0.175574
18.9	0.174956
18.91	0.174335
18.92	0.17371
18.93	0.173081
18.94	0.172449
18.95	0.171813
18.96	0.171174
18.97	0.170531
18.98	0.169884
18.99	0.169234
19	0.168581
19.01	0.167924
19.02	0.167263
19.03	0.166599
19.04	0.165932
19.05	0.165261
19.06	0.164587
19.07	0.163909
19.08	0.163228
19.09	0.162543
19.1	0.161855
19.11	0.161164
19.12	0.160469
19.13	0.159771
19.14	0.159069
19.15	0.158364
19.16	0.157656
19.17	0.156945
19.18	0.15623
19.19	0.155512
19.2	0.154791
19.21	0.154066
19.22	0.153338
19.23	0.152607
19.24	0.151873
19.25	0.151136
19.26	0.150395
19.27	0.149651
19.28	0.148904
19.29	0.148154
19.3	0.147401
19.31	0.146645
19.32	0.145886
19.33	0.145123
19.34	0.144357
19.35	0.143589
19.36	0.142817
19.37	0.142043
19.38	0.141265
19.39	0.140484
19.4	0.139701
19.41	0.138914
19.42	0.138124
19.43	0.137332
19.44	0.136536
19.45	0.135738
19.46	0.134937
19.47	0.134133
19.48	0.133326
19.49	0.132516
19.5	0.131703
19.51	0.130888
19.52	0.13007
19.53	0.129249
19.54	0.128425
19.55	0.127598
19.56	0.126769
19.57	0.125937
19.58	0.125102
19.59	0.124265
19.6	0.123425
19.61	0.122583
19.62	0.121737
19.63	0.120889
19.64	0.120039
19.65	0.119186
19.66	0.11833
19.67	0.117472
19.68	0.116611
19.69	0.115748
19.7	0.114882
19.71	0.114014
19.72	0.113144
19.73	0.11227
19.74	0.111395
19.75	0.110517
19.76	0.109637
19.77	0.108754
19.78	0.107869
19.79	0.106982
19.8	0.106092
19.81	0.1052
19.82	0.104306
19.83	0.103409
19.84	0.102511
19.85	0.10161
19.86	0.100707
19.87	0.0998011
19.88	0.0988936
19.89	0.0979839
19.9	0.0970721
19.91	0.0961582
19.92	0.0952422
19.93	0.0943241
19.94	0.093404
19.95	0.0924818
19.96	0.0915576
19.97	0.0906314
19.98	0.0897032
19.99	0.0887731
20	0.087841
20.01	0.086907
20.02	0.0859711
20.03	0.0850333
20.04	0.0840937
20.05	0.0831522
20.06	0.0822089
20.07	0.0812638
20.08	0.0803169
20.09	0.0793683
20.1	0.0784179
20.11	0.0774658
20.12	0.076512
20.13	0.0755565
20.14	0.0745993
20.15	0.0736405
20.16	0.0726801
20.17	0.071718
20.18	0.0707544
20.19	0.0697893
20.2	0.0688226
20.21	0.0678544
20.22	0.0668846
20.23	0.0659134
20.24	0.0649408
20.25	0.0639667
20.26	0.0629912
20.27	0.0620143
20.28	0.061036
20.29	0.0600564
20.3	0.0590754
20.31	0.0580932
20.32	0.0571096
20.33	0.0561248
20.34	0.0551387
20.35	0.0541514
20.36	0.0531629
20.37	0.0521732
20.38	0.0511824
20.39	0.0501904
20.4	0.0491973
20.41	0.0482031
20.42	0.0472078
20.43	0.0462114
20.44	0.0452141
20.45	0.0442157
20.46	0.0432163
20.47	0.042216
20.48	0.0412147
20.49	0.0402125
20.5	0.0392094
20.51	0.0382054
20.52	0.0372005
20.53	0.0361949
20.54	0.0351884
20.55	0.0341811
20.56	0.033173
20.57	0.0321642
20.58	0.0311546
20.59	0.0301444
20.6	0.0291334
20.61	0.0281218
20.62	0.0271096
20.63	0.0260968
20.64	0.0250833
20.65	0.0240693
20.66	0.0230547
20.67	0.0220396
20.68	0.021024
20.69	0.0200079
20.7	0.0189914
20.71	0.0179744
20.72	0.016957
20.73	0.0159392
20.74	0.014921
20.75	0.0139025
20.76	0.0128836
20.77	0.0118645
20.78	0.010845
20.79	0.00982533
20.8	0.00880539
20.81	0.00778524
20.82	0.00676489
20.83	0.00574437
20.84	0.0047237
20.85	0.00370291
20.86	0.00268201
20.87	0.00166103
20.88	0.000639991
20.89	-0.000381084
20.9	-0.00140217
20.91	-0.00242325
20.92	-0.0034443
20.93	-0.0044653
20.94	-0.00548622
20.95	-0.00650705
20.96	-0.00752775
20.97	-0.00854831
20.98	-0.0095687
20.99	-0.0105889
21	-0.0116089
21.01	-0.0126287
21.02	-0.0136482
21.03	-0.0146674
21.04	-0.0156863
21.05	-0.0167049
21.06	-0.0177232
21.07	-0.0187411
21.08	-0.0197586
21.09	-0.0207757
21.1	-0.0217924
21.11	-0.0228086
21.12	-0.0238243
21.13	-0.0248395
21.14	-0.0258542
21.15	-0.0268684
21.16	-0.027882
21.17	-0.028895
21.18	-0.0299074
21.19	-0.0309191
21.2	-0.0319302
21.21	-0.0329407
21.22	-0.0339504
21.23	-0.0349594
21.24	-0.0359676
21.25	-0.0369751
21.26	-0.0379818
21.27	-0.0389877
21.28	-0.0399928
21.29	-0.040997
21.3	-0.0420003
21.31	-0.0430027
21.32	-0.0440042
21.33	-0.0450048
21.34	-0.0460044
21.35	-0.047003
21.36	-0.0480006
21.37	-0.0489972
21.38	-0.0499927
21.39	-0.0509872
21.4	-0.0519806
21.41	-0.0529728
21.42	-0.0539639
21.43	-0.0549539
21.44	-0.0559427
21.45	-0.0569303
21.46	-0.0579166
21.47	-0.0589017
21.48	-0.0598856
21.49	-0.0608681
21.5	-0.0618494
21.51	-0.0628293
21.52	-0.0638079
21.53	-0.0647851
21.54	-0.0657609
21.55	-0.0667354
21.56	-0.0677083
21.57	-0.0686798
21.58	-0.0696499
21.59	-0.0706184
21.6	-0.0715855
21.61	-0.072551
21.62	-0.0735149
21.63	-0.0744773
21.64	-0.0754381
21.65	-0.0763972
21.66	-0.0773547
21.67	-0.0783106
21.68	-0.0792647
21.69	-0.0802172
21.7	-0.081168
21.71	-0.082117
21.72	-0.0830642
21.73	-0.0840097
21.74	-0.0849533
21.75	-0.0858952
21.76	-0.0868352
21.77	-0.0877733
21.78	-0.0887096
21.79	-0.089644
21.8	-0.0905764
21.81	-0.0915069
21.82	-0.0924355
21.83	-0.0933621
21.84	-0.0942866
21.85	-0.0952092
21.86	-0.0961297
21.87	-0.0970482
21.88	-0.0979646
21.89	-0.0988789
21.9	-0.0997911
21.91	-0.100701
21.92	-0.101609
21.93	-0.102515
21.94	-0.103418
21.95	-0.10432
21.96	-0.105219
21.97	-0.106116
21.98	-0.10701
21.99	-0.107903
22	-0.108793
22.01	-0.109681
22.02	-0.110566
22.03	-0.111449
22.04	-0.11233
22.05	-0.113208
22.06	-0.114084
22.07	-0.114957
22.08	-0.115828
22.09	-0.116697
22.1	-0.117563
22.11	-0.118426
22.12	-0.119288
22.13	-0.120146
22.14	-0.121002
22.15	-0.121855
22.16	-0.122706
22.17	-0.123555
22.18	-0.1244
22.19	-0.125243
22.2	-0.126084
22.21	-0.126921
22.22	-0.127756
22.23	-0.128589
22.24	-0.129418
22.25	-0.130245
22.26	-0.131069
22.27	-0.13189
22.28	-0.132709
22.29	-0.133525
22.3	-0.134338
22.31	-0.135148
22.32	-0.135955
22.33	-0.136759
22.34	-0.137561
22.35	-0.13836
22.36	-0.139155
22.37	-0.139948
22.38	-0.140738
22.39	-0.141525
22.4	-0.142309
22.41	-0.14309
22.42	-0.143868
22.43	-0.144643
22.44	-0.145415
22.45	-0.146183
22.46	-0.146949
22.47	-0.147712
22.48	-0.148472
22.49	-0.149228
22.5	-0.149981
22.51	-0.150732
22.52	-0.151479
22.53	-0.152223
22.54	-0.152964
22.55	-0.153701
22.56	-0.154436
22.57	-0.155167
22.58	-0.155895
22.59	-0.156619
22.6	-0.157341
22.61	-0.158059
22.62	-0.158774
22.63	-0.159485
22.64	-0.160194
22.65	-0.160899
22.66	-0.1616
22.67	-0.162298
22.68	-0.162993
22.69	-0.163685
22.7	-0.164373
22.71	-0.165058
22.72	-0.165739
22.73	-0.166417
22.74	-0.167091
22.75	-0.167762
22.76	-0.16843
22.77	-0.169094
22.78	-0.169754
22.79	-0.170411
22.8	-0.171065
22.81	-0.171715
22.82	-0.172361
22.83	-0.173004
22.84	-0.173643
22.85	-0.174279
22.86	-0.174911
22.87	-0.17554
22.88	-0.176165
22.89	-0.176786
22.9	-0.177404
22.91	-0.178018
22.92	-0.178628
22.93	-0.179235
22.94	-0.179838
22.95	-0.180437
22.96	-0.181033
22.97	-0.181625
22.98	-0.182213
22.99	-0.182798
23	-0.183378
23.01	-0.183955
23.02	-0.184529
23.03	-0.185098
23.04	-0.185664
23.05	-0.186226
23.06	-0.186784
23.07	-0.187338
23.08	-0.187889
23.09	-0.188435
23.1	-0.188978
23.11	-0.189517
23.12	-0.190052
23.13	-0.190584
23.14	-0.191111
23.15	-0.191635
23.16	-0.192154
23.17	-0.19267
23.18	-0.193182
23.19	-0.19369
23.2	-0.194194
23.21	-0.194694
23.22	-0.19519
23.23	-0.195682
23.24	-0.19617
23.25	-0.196654
23.26	-0.197134
23.27	-0.197611
23.28	-0.198083
23.29	-0.198551
23.3	-0.199015
23.31	-0.199475
23.32	-0.199932
23.33	-0.200384
23.34	-0.200832
23.35	-0.201276
23.36	-0.201716
23.37	-0.202152
23.38	-0.202584
23.39	-0.203011
23.4	-0.203435
23.41	-0.203855
23.42	-0.20427
23.43	-0.204681
23.44	-0.205089
23.45	-0.205492
23.46	-0.205891
23.47	-0.206286
23.48	-0.206676
23.49	-0.207063
23.5	-0.207445
23.51	-0.207824
23.52	-0.208198
23.53	-0.208568
23.54	-0.208933
23.55	-0.209295
23.56	-0.209652
23.57	-0.210005
23.58	-0.210354
23.59	-0.210699
23.6	-0.21104
23.61	-0.211376
23.62	-0.211708
23.63	-0.212036
23.64	-0.21236
23.65	-0.212679
23.66	-0.212994
23.67	-0.213305
23.68	-0.213612
23.69	-0.213914
23.7	-0.214212
23.71	-0.214506
23.72	-0.214796
23.73	-0.215081
23.74	-0.215362
23.75	-0.215639
23.76	-0.215911
23.77	-0.216179
23.78	-0.216443
23.79	-0.216702
23.8	-0.216958
23.81	-0.217208
23.82	-0.217455
23.83	-0.217697
23.84	-0.217935
23.85	-0.218169
23.86	-0.218398
23.87	-0.218623
23.88	-0.218843
23.89	-0.21906
23.9	-0.219271
23.91	-0.219479
23.92	-0.219682
23.93	-0.219881
23.94	-0.220075
23.95	-0.220265
23.96	-0.220451
23.97	-0.220633
23.98	-0.220809
23.99	-0.220982
24	-0.22115
24.01	-0.221314
24.02	-0.221474
24.03	-0.221629
24.04	-0.221779
24.05	-0.221925
24.06	-0.222067
24.07	-0.222205
24.08	-0.222338
24.09	-0.222467
24.1	-0.222591
24.11	-0.222711
24.12	-0.222826
24.13	-0.222937
24.14	-0.223044
24.15	-0.223146
24.16	-0.223244
24.17	-0.223337
24.18	-0.223426
24.19	-0.223511
24.2	-0.223591
24.21	-0.223667
24.22	-0.223738
24.23	-0.223805
24.24	-0.223867
24.25	-0.223925
24.26	-0.223979
24.27	-0.224028
24.28	-0.224073
24.29	-0.224113
24.3	-0.224149
24.31	-0.22418
24.32	-0.224207
24.33	-0.22423
24.34	-0.224248
24.35	-0.224262
24.36	-0.224271
24.37	-0.224276
24.38	-0.224276
24.39	-0.224272
24.4	-0.224264
24.41	-0.224251
24.42	-0.224234
24.43	-0.224212
24.44	-0.224186
24.45	-0.224155
24.46	-0.22412
24.47	-0.224081
24.48	-0.224037
24.49	-0.223988
24.5	-0.223936
24.51	-0.223878
24.52	-0.223817
24.53	-0.223751
24.54	-0.22368
24.55	-0.223605
24.56	-0.223526
24.57	-0.223442
24.58	-0.223354
24.59	-0.223261
24.6	-0.223164
24.61	-0.223063
24.62	-0.222957
24.63	-0.222847
24.64	-0.222732
24.65	-0.222613
24.66	-0.22249
24.67	-0.222362
24.68	-0.222229
24.69	-0.222093
24.7	-0.221952
24.71	-0.221806
24.72	-0.221656
24.73	-0.221502
24.74	-0.221343
24.75	-0.22118
24.76	-0.221013
24.77	-0.220841
24.78	-0.220665
24.79	-0.220484
24.8	-0.220299
24.81	-0.220109
24.82	-0.219916
24.83	-0.219718
24.84	-0.219515
24.85	-0.219308
24.86	-0.219097
24.87	-0.218882
24.88	-0.218662
24.89	-0.218437
24.9	-0.218209
24.91	-0.217976
24.92	-0.217738
24.93	-0.217497
24.94	-0.217251
24.95	-0.217001
24.96	-0.216746
24.97	-0.216487
24.98	-0.216224
24.99	-0.215956
25	-0.215684
25.01	-0.215408
25.02	-0.215128
25.03	-0.214843
25.04	-0.214554
25.05	-0.214261
25.06	-0.213963
25.07	-0.213661
25.08	-0.213355
25.09	-0.213044
25.1	-0.21273
25.11	-0.212411
25.12	-0.212088
25.13	-0.21176
25.14	-0.211428
25.15	-0.211092
25.16	-0.210752
25.17	-0.210408
25.18	-0.210059
25.19	-0.209706
25.2	-0.209349
25.21	-0.208988
25.22	-0.208623
25.23	-0.208253
25.24	-0.207879
25.25	-0.207501
25.26	-0.207119
25.27	-0.206733
25.28	-0.206342
25.29	-0.205948
25.3	-0.205549
25.31	-0.205146
25.32	-0.204739
25.33	-0.204328
25.34	-0.203912
25.35	-0.203493
25.36	-0.203069
25.37	-0.202642
25.38	-0.20221
25.39	-0.201774
25.4	-0.201334
25.41	-0.20089
25.42	-0.200442
25.43	-0.19999
25.44	-0.199534
25.45	-0.199073
25.46	-0.198609
25.47	-0.198141
25.48	-0.197669
25.49	-0.197192
25.5	-0.196712
25.51	-0.196228
25.52	-0.195739
25.53	-0.195247
25.54	-0.194751
25.55	-0.19425
25.56	-0.193746
25.57	-0.193238
25.58	-0.192726
25.59	-0.19221
25.6	-0.19169
25.61	-0.191166
25.62	-0.190639
25.63	-0.190107
25.64	-0.189571
25.65	-0.189032
25.66	-0.188489
25.67	-0.187942
25.68	-0.187391
25.69	-0.186836
25.7	-0.186277
25.71	-0.185715
25.72	-0.185149
25.73	-0.184579
25.74	-0.184005
25.75	-0.183427
25.76	-0.182846
25.77	-0.182261
25.78	-0.181672
25.79	-0.181079
25.8	-0.180483
25.81	-0.179883
25.82	-0.179279
25.83	-0.178671
25.84	-0.17806
25.85	-0.177445
25.86	-0.176827
25.87	-0.176204
25.88	-0.175579
25.89	-0.174949
25.9	-0.174316
25.91	-0.173679
25.92	-0.173039
25.93	-0.172395
25.94	-0.171748
25.95	-0.171097
25.96	-0.170442
25.97	-0.169784
25.98	-0.169122
25.99	-0.168457
26	-0.167789
26.01	-0.167116
26.02	-0.166441
26.03	-0.165762
26.04	-0.165079
26.05	-0.164393
26.06	-0.163704
26.07	-0.163011
26.08	-0.162315
26.09	-0.161615
26.1	-0.160912
26.11	-0.160206
26.12	-0.159496
26.13	-0.158783
26.14	-0.158066
26.15	-0.157347
26.16	-0.156624
26.17	-0.155897
26.18	-0.155168
26.19	-0.154435
26.2	-0.153699
26.21	-0.152959
26.22	-0.152217
26.23	-0.151471
26.24	-0.150722
26.25	-0.14997
26.26	-0.149215
26.27	-0.148456
26.28	-0.147695
26.29	-0.14693
26.3	-0.146162
26.31	-0.145392
26.32	-0.144618
26.33	-0.143841
26.34	-0.143061
26.35	-0.142278
26.36	-0.141491
26.37	-0.140702
26.38	-0.13991
26.39	-0.139115
26.4	-0.138317
26.41	-0.137516
26.42	-0.136712
26.43	-0.135906
26.44	-0.135096
26.45	-0.134283
26.46	-0.133468
26.47	-0.13265
26.48	-0.131829
26.49	-0.131005
26.5	-0.130178
26.51	-0.129349
26.52	-0.128516
26.53	-0.127681
26.54	-0.126844
26.55	-0.126003
26.56	-0.12516
26.57	-0.124314
26.58	-0.123466
26.59	-0.122615
26.6	-0.121761
26.61	-0.120905
26.62	-0.120046
26.63	-0.119184
26.64	-0.11832
26.65	-0.117453
26.66	-0.116584
26.67	-0.115713
26.68	-0.114838
26.69	-0.113962
26.7	-0.113083
26.71	-0.112201
26.72	-0.111317
26.73	-0.110431
26.74	-0.109542
26.75	-0.108651
26.76	-0.107757
26.77	-0.106862
26.78	-0.105963
26.79	-0.105063
26.8	-0.10416
26.81	-0.103255
26.82	-0.102348
26.83	-0.101439
26.84	-0.100527
26.85	-0.0996134
26.86	-0.0986974
26.87	-0.0977793
26.88	-0.0968591
26.89	-0.0959367
26.9	-0.0950123
26.91	-0.0940858
26.92	-0.0931573
26.93	-0.0922267
26.94	-0.0912941
26.95	-0.0903595
26.96	-0.0894229
26.97	-0.0884844
26.98	-0.087544
26.99	-0.0866016
27	-0.0856574
27.01	-0.0847112
27.02	-0.0837632
27.03	-0.0828134
27.04	-0.0818618
27.05	-0.0809083
27.06	-0.0799531
27.07	-0.0789962
27.08	-0.0780375
27.09	-0.0770771
27.1	-0.076115
27.11	-0.0751512
27.12	-0.0741858
27.13	-0.0732187
27.14	-0.07225
27.15	-0.0712797
27.16	-0.0703079
27.17	-0.0693345
27.18	-0.0683596
27.19	-0.0673832
27.2	-0.0664052
27.21	-0.0654258
27.22	-0.064445
27.23	-0.0634628
27.24	-0.0624791
27.25	-0.061494
27.26	-0.0605076
27.27	-0.0595199
27.28	-0.0585308
27.29	-0.0575404
27.3	-0.0565488
27.31	-0.0555559
27.32	-0.0545617
27.33	-0.0535664
27.34	-0.0525699
27.35	-0.0515721
27.36	-0.0505733
27.37	-0.0495733
27.38	-0.0485722
27.39	-0.04757
27.4	-0.0465668
27.41	-0.0455625
27.42	-0.0445572
27.43	-0.0435509
27.44	-0.0425436
27.45	-0.0415354
27.46	-0.0405262
27.47	-0.0395161
27.48	-0.0385052
27.49	-0.0374934
27.5	-0.0364807
27.51	-0.0354672
27.52	-0.0344529
27.53	-0.0334378
27.54	-0.032422
27.55	-0.0314055
27.56	-0.0303882
27.57	-0.0293702
27.58	-0.0283516
27.59	-0.0273323
27.6	-0.0263125
27.61	-0.025292
27.62	-0.0242709
27.63	-0.0232493
27.64	-0.0222271
27.65	-0.0212045
27.66	-0.0201813
27.67	-0.0191577
27.68	-0.0181336
27.69	-0.0171092
27.7	-0.0160843
27.71	-0.015059
27.72	-0.0140334
27.73	-0.0130075
27.74	-0.0119812
27.75	-0.0109547
27.76	-0.00992788
27.77	-0.00890085
27.78	-0.00787359
27.79	-0.00684614
27.8	-0.00581851
27.81	-0.00479074
27.82	-0.00376283
27.83	-0.00273482
27.84	-0.00170673
27.85	-0.000678582
27.86	0.000349607
27.87	0.00137781
27.88	0.00240601
27.89	0.00343417
27.9	0.00446229
27.91	0.00549032
27.92	0.00651826
27.93	0.00754608
27.94	0.00857376
27.95	0.00960127
27.96	0.0106286
27.97	0.0116557
27.98	0.0126826
27.99	0.0137092
28	0.0147355
28.01	0.0157616
28.02	0.0167873
28.03	0.0178127
28.04	0.0188377
28.05	0.0198623
28.06	0.0208865
28.07	0.0219102
28.08	0.0229335
28.09	0.0239564
28.1	0.0249787
28.11	0.0260005
28.12	0.0270217
28.13	0.0280424
28.14	0.0290625
28.15	0.0300819
28.16	0.0311008
28.17	0.0321189
28.18	0.0331364
28.19	0.0341532
28.2	0.0351692
28.21	0.0361846
28.22	0.0371991
28.23	0.0382128
28.24	0.0392258
28.25	0.0402378
28.26	0.0412491
28.27	0.0422594
28.28	0.0432689
28.29	0.0442774
28.3	0.0452849
28.31	0.0462915
28.32	0.0472972
28.33	0.0483018
28.34	0.0493053
28.35	0.0503078
28.36	0.0513093
28.37	0.0523096
28.38	0.0533088
28.39	0.0543068
28.4	0.0553037
28.41	0.0562995
28.42	0.057294
28.43	0.0582872
28.44	0.0592793
28.45	0.06027
28.46	0.0612595
28.47	0.0622476
28.48	0.0632344
28.49	0.0642198
28.5	0.0652039
28.51	0.0661866
28.52	0.0671678
28.53	0.0681476
28.54	0.069126
28.55	0.0701028
28.56	0.0710782
28.57	0.072052
28.58	0.0730243
28.59	0.073995
28.6	0.0749642
28.61	0.0759317
28.62	0.0768976
28.63	0.0778618
28.64	0.0788244
28.65	0.0797853
28.66	0.0807444
28.67	0.0817019
28.68	0.0826575
28.69	0.0836115
28.7	0.0845636
28.71	0.0855139
28.72	0.0864624
28.73	0.087409
28.74	0.0883538
28.75	0.0892966
28.76	0.0902376
28.77	0.0911766
28.78	0.0921137
28.79	0.0930488
28.8	0.0939819
28.81	0.094913
28.82	0.095842
28.83	0.0967691
28.84	0.097694
28.85	0.0986169
28.86	0.0995377
28.87	0.100456
28.88	0.101373
28.89	0.102287
28.9	0.103199
28.91	0.104109
28.92	0.105017
28.93	0.105922
28.94	0.106826
28.95	0.107727
28.96	0.108625
28.97	0.109522
28.98	0.110416
28.99	0.111307
29	0.112197
29.01	0.113083
29.02	0.113968
29.03	0.11485
29.04	0.11573
29.05	0.116607
29.06	0.117482
29.07	0.118354
29.08	0.119224
29.09	0.120091
29.1	0.120955
29.11	0.121817
29.12	0.122677
29.13	0.123534
29.14	0.124388
29.15	0.12524
29.16	0.126089
29.17	0.126935
29.18	0.127779
29.19	0.12862
29.2	0.129458
29.21	0.130293
29.22	0.131126
29.23	0.131956
29.24	0.132783
29.25	0.133608
29.26	0.134429
29.27	0.135248
29.28	0.136064
29.29	0.136877
29.3	0.137687
29.31	0.138495
29.32	0.139299
29.33	0.1401
29.34	0.140899
29.35	0.141694
29.36	0.142487
29.37	0.143276
29.38	0.144063
29.39	0.144847
29.4	0.145627
29.41	0.146405
29.42	0.147179
29.43	0.14795
29.44	0.148718
29.45	0.149484
29.46	0.150246
29.47	0.151004
29.48	0.15176
29.49	0.152513
29.5	0.153262
29.51	0.154008
29.52	0.154751
29.53	0.155491
29.54	0.156227
29.55	0.15696
29.56	0.15769
29.57	0.158417
29.58	0.15914
29.59	0.159861
29.6	0.160577
29.61	0.161291
29.62	0.162001
29.63	0.162708
29.64	0.163411
29.65	0.164111
29.66	0.164807
29.67	0.165501
29.68	0.16619
29.69	0.166877
29.7	0.167559
29.71	0.168239
29.72	0.168915
29.73	0.169587
29.74	0.170256
29.75	0.170921
29.76	0.171583
29.77	0.172241
29.78	0.172896
29.79	0.173547
29.8	0.174195
29.81	0.174839
29.82	0.17548
29.83	0.176117
29.84	0.17675
29.85	0.177379
29.86	0.178005
29.87	0.178628
29.88	0.179246
29.89	0.179861
29.9	0.180473
29.91	0.18108
29.92	0.181684
29.93	0.182284
29.94	0.182881
29.95	0.183473
29.96	0.184062
29.97	0.184647
29.98	0.185229
29.99	0.185806
30	0.18638
30.01	0.18695
30.02	0.187517
30.03	0.188079
30.04	0.188637
30.05	0.189192
30.06	0.189743
30.07	0.19029
30.08	0.190833
30.09	0.191373
30.1	0.191908
30.11	0.192439
30.12	0.192967
30.13	0.193491
30.14	0.19401
30.15	0.194526
30.16	0.195038
30.17	0.195546
30.18	0.19605
30.19	0.19655
30.2	0.197046
30.21	0.197538
30.22	0.198026
30.23	0.19851
30.24	0.19899
30.25	0.199466
30.26	0.199938
30.27	0.200406
30.28	0.20087
30.29	0.201329
30.3	0.201785
30.31	0.202237
30.32	0.202685
30.33	0.203128
30.34	0.203568
30.35	0.204003
30.36	0.204434
30.37	0.204861
30.38	0.205284
30.39	0.205703
30.4	0.206118
30.41	0.206529
30.42	0.206935
30.43	0.207338
30.44	0.207736
30.45	0.20813
30.46	0.20852
30.47	0.208905
30.48	0.209287
30.49	0.209664
30.5	0.210037
30.51	0.210406
30.52	0.210771
30.53	0.211131
30.54	0.211487
30.55	0.211839
30.56	0.212187
30.57	0.212531
30.58	0.21287
30.59	0.213205
30.6	0.213536
30.61	0.213862
30.62	0.214185
30.63	0.214503
30.64	0.214817
30.65	0.215126
30.66	0.215431
30.67	0.215732
30.68	0.216029
30.69	0.216321
30.7	0.216609
30.71	0.216893
30.72	0.217172
30.73	0.217447
30.74	0.217718
30.75	0.217984
30.76	0.218246
30.77	0.218504
30.78	0.218757
30.79	0.219006
30.8	0.219251
30.81	0.219491
30.82	0.219727
30.83	0.219959
30.84	0.220186
30.85	0.220409
30.86	0.220628
30.87	0.220842
30.88	0.221051
30.89	0.221257
30.9	0.221458
30.91	0.221654
30.92	0.221847
30.93	0.222035
30.94	0.222218
30.95	0.222397
30.96	0.222572
30.97	0.222742
30.98	0.222908
30.99	0.223069
31	0.223226
31.01	0.223379
31.02	0.223527
31.03	0.223671
31.04	0.22381
31.05	0.223945
31.06	0.224075
31.07	0.224201
31.08	0.224323
31.09	0.22444
31.1	0.224553
31.11	0.224661
31.12	0.224765
31.13	0.224865
31.14	0.22496
31.15	0.22505
31.16	0.225136
31.17	0.225218
31.18	0.225295
31.19	0.225368
31.2	0.225436
31.21	0.2255
31.22	0.22556
31.23	0.225615
31.24	0.225665
31.25	0.225711
31.26	0.225753
31.27	0.22579
31.28	0.225823
31.29	0.225851
31.3	0.225875
31.31	0.225894
31.32	0.225909
31.33	0.22592
31.34	0.225926
31.35	0.225927
31.36	0.225924
31.37	0.225917
31.38	0.225905
31.39	0.225888
31.4	0.225868
31.41	0.225842
31.42	0.225813
31.43	0.225779
31.44	0.22574
31.45	0.225697
31.46	0.225649
31.47	0.225597
31.48	0.225541
31.49	0.22548
31.5	0.225415
31.51	0.225345
31.52	0.225271
31.53	0.225192
31.54	0.225109
31.55	0.225021
31.56	0.224929
31.57	0.224833
31.58	0.224732
31.59	0.224626
31.6	0.224517
31.61	0.224402
31.62	0.224284
31.63	0.224161
31.64	0.224033
31.65	0.223901
31.66	0.223765
31.67	0.223624
31.68	0.223479
31.69	0.223329
31.7	0.223175
31.71	0.223016
31.72	0.222853
31.73	0.222686
31.74	0.222514
31.75	0.222338
31.76	0.222157
31.77	0.221972
31.78	0.221783
31.79	0.221589
31.8	0.221391
31.81	0.221188
31.82	0.220982
31.83	0.22077
31.84	0.220554
31.85	0.220334
31.86	0.22011
31.87	0.219881
31.88	0.219648
31.89	0.21941
31.9	0.219168
31.91	0.218922
31.92	0.218671
31.93	0.218416
31.94	0.218157
31.95	0.217893
31.96	0.217625
31.97	0.217353
31.98	0.217076
31.99	0.216795
32	0.21651
32.01	0.21622
32.02	0.215926
32.03	0.215628
32.04	0.215325
32.05	0.215018
32.06	0.214707
32.07	0.214392
32.08	0.214072
32.09	0.213748
32.1	0.213419
32.11	0.213087
32.12	0.21275
32.13	0.212409
32.14	0.212064
32.15	0.211714
32.16	0.21136
32.17	0.211002
32.18	0.21064
32.19	0.210273
32.2	0.209903
32.21	0.209528
32.22	0.209148
32.23	0.208765
32.24	0.208377
32.25	0.207986
32.26	0.20759
32.27	0.20719
32.28	0.206785
32.29	0.206377
32.3	0.205964
32.31	0.205548
32.32	0.205127
32.33	0.204702
32.34	0.204273
32.35	0.203839
32.36	0.203402
32.37	0.20296
32.38	0.202515
32.39	0.202065
32.4	0.201611
32.41	0.201153
32.42	0.200691
32.43	0.200225
32.44	0.199755
32.45	0.199281
32.46	0.198803
32.47	0.198321
32.48	0.197835
32.49	0.197345
32.5	0.19685
32.51	0.196352
32.52	0.19585
32.53	0.195344
32.54	0.194834
32.55	0.19432
32.56	0.193801
32.57	0.193279
32.58	0.192753
32.59	0.192224
32.6	0.19169
32.61	0.191152
32.62	0.19061
32.63	0.190065
32.64	0.189515
32.65	0.188962
32.66	0.188405
32.67	0.187844
32.68	0.187279
32.69	0.18671
32.7	0.186138
32.71	0.185562
32.72	0.184981
32.73	0.184397
32.74	0.18381
32.75	0.183218
32.76	0.182623
32.77	0.182024
32.78	0.181421
32.79	0.180815
32.8	0.180204
32.81	0.17959
32.82	0.178973
32.83	0.178351
32.84	0.177726
32.85	0.177098
32.86	0.176465
32.87	0.175829
32.88	0.17519
32.89	0.174546
32.9	0.173899
32.91	0.173249
32.92	0.172595
32.93	0.171937
32.94	0.171276
32.95	0.170611
32.96	0.169943
32.97	0.169271
32.98	0.168596
32.99	0.167917
33	0.167234
33.01	0.166548
33.02	0.165859
33.03	0.165166
33.04	0.16447
33.05	0.16377
33.06	0.163067
33.07	0.162361
33.08	0.161651
33.09	0.160938
33.1	0.160221
33.11	0.159501
33.12	0.158778
33.13	0.158051
33.14	0.157321
33.15	0.156588
33.16	0.155851
33.17	0.155111
33.18	0.154368
33.19	0.153622
33.2	0.152873
33.21	0.15212
33.22	0.151364
33.23	0.150605
33.24	0.149842
33.25	0.149077
33.26	0.148308
33.27	0.147536
33.28	0.146761
33.29	0.145983
33.3	0.145202
33.31	0.144418
33.32	0.143631
33.33	0.142841
33.34	0.142047
33.35	0.141251
33.36	0.140452
33.37	0.13965
33.38	0.138844
33.39	0.138036
33.4	0.137225
33.41	0.136411
33.42	0.135594
33.43	0.134774
33.44	0.133952
33.45	0.133126
33.46	0.132298
33.47	0.131466
33.48	0.130632
33.49	0.129796
33.5	0.128956
33.51	0.128114
33.52	0.127269
33.53	0.126421
33.54	0.12557
33.55	0.124717
33.56	0.123861
33.57	0.123003
33.58	0.122142
33.59	0.121278
33.6	0.120411
33.61	0.119542
33.62	0.118671
33.63	0.117797
33.64	0.11692
33.65	0.116041
33.66	0.115159
33.67	0.114275
33.68	0.113389
33.69	0.1125
33.7	0.111608
33.71	0.110714
33.72	0.109818
33.73	0.108919
33.74	0.108018
33.75	0.107115
33.76	0.106209
33.77	0.105301
33.78	0.104391
33.79	0.103479
33.8	0.102564
33.81	0.101647
33.82	0.100728
33.83	0.0998064
33.84	0.0988829
33.85	0.0979572
33.86	0.0970294
33.87	0.0960995
33.88	0.0951675
33.89	0.0942334
33.9	0.0932973
33.91	0.0923591
33.92	0.0914189
33.93	0.0904767
33.94	0.0895325
33.95	0.0885864
33.96	0.0876384
33.97	0.0866884
33.98	0.0857365
33.99	0.0847828
34	0.0838272
34.01	0.0828698
34.02	0.0819105
34.03	0.0809495
34.04	0.0799866
34.05	0.079022
34.06	0.0780557
34.07	0.0770877
34.08	0.076118
34.09	0.0751466
34.1	0.0741735
34.11	0.0731988
34.12	0.0722225
34.13	0.0712446
34.14	0.0702652
34.15	0.0692842
34.16	0.0683016
34.17	0.0673176
34.18	0.066332
34.19	0.065345
34.2	0.0643566
34.21	0.0633667
34.22	0.0623755
34.23	0.0613828
34.24	0.0603888
34.25	0.0593934
34.26	0.0583968
34.27	0.0573988
34.28	0.0563995
34.29	0.055399
34.3	0.0543973
34.31	0.0533944
34.32	0.0523903
34.33	0.051385
34.34	0.0503785
34.35	0.049371
34.36	0.0483623
34.37	0.0473526
34.38	0.0463418
34.39	0.0453299
34.4	0.0443171
34.41	0.0433032
34.42	0.0422884
34.43	0.0412727
34.44	0.040256
34.45	0.0392384
34.46	0.0382199
34.47	0.0372006
34.48	0.0361804
34.49	0.0351594
34.5	0.0341376
34.51	0.0331151
34.52	0.0320918
34.53	0.0310678
34.54	0.030043
34.55	0.0290176
34.56	0.0279916
34.57	0.0269649
34.58	0.0259375
34.59	0.0249096
34.6	0.0238811
34.61	0.0228521
34.62	0.0218226
34.63	0.0207925
34.64	0.019762
34.65	0.018731
34.66	0.0176996
34.67	0.0166677
34.68	0.0156355
34.69	0.0146029
34.7	0.01357
34.71	0.0125367
34.72	0.0115032
34.73	0.0104694
34.74	0.00943527
34.75	0.00840096
34.76	0.00736645
34.77	0.00633174
34.78	0.00529688
34.79	0.00426188
34.8	0.00322676
34.81	0.00219154
34.82	0.00115626
34.83	0.000120927
34.84	-0.00091443
34.85	-0.00194979
34.86	-0.00298513
34.87	-0.00402043
34.88	-0.00505566
34.89	-0.0060908
34.9	-0.00712584
34.91	-0.00816073
34.92	-0.00919548
34.93	-0.01023
34.94	-0.0112644
34.95	-0.0122985
34.96	-0.0133324
34.97	-0.014366
34.98	-0.0153994
34.99	-0.0164324
35	-0.017465
35.01	-0.0184974
35.02	-0.0195293
35.03	-0.0205608
35.04	-0.0215919
35.05	-0.0226225
35.06	-0.0236527
35.07	-0.0246824
35.08	-0.0257115
35.09	-0.0267401
35.1	-0.0277682
35.11	-0.0287956
35.12	-0.0298225
35.13	-0.0308487
35.14	-0.0318743
35.15	-0.0328991
35.16	-0.0339233
35.17	-0.0349468
35.18	-0.0359695
35.19	-0.0369915
35.2	-0.0380126
35.21	-0.039033
35.22	-0.0400525
35.23	-0.0410712
35.24	-0.042089
35.25	-0.0431058
35.26	-0.0441218
35.27	-0.0451368
35.28	-0.0461509
35.29	-0.047164
35.3	-0.048176
35.31	-0.0491871
35.32	-0.050197
35.33	-0.0512059
35.34	-0.0522137
35.35	-0.0532204
35.36	-0.0542259
35.37	-0.0552303
35.38	-0.0562335
35.39	-0.0572355
35.4	-0.0582363
35.41	-0.0592358
35.42	-0.060234
35.43	-0.0612309
35.44	-0.0622266
35.45	-0.0632209
35.46	-0.0642138
35.47	-0.0652054
35.48	-0.0661955
35.49	-0.0671843
35.5	-0.0681716
35.51	-0.0691574
35.52	-0.0701417
35.53	-0.0711246
35.54	-0.0721059
35.55	-0.0730857
35.56	-0.0740639
35.57	-0.0750405
35.58	-0.0760155
35.59	-0.0769889
35.6	-0.0779606
35.61	-0.0789306
35.62	-0.079899
35.63	-0.0808656
35.64	-0.0818305
35.65	-0.0827937
35.66	-0.0837551
35.67	-0.0847146
35.68	-0.0856724
35.69	-0.0866284
35.7	-0.0875824
35.71	-0.0885346
35.72	-0.0894849
35.73	-0.0904333
35.74	-0.0913798
35.75	-0.0923243
35.76	-0.0932668
35.77	-0.0942074
35.78	-0.0951459
35.79	-0.0960824
35.8	-0.0970168
35.81	-0.0979492
35.82	-0.0988794
35.83	-0.0998076
35.84	-0.100734
35.85	-0.101657
35.86	-0.102579
35.87	-0.103499
35.88	-0.104416
35.89	-0.105331
35.9	-0.106244
35.91	-0.107155
35.92	-0.108063
35.93	-0.108969
35.94	-0.109873
35.95	-0.110774
35.96	-0.111673
35.97	-0.112569
35.98	-0.113464
35.99	-0.114355
36	-0.115245
36.01	-0.116132
36.02	-0.117016
36.03	-0.117898
36.04	-0.118778
36.05	-0.119655
36.06	-0.120529
36.07	-0.121401
36.08	-0.12227
36.09	-0.123137
36.1	-0.124001
36.11	-0.124862
36.12	-0.125721
36.13	-0.126577
36.14	-0.127431
36.15	-0.128282
36.16	-0.12913
36.17	-0.129975
36.18	-0.130818
36.19	-0.131658
36.2	-0.132495
36.21	-0.133329
36.22	-0.134161
36.23	-0.134989
36.24	-0.135815
36.25	-0.136638
36.26	-0.137458
36.27	-0.138275
36.28	-0.13909
36.29	-0.139901
36.3	-0.140709
36.31	-0.141515
36.32	-0.142317
36.33	-0.143117
36.34	-0.143913
36.35	-0.144707
36.36	-0.145497
36.37	-0.146285
36.38	-0.147069
36.39	-0.14785
36.4	-0.148628
36.41	-0.149404
36.42	-0.150175
36.43	-0.150944
36.44	-0.15171
36.45	-0.152472
36.46	-0.153232
36.47	-0.153988
36.48	-0.154741
36.49	-0.155491
36.5	-0.156237
36.51	-0.15698
36.52	-0.15772
36.53	-0.158457
36.54	-0.15919
36.55	-0.15992
36.56	-0.160647
36.57	-0.16137
36.58	-0.16209
36.59	-0.162807
36.6	-0.16352
36.61	-0.16423
36.62	-0.164937
36.63	-0.16564
36.64	-0.16634
36.65	-0.167036
36.66	-0.167729
36.67	-0.168418
36.68	-0.169104
36.69	-0.169786
36.7	-0.170465
36.71	-0.17114
36.72	-0.171812
36.73	-0.17248
36.74	-0.173145
36.75	-0.173806
36.76	-0.174464
36.77	-0.175118
36.78	-0.175768
36.79	-0.176415
36.8	-0.177058
36.81	-0.177697
36.82	-0.178333
36.83	-0.178965
36.84	-0.179594
36.85	-0.180219
36.86	-0.18084
36.87	-0.181457
36.88	-0.182071
36.89	-0.182681
36.9	-0.183287
36.91	-0.18389
36.92	-0.184489
36.93	-0.185084
36.94	-0.185675
36.95	-0.186262
36.96	-0.186846
36.97	-0.187426
36.98	-0.188002
36.99	-0.188574
37	-0.189142
37.01	-0.189707
37.02	-0.190267
37.03	-0.190824
37.04	-0.191377
37.05	-0.191926
37.06	-0.192471
37.07	-0.193012
37.08	-0.193549
37.09	-0.194083
37.1	-0.194612
37.11	-0.195138
37.12	-0.195659
37.13	-0.196177
37.14	-0.19669
37.15	-0.1972
37.16	-0.197705
37.17	-0.198207
37.18	-0.198705
37.19	-0.199198
37.2	-0.199688
37.21	-0.200173
37.22	-0.200655
37.23	-0.201132
37.24	-0.201606
37.25	-0.202075
37.26	-0.20254
37.27	-0.203001
37.28	-0.203458
37.29	-0.203911
37.3	-0.20436
37.31	-0.204805
37.32	-0.205246
37.33	-0.205682
37.34	-0.206115
37.35	-0.206543
37.36	-0.206967
37.37	-0.207387
37.38	-0.207803
37.39	-0.208215
37.4	-0.208622
37.41	-0.209025
37.42	-0.209425
37.43	-0.209819
37.44	-0.21021
37.45	-0.210597
37.46	-0.210979
37.47	-0.211357
37.48	-0.211731
37.49	-0.212101
37.5	-0.212466
37.51	-0.212827
37.52	-0.213184
37.53	-0.213537
37.54	-0.213885
37.55	-0.214229
37.56	-0.214569
37.57	-0.214905
37.58	-0.215236
37.59	-0.215563
37.6	-0.215886
37.61	-0.216204
37.62	-0.216518
37.63	-0.216828
37.64	-0.217134
37.65	-0.217435
37.66	-0.217732
37.67	-0.218024
37.68	-0.218312
37.69	-0.218596
37.7	-0.218876
37.71	-0.219151
37.72	-0.219422
37.73	-0.219688
37.74	-0.21995
37.75	-0.220208
37.76	-0.220462
37.77	-0.220711
37.78	-0.220955
37.79	-0.221196
37.8	-0.221431
37.81	-0.221663
37.82	-0.22189
37.83	-0.222113
37.84	-0.222331
37.85	-0.222545
37.86	-0.222755
37.87	-0.22296
37.88	-0.22316
37.89	-0.223357
37.9	-0.223549
37.91	-0.223736
37.92	-0.223919
37.93	-0.224098
37.94	-0.224272
37.95	-0.224442
37.96	-0.224607
37.97	-0.224768
37.98	-0.224924
37.99	-0.225076
38	-0.225224
38.01	-0.225367
38.02	-0.225506
38.03	-0.22564
38.04	-0.22577
38.05	-0.225895
38.06	-0.226016
38.07	-0.226132
38.08	-0.226244
38.09	-0.226352
38.1	-0.226455
38.11	-0.226553
38.12	-0.226647
38.13	-0.226737
38.14	-0.226822
38.15	-0.226903
38.16	-0.226979
38.17	-0.227051
38.18	-0.227118
38.19	-0.227181
38.2	-0.227239
38.21	-0.227293
38.22	-0.227342
38.23	-0.227387
38.24	-0.227427
38.25	-0.227463
38.26	-0.227495
38.27	-0.227522
38.28	-0.227544
38.29	-0.227562
38.3	-0.227575
38.31	-0.227584
38.32	-0.227589
38.33	-0.227589
38.34	-0.227585
38.35	-0.227576
38.36	-0.227562
38.37	-0.227544
38.38	-0.227522
38.39	-0.227495
38.4	-0.227464
38.41	-0.227428
38.42	-0.227388
38.43	-0.227343
38.44	-0.227294
38.45	-0.22724
38.46	-0.227182
38.47	-0.227119
38.48	-0.227052
38.49	-0.22698
38.5	-0.226904
38.51	-0.226823
38.52	-0.226738
38.53	-0.226649
38.54	-0.226555
38.55	-0.226456
38.56	-0.226353
38.57	-0.226246
38.58	-0.226134
38.59	-0.226018
38.6	-0.225897
38.61	-0.225771
38.62	-0.225642
38.63	-0.225507
38.64	-0.225369
38.65	-0.225226
38.66	-0.225078
38.67	-0.224926
38.68	-0.22477
38.69	-0.224609
38.7	-0.224444
38.71	-0.224274
38.72	-0.2241
38.73	-0.223921
38.74	-0.223738
38.75	-0.22355
38.76	-0.223358
38.77	-0.223162
38.78	-0.222961
38.79	-0.222756
38.8	-0.222547
38.81	-0.222333
38.82	-0.222114
38.83	-0.221891
38.84	-0.221664
38.85	-0.221432
38.86	-0.221196
38.87	-0.220956
38.88	-0.220711
38.89	-0.220462
38.9	-0.220209
38.91	-0.219951
38.92	-0.219688
38.93	-0.219422
38.94	-0.219151
38.95	-0.218875
38.96	-0.218596
38.97	-0.218312
38.98	-0.218023
38.99	-0.21773
39	-0.217433
39.01	-0.217132
39.02	-0.216826
39.03	-0.216516
39.04	-0.216202
39.05	-0.215883
39.06	-0.21556
39.07	-0.215233
39.08	-0.214901
39.09	-0.214565
39.1	-0.214225
39.11	-0.213881
39.12	-0.213532
39.13	-0.213179
39.14	-0.212821
39.15	-0.21246
39.16	-0.212094
39.17	-0.211724
39.18	-0.21135
39.19	-0.210971
39.2	-0.210589
39.21	-0.210202
39.22	-0.20981
39.23	-0.209415
39.24	-0.209015
39.25	-0.208612
39.26	-0.208204
39.27	-0.207791
39.28	-0.207375
39.29	-0.206954
39.3	-0.20653
39.31	-0.206101
39.32	-0.205668
39.33	-0.205231
39.34	-0.204789
39.35	-0.204344
39.36	-0.203894
39.37	-0.203441
39.38	-0.202983
39.39	-0.202521
39.4	-0.202055
39.41	-0.201585
39.42	-0.201111
39.43	-0.200633
39.44	-0.20015
39.45	-0.199664
39.46	-0.199174
39.47	-0.198679
39.48	-0.198181
39.49	-0.197678
39.5	-0.197172
39.51	-0.196662
39.52	-0.196147
39.53	-0.195629
39.54	-0.195106
39.55	-0.19458
39.56	-0.194049
39.57	-0.193515
39.58	-0.192977
39.59	-0.192435
39.6	-0.191888
39.61	-0.191338
39.62	-0.190784
39.63	-0.190227
39.64	-0.189665
39.65	-0.189099
39.66	-0.18853
39.67	-0.187956
39.68	-0.187379
39.69	-0.186798
39.7	-0.186213
39.71	-0.185625
39.72	-0.185032
39.73	-0.184436
39.74	-0.183836
39.75	-0.183232
39.76	-0.182624
39.77	-0.182013
39.78	-0.181398
39.79	-0.180779
39.8	-0.180156
39.81	-0.17953
39.82	-0.1789
39.83	-0.178266
39.84	-0.177629
39.85	-0.176988
39.86	-0.176343
39.87	-0.175695
39.88	-0.175043
39.89	-0.174387
39.9	-0.173728
39.91	-0.173065
39.92	-0.172399
39.93	-0.171729
39.94	-0.171055
39.95	-0.170378
39.96	-0.169698
39.97	-0.169014
39.98	-0.168326
39.99	-0.167635
40	-0.16694
40.01	-0.166242
40.02	-0.16554
40.03	-0.164835
40.04	-0.164127
40.05	-0.163415
40.06	-0.162699
40.07	-0.161981
40.08	-0.161259
40.09	-0.160533
40.1	-0.159804
40.11	-0.159072
40.12	-0.158337
40.13	-0.157598
40.14	-0.156856
40.15	-0.15611
40.16	-0.155361
40.17	-0.154609
40.18	-0.153854
40.19	-0.153096
40.2	-0.152334
40.21	-0.151569
40.22	-0.150801
40.23	-0.15003
40.24	-0.149255
40.25	-0.148478
40.26	-0.147697
40.27	-0.146913
40.28	-0.146126
40.29	-0.145336
40.3	-0.144543
40.31	-0.143747
40.32	-0.142948
40.33	-0.142145
40.34	-0.14134
40.35	-0.140532
40.36	-0.139721
40.37	-0.138906
40.38	-0.138089
40.39	-0.137269
40.4	-0.136446
40.41	-0.13562
40.42	-0.134791
40.43	-0.13396
40.44	-0.133125
40.45	-0.132288
40.46	-0.131448
40.47	-0.130605
40.48	-0.129759
40.49	-0.12891
40.5	-0.128059
40.51	-0.127205
40.52	-0.126348
40.53	-0.125489
40.54	-0.124627
40.55	-0.123762
40.56	-0.122894
40.57	-0.122024
40.58	-0.121152
40.59	-0.120276
40.6	-0.119398
40.61	-0.118518
40.62	-0.117635
40.63	-0.116749
40.64	-0.115861
40.65	-0.11497
40.66	-0.114077
40.67	-0.113182
40.68	-0.112284
40.69	-0.111383
40.7	-0.110481
40.71	-0.109576
40.72	-0.108668
40.73	-0.107758
40.74	-0.106846
40.75	-0.105931
40.76	-0.105014
40.77	-0.104095
40.78	-0.103174
40.79	-0.10225
40.8	-0.101324
40.81	-0.100396
40.82	-0.0994662
40.83	-0.0985339
40.84	-0.0975993
40.85	-0.0966627
40.86	-0.095724
40.87	-0.0947831
40.88	-0.0938402
40.89	-0.0928953
40.9	-0.0919483
40.91	-0.0909993
40.92	-0.0900484
40.93	-0.0890955
40.94	-0.0881406
40.95	-0.0871838
40.96	-0.0862251
40.97	-0.0852645
40.98	-0.084302
40.99	-0.0833377
41	-0.0823716
41.01	-0.0814036
41.02	-0.0804339
41.03	-0.0794624
41.04	-0.0784892
41.05	-0.0775142
41.06	-0.0765375
41.07	-0.0755592
41.08	-0.0745792
41.09	-0.0735975
41.1	-0.0726142
41.11	-0.0716294
41.12	-0.0706429
41.13	-0.0696549
41.14	-0.0686653
41.15	-0.0676743
41.16	-0.0666817
41.17	-0.0656877
41.18	-0.0646922
41.19	-0.0636953
41.2	-0.0626969
41.21	-0.0616972
41.22	-0.0606961
41.23	-0.0596937
41.24	-0.05869
41.25	-0.0576849
41.26	-0.0566786
41.27	-0.055671
41.28	-0.0546621
41.29	-0.0536521
41.3	-0.0526409
41.31	-0.0516284
41.32	-0.0506149
41.33	-0.0496002
41.34	-0.0485844
41.35	-0.0475675
41.36	-0.0465495
41.37	-0.0455305
41.38	-0.0445105
41.39	-0.0434895
41.4	-0.0424675
41.41	-0.0414446
41.42	-0.0404208
41.43	-0.039396
41.44	-0.0383703
41.45	-0.0373438
41.46	-0.0363164
41.47	-0.0352883
41.48	-0.0342593
41.49	-0.0332295
41.5	-0.0321991
41.51	-0.0311678
41.52	-0.0301359
41.53	-0.0291033
41.54	-0.02807
41.55	-0.0270361
41.56	-0.0260015
41.57	-0.0249664
41.58	-0.0239307
41.59	-0.0228945
41.6	-0.0218577
41.61	-0.0208204
41.62	-0.0197827
41.63	-0.0187445
41.64	-0.0177058
41.65	-0.0166668
41.66	-0.0156273
41.67	-0.0145875
41.68	-0.0135474
41.69	-0.0125069
41.7	-0.0114661
41.71	-0.0104251
41.72	-0.00938376
41.73	-0.00834224
41.74	-0.0073005
41.75	-0.00625858
41.76	-0.0052165
41.77	-0.00417429
41.78	-0.00313196
41.79	-0.00208954
41.8	-0.00104704
41.81	-4.50755e-06
41.82	0.00103805
41.83	0.00208061
41.84	0.00312315
41.85	0.00416564
41.86	0.00520806
41.87	0.0062504
41.88	0.00729261
41.89	0.00833469
41.9	0.00937661
41.91	0.0104183
41.92	0.0114599
41.93	0.0125012
41.94	0.0135422
41.95	0.014583
41.96	0.0156235
41.97	0.0166636
41.98	0.0177035
41.99	0.0187429
42	0.019782
42.01	0.0208206
42.02	0.0218588
42.03	0.0228966
42.04	0.0239338
42.05	0.0249706
42.06	0.0260069
42.07	0.0270426
42.08	0.0280777
42.09	0.0291122
42.1	0.0301462
42.11	0.0311794
42.12	0.0322121
42.13	0.033244
42.14	0.0342752
42.15	0.0353057
42.16	0.0363355
42.17	0.0373644
42.18	0.0383926
42.19	0.03942
42.2	0.0404465
42.21	0.0414721
42.22	0.0424969
42.23	0.0435208
42.24	0.0445437
42.25	0.0455657
42.26	0.0465867
42.27	0.0476067
42.28	0.0486257
42.29	0.0496436
42.3	0.0506605
42.31	0.0516763
42.32	0.052691
42.33	0.0537045
42.34	0.0547169
42.35	0.0557281
42.36	0.0567382
42.37	0.057747
42.38	0.0587546
42.39	0.0597609
42.4	0.0607659
42.41	0.0617697
42.42	0.0627721
42.43	0.0637731
42.44	0.0647728
42.45	0.0657711
42.46	0.066768
42.47	0.0677635
42.48	0.0687575
42.49	0.06975
42.5	0.070741
42.51	0.0717305
42.52	0.0727185
42.53	0.0737049
42.54	0.0746897
42.55	0.075673
42.56	0.0766546
42.57	0.0776345
42.58	0.0786128
42.59	0.0795894
42.6	0.0805643
42.61	0.0815375
42.62	0.0825089
42.63	0.0834786
42.64	0.0844465
42.65	0.0854125
42.66	0.0863768
42.67	0.0873392
42.68	0.0882997
42.69	0.0892583
42.7	0.090215
42.71	0.0911698
42.72	0.0921226
42.73	0.0930735
42.74	0.0940223
42.75	0.0949692
42.76	0.095914
42.77	0.0968568
42.78	0.0977975
42.79	0.0987362
42.8	0.0996727
42.81	0.100607
42.82	0.101539
42.83	0.102469
42.84	0.103397
42.85	0.104323
42.86	0.105246
42.87	0.106168
42.88	0.107087
42.89	0.108003
42.9	0.108918
42.91	0.10983
42.92	0.110739
42.93	0.111647
42.94	0.112552
42.95	0.113454
42.96	0.114355
42.97	0.115252
42.98	0.116148
42.99	0.11704
43	0.117931
43.01	0.118819
43.02	0.119704
43.03	0.120587
43.04	0.121467
43.05	0.122345
43.06	0.12322
43.07	0.124092
43.08	0.124962
43.09	0.125829
43.1	0.126694
43.11	0.127556
43.12	0.128415
43.13	0.129271
43.14	0.130125
43.15	0.130976
43.16	0.131824
43.17	0.13267
43.18	0.133512
43.19	0.134352
43.2	0.135189
43.21	0.136023
43.22	0.136855
43.23	0.137683
43.24	0.138509
43.25	0.139331
43.26	0.140151
43.27	0.140968
43.28	0.141781
43.29	0.142592
43.3	0.1434
43.31	0.144205
43.32	0.145007
43.33	0.145805
43.34	0.146601
43.35	0.147394
43.36	0.148183
43.37	0.14897
43.38	0.149753
43.39	0.150533
43.4	0.15131
43.41	0.152084
43.42	0.152855
43.43	0.153622
43.44	0.154387
43.45	0.155148
43.46	0.155906
43.47	0.15666
43.48	0.157412
43.49	0.15816
43.5	0.158905
43.51	0.159646
43.52	0.160384
43.53	0.161119
43.54	0.161851
43.55	0.162579
43.56	0.163304
43.57	0.164025
43.58	0.164743
43.59	0.165458
43.6	0.166169
43.61	0.166877
43.62	0.167581
43.63	0.168282
43.64	0.168979
43.65	0.169673
43.66	0.170363
43.67	0.17105
43.68	0.171733
43.69	0.172413
43.7	0.173089
43.71	0.173762
43.72	0.174431
43.73	0.175097
43.74	0.175759
43.75	0.176417
43.76	0.177072
43.77	0.177723
43.78	0.17837
43.79	0.179014
43.8	0.179654
43.81	0.18029
43.82	0.180923
43.83	0.181552
43.84	0.182177
43.85	0.182799
43.86	0.183416
43.87	0.18403
43.88	0.184641
43.89	0.185247
43.9	0.18585
43.91	0.186449
43.92	0.187044
43.93	0.187635
43.94	0.188223
43.95	0.188806
43.96	0.189386
43.97	0.189962
43.98	0.190534
43.99	0.191103
44	0.191667
44.01	0.192227
44.02	0.192784
44.03	0.193336
44.04	0.193885
44.05	0.19443
44.06	0.194971
44.07	0.195508
44.08	0.196041
44.09	0.19657
44.1	0.197095
44.11	0.197616
44.12	0.198133
44.13	0.198646
44.14	0.199155
44.15	0.19966
44.16	0.20016
44.17	0.200657
44.18	0.20115
44.19	0.201639
44.2	0.202124
44.21	0.202604
44.22	0.203081
44.23	0.203554
44.24	0.204022
44.25	0.204486
44.26	0.204946
44.27	0.205402
44.28	0.205854
44.29	0.206302
44.3	0.206746
44.31	0.207185
44.32	0.207621
44.33	0.208052
44.34	0.208479
44.35	0.208902
44.36	0.209321
44.37	0.209735
44.38	0.210145
44.39	0.210551
44.4	0.210953
44.41	0.211351
44.42	0.211744
44.43	0.212134
44.44	0.212519
44.45	0.212899
44.46	0.213276
44.47	0.213648
44.48	0.214016
44.49	0.21438
44.5	0.214739
44.51	0.215094
44.52	0.215445
44.53	0.215792
44.54	0.216134
44.55	0.216472
44.56	0.216805
44.57	0.217135
44.58	0.21746
44.59	0.21778
44.6	0.218097
44.61	0.218409
44.62	0.218717
44.63	0.21902
44.64	0.219319
44.65	0.219614
44.66	0.219904
44.67	0.22019
44.68	0.220472
44.69	0.220749
44.7	0.221022
44.71	0.22129
44.72	0.221554
44.73	0.221814
44.74	0.222069
44.75	0.22232
44.76	0.222567
44.77	0.222809
44.78	0.223046
44.79	0.22328
44.8	0.223509
44.81	0.223733
44.82	0.223953
44.83	0.224169
44.84	0.22438
44.85	0.224587
44.86	0.224789
44.87	0.224987
44.88	0.22518
44.89	0.225369
44.9	0.225554
44.91	0.225734
44.92	0.225909
44.93	0.226081
44.94	0.226247
44.95	0.22641
44.96	0.226567
44.97	0.226721
44.98	0.22687
44.99	0.227014
45	0.227154
45.01	0.227289
45.02	0.22742
45.03	0.227547
45.04	0.227669
45.05	0.227786
45.06	0.227899
45.07	0.228008
45.08	0.228112
45.09	0.228212
45.1	0.228307
45.11	0.228397
45.12	0.228483
45.13	0.228565
45.14	0.228642
45.15	0.228715
45.16	0.228783
45.17	0.228846
45.18	0.228906
45.19	0.22896
45.2	0.22901
45.21	0.229056
45.22	0.229097
45.23	0.229134
45.24	0.229166
45.25	0.229193
45.26	0.229216
45.27	0.229235
45.28	0.229249
45.29	0.229258
45.3	0.229263
45.31	0.229264
45.32	0.22926
45.33	0.229251
45.34	0.229238
45.35	0.229221
45.36	0.229199
45.37	0.229172
45.38	0.229141
45.39	0.229106
45.4	0.229066
45.41	0.229021
45.42	0.228972
45.43	0.228918
45.44	0.22886
45.45	0.228798
45.46	0.228731
45.47	0.228659
45.48	0.228583
45.49	0.228502
45.5	0.228417
45.51	0.228328
45.52	0.228234
45.53	0.228135
45.54	0.228032
45.55	0.227924
45.56	0.227812
45.57	0.227696
45.58	0.227575
45.59	0.227449
45.6	0.227319
45.61	0.227185
45.62	0.227046
45.63	0.226902
45.64	0.226755
45.65	0.226602
45.66	0.226445
45.67	0.226284
45.68	0.226118
45.69	0.225948
45.7	0.225773
45.71	0.225594
45.72	0.22541
45.73	0.225222
45.74	0.22503
45.75	0.224833
45.76	0.224631
45.77	0.224425
45.78	0.224215
45.79	0.224
45.8	0.223781
45.81	0.223558
45.82	0.22333
45.83	0.223097
45.84	0.22286
45.85	0.222619
45.86	0.222373
45.87	0.222123
45.88	0.221869
45.89	0.22161
45.9	0.221346
45.91	0.221079
45.92	0.220807
45.93	0.22053
45.94	0.220249
45.95	0.219964
45.96	0.219674
45.97	0.219381
45.98	0.219082
45.99	0.218779
46	0.218472
46.01	0.218161
46.02	0.217845
46.03	0.217525
46.04	0.217201
46.05	0.216872
46.06	0.216539
46.07	0.216202
46.08	0.21586
46.09	0.215514
46.1	0.215164
46.11	0.214809
46.12	0.21445
46.13	0.214087
46.14	0.21372
46.15	0.213348
46.16	0.212972
46.17	0.212592
46.18	0.212207
46.19	0.211818
46.2	0.211425
46.21	0.211028
46.22	0.210627
46.23	0.210221
46.24	0.209811
46.25	0.209397
46.26	0.208979
46.27	0.208556
46.28	0.208129
46.29	0.207699
46.3	0.207263
46.31	0.206824
46.32	0.206381
46.33	0.205933
46.34	0.205481
46.35	0.205026
46.36	0.204566
46.37	0.204101
46.38	0.203633
46.39	0.203161
46.4	0.202684
46.41	0.202204
46.42	0.201719
46.43	0.20123
46.44	0.200738
46.45	0.200241
46.46	0.19974
46.47	0.199235
46.48	0.198726
46.49	0.198213
46.5	0.197696
46.51	0.197175
46.52	0.19665
46.53	0.196121
46.54	0.195587
46.55	0.19505
46.56	0.194509
46.57	0.193964
46.58	0.193416
46.59	0.192863
46.6	0.192306
46.61	0.191745
46.62	0.19118
46.63	0.190612
46.64	0.190039
46.65	0.189463
46.66	0.188883
46.67	0.188299
46.68	0.187711
46.69	0.187119
46.7	0.186524
46.71	0.185924
46.72	0.185321
46.73	0.184714
46.74	0.184103
46.75	0.183488
46.76	0.18287
46.77	0.182248
46.78	0.181622
46.79	0.180992
46.8	0.180359
46.81	0.179722
46.82	0.179081
46.83	0.178437
46.84	0.177788
46.85	0.177137
46.86	0.176481
46.87	0.175822
46.88	0.175159
46.89	0.174493
46.9	0.173823
46.91	0.173149
46.92	0.172472
46.93	0.171791
46.94	0.171107
46.95	0.170419
46.96	0.169727
46.97	0.169032
46.98	0.168334
46.99	0.167632
47	0.166926
47.01	0.166217
47.02	0.165505
47.03	0.164789
47.04	0.16407
47.05	0.163347
47.06	0.162621
47.07	0.161891
47.08	0.161158
47.09	0.160422
47.1	0.159682
47.11	0.158939
47.12	0.158193
47.13	0.157443
47.14	0.15669
47.15	0.155934
47.16	0.155175
47.17	0.154412
47.18	0.153646
47.19	0.152877
47.2	0.152104
47.21	0.151328
47.22	0.15055
47.23	0.149767
47.24	0.148982
47.25	0.148194
47.26	0.147402
47.27	0.146608
47.28	0.14581
47.29	0.145009
47.3	0.144206
47.31	0.143399
47.32	0.142589
47.33	0.141776
47.34	0.14096
47.35	0.140141
47.36	0.139319
47.37	0.138494
47.38	0.137666
47.39	0.136835
47.4	0.136002
47.41	0.135165
47.42	0.134326
47.43	0.133483
47.44	0.132638
47.45	0.13179
47.46	0.130939
47.47	0.130086
47.48	0.12923
47.49	0.12837
47.5	0.127509
47.51	0.126644
47.52	0.125777
47.53	0.124907
47.54	0.124034
47.55	0.123159
47.56	0.122281
47.57	0.1214
47.58	0.120517
47.59	0.119631
47.6	0.118743
47.61	0.117852
47.62	0.116958
47.63	0.116062
47.64	0.115164
47.65	0.114263
47.66	0.113359
47.67	0.112453
47.68	0.111545
47.69	0.110634
47.7	0.109721
47.71	0.108806
47.72	0.107888
47.73	0.106968
47.74	0.106045
47.75	0.105121
47.76	0.104193
47.77	0.103264
47.78	0.102333
47.79	0.101399
47.8	0.100463
47.81	0.0995246
47.82	0.0985843
47.83	0.0976418
47.84	0.0966972
47.85	0.0957505
47.86	0.0948018
47.87	0.0938509
47.88	0.092898
47.89	0.0919431
47.9	0.0909861
47.91	0.0900272
47.92	0.0890663
47.93	0.0881035
47.94	0.0871388
47.95	0.0861721
47.96	0.0852035
47.97	0.0842331
47.98	0.0832609
47.99	0.0822868
48	0.0813109
48.01	0.0803332
48.02	0.0793538
48.03	0.0783726
48.04	0.0773897
48.05	0.0764051
48.06	0.0754188
48.07	0.0744309
48.08	0.0734413
48.09	0.0724501
48.1	0.0714573
48.11	0.0704629
48.12	0.069467
48.13	0.0684695
48.14	0.0674705
48.15	0.0664701
48.16	0.0654681
48.17	0.0644648
48.18	0.06346
48.19	0.0624537
48.2	0.0614461
48.21	0.0604372
48.22	0.0594269
48.23	0.0584153
48.24	0.0574024
48.25	0.0563882
48.26	0.0553727
48.27	0.0543561
48.28	0.0533382
48.29	0.0523191
48.3	0.0512989
48.31	0.0502775
48.32	0.049255
48.33	0.0482314
48.34	0.0472067
48.35	0.046181
48.36	0.0451542
48.37	0.0441264
48.38	0.0430977
48.39	0.0420679
48.4	0.0410373
48.41	0.0400057
48.42	0.0389732
48.43	0.0379398
48.44	0.0369056
48.45	0.0358705
48.46	0.0348346
48.47	0.033798
48.48	0.0327606
48.49	0.0317224
48.5	0.0306835
48.51	0.029644
48.52	0.0286037
48.53	0.0275628
48.54	0.0265213
48.55	0.0254792
48.56	0.0244365
48.57	0.0233932
48.58	0.0223494
48.59	0.0213051
48.6	0.0202603
48.61	0.019215
48.62	0.0181693
48.63	0.0171231
48.64	0.0160766
48.65	0.0150297
48.66	0.0139824
48.67	0.0129348
48.68	0.0118869
48.69	0.0108387
48.7	0.00979024
48.71	0.00874155
48.72	0.00769264
48.73	0.00664354
48.74	0.00559427
48.75	0.00454485
48.76	0.00349532
48.77	0.00244568
48.78	0.00139596
48.79	0.000346195
48.8	-0.000703605
48.81	-0.00175341
48.82	-0.0028032
48.83	-0.00385296
48.84	-0.00490265
48.85	-0.00595225
48.86	-0.00700175
48.87	-0.00805112
48.88	-0.00910034
48.89	-0.0101494
48.9	-0.0111982
48.91	-0.0122468
48.92	-0.0132952
48.93	-0.0143433
48.94	-0.0153911
48.95	-0.0164386
48.96	-0.0174857
48.97	-0.0185325
48.98	-0.0195789
48.99	-0.0206249
49	-0.0216705
49.01	-0.0227156
49.02	-0.0237603
49.03	-0.0248044
49.04	-0.025848
49.05	-0.0268911
49.06	-0.0279336
49.07	-0.0289756
49.08	-0.0300169
49.09	-0.0310575
49.1	-0.0320976
49.11	-0.0331369
49.12	-0.0341755
49.13	-0.0352134
49.14	-0.0362506
49.15	-0.0372869
49.16	-0.0383225
49.17	-0.0393573
49.18	-0.0403912
49.19	-0.0414243
49.2	-0.0424565
49.21	-0.0434877
49.22	-0.0445181
49.23	-0.0455475
49.24	-0.0465759
49.25	-0.0476033
49.26	-0.0486297
49.27	-0.0496551
49.28	-0.0506794
49.29	-0.0517026
49.3	-0.0527247
49.31	-0.0537457
49.32	-0.0547655
49.33	-0.0557841
49.34	-0.0568016
49.35	-0.0578178
49.36	-0.0588328
49.37	-0.0598465
49.38	-0.060859
49.39	-0.0618701
49.4	-0.0628799
49.41	-0.0638884
49.42	-0.0648955
49.43	-0.0659012
49.44	-0.0669055
49.45	-0.0679083
49.46	-0.0689097
49.47	-0.0699096
49.48	-0.070908
49.49	-0.0719049
49.5	-0.0729002
49.51	-0.073894
49.52	-0.0748862
49.53	-0.0758768
49.54	-0.0768658
49.55	-0.0778531
49.56	-0.0788387
49.57	-0.0798227
49.58	-0.0808049
49.59	-0.0817855
49.6	-0.0827642
49.61	-0.0837412
49.62	-0.0847164
49.63	-0.0856898
49.64	-0.0866613
49.65	-0.087631
49.66	-0.0885988
49.67	-0.0895647
49.68	-0.0905287
49.69	-0.0914908
49.7	-0.0924509
49.71	-0.093409
49.72	-0.0943651
49.73	-0.0953193
49.74	-0.0962713
49.75	-0.0972214
49.76	-0.0981693
49.77	-0.0991151
49.78	-0.100059
49.79	-0.101
49.8	-0.10194
49.81	-0.102877
49.82	-0.103812
49.83	-0.104745
49.84	-0.105676
49.85	-0.106604
49.86	-0.10753
49.87	-0.108454
49.88	-0.109376
49.89	-0.110295
49.9	-0.111212
49.91	-0.112126
49.92	-0.113038
49.93	-0.113948
49.94	-0.114855
49.95	-0.11576
49.96	-0.116662
49.97	-0.117562
49.98	-0.118459
49.99	-0.119354
50	-0.120247
