-20	-2.75412
-19.9905	-2.81816
-19.981	-2.88194
-19.9715	-2.94547
-19.962	-3.00873
-19.9525	-3.07172
-19.943	-3.13443
-19.9335	-3.19685
-19.924	-3.25899
-19.9145	-3.32084
-19.905	-3.38238
-19.8955	-3.44363
-19.886	-3.50455
-19.8765	-3.56517
-19.867	-3.62546
-19.8575	-3.68542
-19.848	-3.74506
-19.8385	-3.80435
-19.829	-3.8633
-19.8195	-3.9219
-19.81	-3.98015
-19.8005	-4.03804
-19.791	-4.09556
-19.7815	-4.15272
-19.772	-4.2095
-19.7625	-4.2659
-19.753	-4.32191
-19.7435	-4.37754
-19.734	-4.43276
-19.7245	-4.48759
-19.715	-4.54202
-19.7055	-4.59603
-19.696	-4.64963
-19.6865	-4.70281
-19.677	-4.75557
-19.6675	-4.8079
-19.658	-4.85979
-19.6485	-4.91124
-19.639	-4.96225
-19.6295	-5.01282
-19.62	-5.06293
-19.6105	-5.11258
-19.601	-5.16177
-19.5915	-5.2105
-19.582	-5.25876
-19.5725	-5.30654
-19.563	-5.35384
-19.5535	-5.40066
-19.544	-5.44699
-19.5345	-5.49283
-19.525	-5.53818
-19.5155	-5.58302
-19.506	-5.62736
-19.4965	-5.6712
-19.487	-5.71452
-19.4775	-5.75732
-19.468	-5.79961
-19.4585	-5.84137
-19.449	-5.88261
-19.4395	-5.92331
-19.43	-5.96348
-19.4205	-6.00311
-19.411	-6.0422
-19.4015	-6.08075
-19.392	-6.11875
-19.3825	-6.15619
-19.373	-6.19308
-19.3635	-6.22941
-19.354	-6.26517
-19.3445	-6.30037
-19.335	-6.33501
-19.3255	-6.36907
-19.316	-6.40255
-19.3065	-6.43546
-19.297	-6.46779
-19.2875	-6.49954
-19.278	-6.53069
-19.2685	-6.56126
-19.259	-6.59124
-19.2495	-6.62062
-19.24	-6.6494
-19.2305	-6.67758
-19.221	-6.70517
-19.2115	-6.73214
-19.202	-6.75851
-19.1925	-6.78427
-19.183	-6.80941
-19.1735	-6.83394
-19.164	-6.85786
-19.1545	-6.88115
-19.145	-6.90383
-19.1355	-6.92588
-19.126	-6.94731
-19.1165	-6.96811
-19.107	-6.98828
-19.0975	-7.00782
-19.088	-7.02672
-19.0785	-7.045
-19.069	-7.06263
-19.0595	-7.07963
-19.05	-7.096
-19.0405	-7.11172
-19.031	-7.1268
-19.0215	-7.14123
-19.012	-7.15502
-19.0025	-7.16817
-18.993	-7.18067
-18.9835	-7.19252
-18.974	-7.20372
-18.9645	-7.21427
-18.955	-7.22417
-18.9455	-7.23342
-18.936	-7.24201
-18.9265	-7.24995
-18.917	-7.25724
-18.9075	-7.26387
-18.898	-7.26985
-18.8885	-7.27517
-18.879	-7.27984
-18.8695	-7.28384
-18.86	-7.28719
-18.8505	-7.28988
-18.841	-7.29192
-18.8315	-7.29329
-18.822	-7.29401
-18.8125	-7.29407
-18.803	-7.29347
-18.7935	-7.29222
-18.784	-7.2903
-18.7745	-7.28773
-18.765	-7.2845
-18.7555	-7.28061
-18.746	-7.27606
-18.7365	-7.27086
-18.727	-7.265
-18.7175	-7.25849
-18.708	-7.25132
-18.6985	-7.2435
-18.689	-7.23502
-18.6795	-7.22589
-18.67	-7.21611
-18.6605	-7.20568
-18.651	-7.19459
-18.6415	-7.18286
-18.632	-7.17048
-18.6225	-7.15745
-18.613	-7.14378
-18.6035	-7.12946
-18.594	-7.11449
-18.5845	-7.09889
-18.575	-7.08265
-18.5655	-7.06576
-18.556	-7.04824
-18.5465	-7.03008
-18.537	-7.01129
-18.5275	-6.99186
-18.518	-6.97181
-18.5085	-6.95112
-18.499	-6.92981
-18.4895	-6.90787
-18.48	-6.88531
-18.4705	-6.86212
-18.461	-6.83832
-18.4515	-6.8139
-18.442	-6.78887
-18.4325	-6.76322
-18.423	-6.73696
-18.4135	-6.7101
-18.404	-6.68262
-18.3945	-6.65455
-18.385	-6.62588
-18.3755	-6.5966
-18.366	-6.56673
-18.3565	-6.53627
-18.347	-6.50522
-18.3375	-6.47358
-18.328	-6.44136
-18.3185	-6.40856
-18.309	-6.37518
-18.2995	-6.34122
-18.29	-6.30669
-18.2805	-6.27159
-18.271	-6.23593
-18.2615	-6.1997
-18.252	-6.16291
-18.2425	-6.12557
-18.233	-6.08767
-18.2235	-6.04923
-18.214	-6.01023
-18.2045	-5.9707
-18.195	-5.93063
-18.1855	-5.89002
-18.176	-5.84888
-18.1665	-5.80721
-18.157	-5.76502
-18.1475	-5.72231
-18.138	-5.67908
-18.1285	-5.63534
-18.119	-5.59109
-18.1095	-5.54634
-18.1	-5.50108
-18.0905	-5.45533
-18.081	-5.40909
-18.0715	-5.36236
-18.062	-5.31514
-18.0525	-5.26745
-18.043	-5.21928
-18.0335	-5.17063
-18.024	-5.12153
-18.0145	-5.07195
-18.005	-5.02193
-17.9955	-4.97145
-17.986	-4.92052
-17.9765	-4.86914
-17.967	-4.81733
-17.9575	-4.76508
-17.948	-4.7124
-17.9385	-4.6593
-17.929	-4.60577
-17.9195	-4.55183
-17.91	-4.49748
-17.9005	-4.44273
-17.891	-4.38757
-17.8815	-4.33201
-17.872	-4.27607
-17.8625	-4.21974
-17.853	-4.16303
-17.8435	-4.10594
-17.834	-4.04848
-17.8245	-3.99066
-17.815	-3.93248
-17.8055	-3.87394
-17.796	-3.81505
-17.7865	-3.75582
-17.777	-3.69625
-17.7675	-3.63634
-17.758	-3.57611
-17.7485	-3.51556
-17.739	-3.45468
-17.7295	-3.3935
-17.72	-3.33201
-17.7105	-3.27022
-17.701	-3.20813
-17.6915	-3.14575
-17.682	-3.08309
-17.6725	-3.02016
-17.663	-2.95695
-17.6535	-2.89347
-17.644	-2.82973
-17.6345	-2.76573
-17.625	-2.70149
-17.6155	-2.637
-17.606	-2.57228
-17.5965	-2.50732
-17.587	-2.44214
-17.5775	-2.37673
-17.568	-2.31111
-17.5585	-2.24529
-17.549	-2.17925
-17.5395	-2.11303
-17.53	-2.04661
-17.5205	-1.98001
-17.511	-1.91323
-17.5015	-1.84627
-17.492	-1.77915
-17.4825	-1.71187
-17.473	-1.64444
-17.4635	-1.57685
-17.454	-1.50913
-17.4445	-1.44127
-17.435	-1.37327
-17.4255	-1.30516
-17.416	-1.23692
-17.4065	-1.16858
-17.397	-1.10013
-17.3875	-1.03158
-17.378	-0.962932
-17.3685	-0.894202
-17.359	-0.825391
-17.3495	-0.756505
-17.34	-0.687551
-17.3305	-0.618535
-17.321	-0.549463
-17.3115	-0.480342
-17.302	-0.411177
-17.2925	-0.341976
-17.283	-0.272743
-17.2735	-0.203486
-17.264	-0.13421
-17.2545	-0.0649223
-17.245	0.0043713
-17.2355	0.0736645
-17.226	0.142951
-17.2165	0.212225
-17.207	0.281479
-17.1975	0.350708
-17.188	0.419906
-17.1785	0.489065
-17.169	0.558181
-17.1595	0.627246
-17.15	0.696254
-17.1405	0.7652
-17.131	0.834077
-17.1215	0.902878
-17.112	0.971598
-17.1025	1.04023
-17.093	1.10877
-17.0835	1.17721
-17.074	1.24554
-17.0645	1.31376
-17.055	1.38186
-17.0455	1.44983
-17.036	1.51768
-17.0265	1.58539
-17.017	1.65295
-17.0075	1.72037
-16.998	1.78763
-16.9885	1.85473
-16.979	1.92166
-16.9695	1.98842
-16.96	2.055
-16.9505	2.12139
-16.941	2.1876
-16.9315	2.2536
-16.922	2.3194
-16.9125	2.385
-16.903	2.45037
-16.8935	2.51553
-16.884	2.58046
-16.8745	2.64515
-16.865	2.70961
-16.8555	2.77382
-16.846	2.83778
-16.8365	2.90149
-16.827	2.96494
-16.8175	3.02811
-16.808	3.09102
-16.7985	3.15364
-16.789	3.21598
-16.7795	3.27803
-16.77	3.33978
-16.7605	3.40124
-16.751	3.46238
-16.7415	3.52321
-16.732	3.58373
-16.7225	3.64392
-16.713	3.70378
-16.7035	3.76331
-16.694	3.8225
-16.6845	3.88134
-16.675	3.93984
-16.6655	3.99798
-16.656	4.05575
-16.6465	4.11316
-16.637	4.1702
-16.6275	4.22687
-16.618	4.28315
-16.6085	4.33904
-16.599	4.39455
-16.5895	4.44966
-16.58	4.50436
-16.5705	4.55866
-16.561	4.61255
-16.5515	4.66602
-16.542	4.71907
-16.5325	4.77169
-16.523	4.82389
-16.5135	4.87565
-16.504	4.92697
-16.4945	4.97784
-16.485	5.02826
-16.4755	5.07823
-16.466	5.12775
-16.4565	5.1768
-16.447	5.22538
-16.4375	5.27349
-16.428	5.32112
-16.4185	5.36828
-16.409	5.41495
-16.3995	5.46113
-16.39	5.50682
-16.3805	5.55201
-16.371	5.5967
-16.3615	5.64089
-16.352	5.68456
-16.3425	5.72773
-16.333	5.77037
-16.3235	5.8125
-16.314	5.8541
-16.3045	5.89517
-16.295	5.93571
-16.2855	5.97572
-16.276	6.01518
-16.2665	6.05411
-16.257	6.09248
-16.2475	6.13031
-16.238	6.16758
-16.2285	6.2043
-16.219	6.24046
-16.2095	6.27605
-16.2	6.31108
-16.1905	6.34553
-16.181	6.37942
-16.1715	6.41273
-16.162	6.44546
-16.1525	6.47761
-16.143	6.50917
-16.1335	6.54015
-16.124	6.57054
-16.1145	6.60033
-16.105	6.62953
-16.0955	6.65813
-16.086	6.68612
-16.0765	6.71352
-16.067	6.74031
-16.0575	6.76649
-16.048	6.79206
-16.0385	6.81702
-16.029	6.84136
-16.0195	6.86508
-16.01	6.88819
-16.0005	6.91067
-15.991	6.93253
-15.9815	6.95376
-15.972	6.97437
-15.9625	6.99435
-15.953	7.01369
-15.9435	7.03241
-15.934	7.05048
-15.9245	7.06793
-15.915	7.08473
-15.9055	7.10089
-15.896	7.11642
-15.8865	7.1313
-15.877	7.14554
-15.8675	7.15913
-15.858	7.17208
-15.8485	7.18438
-15.839	7.19603
-15.8295	7.20703
-15.82	7.21738
-15.8105	7.22708
-15.801	7.23613
-15.7915	7.24452
-15.782	7.25226
-15.7725	7.25935
-15.763	7.26578
-15.7535	7.27156
-15.744	7.27667
-15.7345	7.28114
-15.725	7.28494
-15.7155	7.28809
-15.706	7.29058
-15.6965	7.29241
-15.687	7.29359
-15.6775	7.2941
-15.668	7.29396
-15.6585	7.29316
-15.649	7.2917
-15.6395	7.28958
-15.63	7.28681
-15.6205	7.28337
-15.611	7.27928
-15.6015	7.27454
-15.592	7.26913
-15.5825	7.26307
-15.573	7.25636
-15.5635	7.24899
-15.554	7.24096
-15.5445	7.23229
-15.535	7.22296
-15.5255	7.21297
-15.516	7.20234
-15.5065	7.19106
-15.497	7.17913
-15.4875	7.16654
-15.478	7.15332
-15.4685	7.13945
-15.459	7.12493
-15.4495	7.10977
-15.44	7.09397
-15.4305	7.07753
-15.421	7.06044
-15.4115	7.04273
-15.402	7.02437
-15.3925	7.00539
-15.383	6.98577
-15.3735	6.96552
-15.364	6.94464
-15.3545	6.92313
-15.345	6.901
-15.3355	6.87825
-15.326	6.85488
-15.3165	6.83088
-15.307	6.80627
-15.2975	6.78105
-15.288	6.75522
-15.2785	6.72877
-15.269	6.70172
-15.2595	6.67406
-15.25	6.6458
-15.2405	6.61694
-15.231	6.58749
-15.2215	6.55744
-15.212	6.52679
-15.2025	6.49556
-15.193	6.46375
-15.1835	6.43134
-15.174	6.39836
-15.1645	6.3648
-15.155	6.33067
-15.1455	6.29597
-15.136	6.26069
-15.1265	6.22485
-15.117	6.18845
-15.1075	6.1515
-15.098	6.11398
-15.0885	6.07592
-15.079	6.0373
-15.0695	5.99814
-15.06	5.95844
-15.0505	5.91821
-15.041	5.87744
-15.0315	5.83613
-15.022	5.7943
-15.0125	5.75195
-15.003	5.70908
-14.9935	5.6657
-14.984	5.6218
-14.9745	5.57739
-14.965	5.53248
-14.9555	5.48708
-14.946	5.44117
-14.9365	5.39478
-14.927	5.3479
-14.9175	5.30054
-14.908	5.2527
-14.8985	5.20438
-14.889	5.15559
-14.8795	5.10634
-14.87	5.05663
-14.8605	5.00646
-14.851	4.95584
-14.8415	4.90478
-14.832	4.85327
-14.8225	4.80132
-14.813	4.74894
-14.8035	4.69613
-14.794	4.6429
-14.7845	4.58924
-14.775	4.53518
-14.7655	4.4807
-14.756	4.42582
-14.7465	4.37054
-14.737	4.31487
-14.7275	4.2588
-14.718	4.20235
-14.7085	4.14553
-14.699	4.08833
-14.6895	4.03075
-14.68	3.97282
-14.6705	3.91453
-14.661	3.85588
-14.6515	3.79689
-14.642	3.73755
-14.6325	3.67788
-14.623	3.61787
-14.6135	3.55754
-14.604	3.49689
-14.5945	3.43592
-14.585	3.37464
-14.5755	3.31305
-14.566	3.25117
-14.5565	3.189
-14.547	3.12653
-14.5375	3.06379
-14.528	3.00076
-14.5185	2.93747
-14.509	2.87391
-14.4995	2.81009
-14.49	2.74602
-14.4805	2.6817
-14.471	2.61714
-14.4615	2.55234
-14.452	2.48732
-14.4425	2.42206
-14.433	2.35659
-14.4235	2.29091
-14.414	2.22502
-14.4045	2.15893
-14.395	2.09264
-14.3855	2.02617
-14.376	1.95951
-14.3665	1.89267
-14.357	1.82567
-14.3475	1.7585
-14.338	1.69117
-14.3285	1.62369
-14.319	1.55606
-14.3095	1.48829
-14.3	1.42039
-14.2905	1.35236
-14.281	1.2842
-14.2715	1.21593
-14.262	1.14756
-14.2525	1.07907
-14.243	1.01049
-14.2335	0.941823
-14.224	0.873067
-14.2145	0.804233
-14.205	0.735325
-14.1955	0.666352
-14.186	0.597318
-14.1765	0.52823
-14.167	0.459095
-14.1575	0.389918
-14.148	0.320706
-14.1385	0.251465
-14.129	0.182202
-14.1195	0.112922
-14.11	0.0436317
-14.1005	-0.0256625
-14.091	-0.0949543
-14.0815	-0.164238
-14.072	-0.233506
-14.0625	-0.302753
-14.053	-0.371973
-14.0435	-0.44116
-14.034	-0.510307
-14.0245	-0.579407
-14.015	-0.648455
-14.0055	-0.717445
-13.996	-0.78637
-13.9865	-0.855224
-13.977	-0.924001
-13.9675	-0.992695
-13.958	-1.0613
-13.9485	-1.12981
-13.939	-1.19821
-13.9295	-1.26651
-13.92	-1.33469
-13.9105	-1.40276
-13.901	-1.47069
-13.8915	-1.5385
-13.882	-1.60616
-13.8725	-1.67368
-13.863	-1.74105
-13.8535	-1.80826
-13.844	-1.87531
-13.8345	-1.94219
-13.825	-2.0089
-13.8155	-2.07542
-13.806	-2.14176
-13.7965	-2.2079
-13.787	-2.27384
-13.7775	-2.33958
-13.768	-2.40511
-13.7585	-2.47041
-13.749	-2.5355
-13.7395	-2.60036
-13.73	-2.66498
-13.7205	-2.72937
-13.711	-2.7935
-13.7015	-2.85739
-13.692	-2.92101
-13.6825	-2.98437
-13.673	-3.04747
-13.6635	-3.11029
-13.654	-3.17282
-13.6445	-3.23508
-13.635	-3.29703
-13.6255	-3.3587
-13.616	-3.42005
-13.6065	-3.4811
-13.597	-3.54184
-13.5875	-3.60226
-13.578	-3.66235
-13.5685	-3.72211
-13.559	-3.78153
-13.5495	-3.84062
-13.54	-3.89935
-13.5305	-3.95774
-13.521	-4.01577
-13.5115	-4.07343
-13.502	-4.13073
-13.4925	-4.18765
-13.483	-4.2442
-13.4735	-4.30036
-13.464	-4.35614
-13.4545	-4.41152
-13.445	-4.46651
-13.4355	-4.52109
-13.426	-4.57526
-13.4165	-4.62902
-13.407	-4.68236
-13.3975	-4.73528
-13.388	-4.78778
-13.3785	-4.83984
-13.369	-4.89146
-13.3595	-4.94264
-13.35	-4.99338
-13.3405	-5.04366
-13.331	-5.09349
-13.3215	-5.14286
-13.312	-5.19177
-13.3025	-5.24021
-13.293	-5.28817
-13.2835	-5.33566
-13.274	-5.38267
-13.2645	-5.42919
-13.255	-5.47522
-13.2455	-5.52076
-13.236	-5.56579
-13.2265	-5.61033
-13.217	-5.65436
-13.2075	-5.69788
-13.198	-5.74088
-13.1885	-5.78337
-13.179	-5.82533
-13.1695	-5.86677
-13.16	-5.90768
-13.1505	-5.94806
-13.141	-5.9879
-13.1315	-6.0272
-13.122	-6.06595
-13.1125	-6.10416
-13.103	-6.14182
-13.0935	-6.17892
-13.084	-6.21547
-13.0745	-6.25145
-13.065	-6.28687
-13.0555	-6.32172
-13.046	-6.356
-13.0365	-6.38971
-13.027	-6.42284
-13.0175	-6.4554
-13.008	-6.48736
-12.9985	-6.51875
-12.989	-6.54954
-12.9795	-6.57975
-12.97	-6.60936
-12.9605	-6.63837
-12.951	-6.66679
-12.9415	-6.6946
-12.932	-6.72181
-12.9225	-6.74841
-12.913	-6.77441
-12.9035	-6.79979
-12.894	-6.82456
-12.8845	-6.84871
-12.875	-6.87224
-12.8655	-6.89516
-12.856	-6.91745
-12.8465	-6.93912
-12.837	-6.96016
-12.8275	-6.98057
-12.818	-7.00035
-12.8085	-7.01951
-12.799	-7.03802
-12.7895	-7.05591
-12.78	-7.07315
-12.7705	-7.08976
-12.761	-7.10573
-12.7515	-7.12105
-12.742	-7.13574
-12.7325	-7.14978
-12.723	-7.16317
-12.7135	-7.17592
-12.704	-7.18802
-12.6945	-7.19947
-12.685	-7.21027
-12.6755	-7.22042
-12.666	-7.22992
-12.6565	-7.23877
-12.647	-7.24696
-12.6375	-7.2545
-12.628	-7.26139
-12.6185	-7.26762
-12.609	-7.27319
-12.5995	-7.27811
-12.59	-7.28237
-12.5805	-7.28597
-12.571	-7.28892
-12.5615	-7.29121
-12.552	-7.29284
-12.5425	-7.29381
-12.533	-7.29412
-12.5235	-7.29378
-12.514	-7.29277
-12.5045	-7.29111
-12.495	-7.28879
-12.4855	-7.28581
-12.476	-7.28218
-12.4665	-7.27789
-12.457	-7.27294
-12.4475	-7.26733
-12.438	-7.26107
-12.4285	-7.25415
-12.419	-7.24658
-12.4095	-7.23836
-12.4	-7.22948
-12.3905	-7.21995
-12.381	-7.20977
-12.3715	-7.19893
-12.362	-7.18745
-12.3525	-7.17532
-12.343	-7.16254
-12.3335	-7.14911
-12.324	-7.13504
-12.3145	-7.12033
-12.305	-7.10497
-12.2955	-7.08897
-12.286	-7.07234
-12.2765	-7.05506
-12.267	-7.03715
-12.2575	-7.0186
-12.248	-6.99941
-12.2385	-6.9796
-12.229	-6.95916
-12.2195	-6.93809
-12.21	-6.91639
-12.2005	-6.89407
-12.191	-6.87112
-12.1815	-6.84756
-12.172	-6.82338
-12.1625	-6.79858
-12.153	-6.77317
-12.1435	-6.74714
-12.134	-6.72051
-12.1245	-6.69327
-12.115	-6.66543
-12.1055	-6.63699
-12.096	-6.60794
-12.0865	-6.57831
-12.077	-6.54807
-12.0675	-6.51725
-12.058	-6.48584
-12.0485	-6.45384
-12.039	-6.42126
-12.0295	-6.3881
-12.02	-6.35436
-12.0105	-6.32005
-12.001	-6.28517
-11.9915	-6.24973
-11.982	-6.21372
-11.9725	-6.17714
-11.963	-6.14001
-11.9535	-6.10233
-11.944	-6.0641
-11.9345	-6.02531
-11.925	-5.98599
-11.9155	-5.94612
-11.906	-5.90572
-11.8965	-5.86479
-11.887	-5.82332
-11.8775	-5.78133
-11.868	-5.73882
-11.8585	-5.69579
-11.849	-5.65225
-11.8395	-5.60819
-11.83	-5.56363
-11.8205	-5.51857
-11.811	-5.47301
-11.8015	-5.42696
-11.792	-5.38041
-11.7825	-5.33338
-11.773	-5.28587
-11.7635	-5.23788
-11.754	-5.18942
-11.7445	-5.14049
-11.735	-5.0911
-11.7255	-5.04125
-11.716	-4.99094
-11.7065	-4.94018
-11.697	-4.88898
-11.6875	-4.83733
-11.678	-4.78525
-11.6685	-4.73274
-11.659	-4.6798
-11.6495	-4.62643
-11.64	-4.57265
-11.6305	-4.51846
-11.621	-4.46386
-11.6115	-4.40886
-11.602	-4.35345
-11.5925	-4.29766
-11.583	-4.24148
-11.5735	-4.18491
-11.564	-4.12797
-11.5545	-4.07065
-11.545	-4.01297
-11.5355	-3.95493
-11.526	-3.89652
-11.5165	-3.83777
-11.507	-3.77867
-11.4975	-3.71923
-11.488	-3.65945
-11.4785	-3.59935
-11.469	-3.53891
-11.4595	-3.47816
-11.45	-3.4171
-11.4405	-3.35572
-11.431	-3.29405
-11.4215	-3.23207
-11.412	-3.16981
-11.4025	-3.10726
-11.393	-3.04443
-11.3835	-2.98132
-11.374	-2.91794
-11.3645	-2.8543
-11.355	-2.79041
-11.3455	-2.72626
-11.336	-2.66186
-11.3265	-2.59723
-11.317	-2.53236
-11.3075	-2.46726
-11.298	-2.40194
-11.2885	-2.3364
-11.279	-2.27066
-11.2695	-2.2047
-11.26	-2.13855
-11.2505	-2.07221
-11.241	-2.00567
-11.2315	-1.93896
-11.222	-1.87207
-11.2125	-1.80502
-11.203	-1.7378
-11.1935	-1.67042
-11.184	-1.60289
-11.1745	-1.53522
-11.165	-1.46741
-11.1555	-1.39947
-11.146	-1.3314
-11.1365	-1.26321
-11.127	-1.1949
-11.1175	-1.12649
-11.108	-1.05798
-11.0985	-0.989371
-11.089	-0.920673
-11.0795	-0.851892
-11.07	-0.783034
-11.0605	-0.714105
-11.051	-0.645112
-11.0415	-0.576061
-11.032	-0.506957
-11.0225	-0.437808
-11.013	-0.36862
-11.0035	-0.299398
-10.994	-0.230149
-10.9845	-0.16088
-10.975	-0.0915954
-10.9655	-0.022303
-10.956	0.0469914
-10.9465	0.116282
-10.937	0.185561
-10.9275	0.254824
-10.918	0.324064
-10.9085	0.393275
-10.899	0.46245
-10.8895	0.531584
-10.88	0.600669
-10.8705	0.669701
-10.861	0.738672
-10.8515	0.807576
-10.842	0.876407
-10.8325	0.94516
-10.823	1.01383
-10.8135	1.0824
-10.804	1.15088
-10.7945	1.21925
-10.785	1.28752
-10.7755	1.35567
-10.766	1.42369
-10.7565	1.49159
-10.747	1.55935
-10.7375	1.62697
-10.728	1.69445
-10.7185	1.76177
-10.709	1.82893
-10.6995	1.89593
-10.69	1.96276
-10.6805	2.02941
-10.671	2.09587
-10.6615	2.16215
-10.652	2.22823
-10.6425	2.29411
-10.633	2.35979
-10.6235	2.42525
-10.614	2.49049
-10.6045	2.55551
-10.595	2.62029
-10.5855	2.68484
-10.576	2.74915
-10.5665	2.81321
-10.557	2.87702
-10.5475	2.94057
-10.538	3.00385
-10.5285	3.06686
-10.519	3.12959
-10.5095	3.19204
-10.5	3.2542
-10.4905	3.31607
-10.481	3.37764
-10.4715	3.43891
-10.462	3.49986
-10.4525	3.5605
-10.443	3.62082
-10.4335	3.68081
-10.424	3.74047
-10.4145	3.79979
-10.405	3.85877
-10.3955	3.91739
-10.386	3.97567
-10.3765	4.03359
-10.367	4.09114
-10.3575	4.14833
-10.348	4.20514
-10.3385	4.26157
-10.329	4.31761
-10.3195	4.37327
-10.31	4.42853
-10.3005	4.48339
-10.291	4.53785
-10.2815	4.5919
-10.272	4.64553
-10.2625	4.69874
-10.253	4.75153
-10.2435	4.80389
-10.234	4.85582
-10.2245	4.90731
-10.215	4.95836
-10.2055	5.00896
-10.196	5.0591
-10.1865	5.10879
-10.177	5.15802
-10.1675	5.20679
-10.158	5.25508
-10.1485	5.3029
-10.139	5.35024
-10.1295	5.3971
-10.12	5.44347
-10.1105	5.48935
-10.101	5.53473
-10.0915	5.57962
-10.082	5.624
-10.0725	5.66787
-10.063	5.71124
-10.0535	5.75408
-10.044	5.79641
-10.0345	5.83822
-10.025	5.87949
-10.0155	5.92024
-10.006	5.96045
-9.9965	6.00013
-9.987	6.03926
-9.9775	6.07785
-9.968	6.11589
-9.9585	6.15338
-9.949	6.19031
-9.9395	6.22668
-9.93	6.2625
-9.9205	6.29774
-9.911	6.33242
-9.9015	6.36653
-9.892	6.40006
-9.8825	6.43301
-9.873	6.46539
-9.8635	6.49718
-9.854	6.52838
-9.8445	6.559
-9.835	6.58902
-9.8255	6.61845
-9.816	6.64728
-9.8065	6.67551
-9.797	6.70314
-9.7875	6.73017
-9.778	6.75658
-9.7685	6.78239
-9.759	6.80759
-9.7495	6.83217
-9.74	6.85613
-9.7305	6.87947
-9.721	6.9022
-9.7115	6.9243
-9.702	6.94578
-9.6925	6.96663
-9.683	6.98685
-9.6735	7.00644
-9.664	7.0254
-9.6545	7.04372
-9.645	7.06141
-9.6355	7.07846
-9.626	7.09487
-9.6165	7.11064
-9.607	7.12577
-9.5975	7.14026
-9.588	7.1541
-9.5785	7.1673
-9.569	7.17985
-9.5595	7.19175
-9.55	7.20301
-9.5405	7.21361
-9.531	7.22356
-9.5215	7.23286
-9.512	7.24151
-9.5025	7.24951
-9.493	7.25685
-9.4835	7.26353
-9.474	7.26956
-9.4645	7.27493
-9.455	7.27965
-9.4455	7.28371
-9.436	7.28711
-9.4265	7.28986
-9.417	7.29195
-9.4075	7.29338
-9.398	7.29415
-9.3885	7.29426
-9.379	7.29371
-9.3695	7.29251
-9.36	7.29065
-9.3505	7.28813
-9.341	7.28495
-9.3315	7.28111
-9.322	7.27662
-9.3125	7.27147
-9.303	7.26567
-9.2935	7.25921
-9.284	7.25209
-9.2745	7.24432
-9.265	7.2359
-9.2555	7.22682
-9.246	7.21709
-9.2365	7.20671
-9.227	7.19568
-9.2175	7.184
-9.208	7.17167
-9.1985	7.15869
-9.189	7.14507
-9.1795	7.13081
-9.17	7.1159
-9.1605	7.10034
-9.151	7.08415
-9.1415	7.06732
-9.132	7.04985
-9.1225	7.03174
-9.113	7.013
-9.1035	6.99363
-9.094	6.97362
-9.0845	6.95299
-9.075	6.93172
-9.0655	6.90984
-9.056	6.88733
-9.0465	6.86419
-9.037	6.84044
-9.0275	6.81607
-9.018	6.79109
-9.0085	6.76549
-8.999	6.73928
-8.9895	6.71247
-8.98	6.68505
-8.9705	6.65702
-8.961	6.62839
-8.9515	6.59917
-8.942	6.56935
-8.9325	6.53894
-8.923	6.50794
-8.9135	6.47635
-8.904	6.44417
-8.8945	6.41142
-8.885	6.37808
-8.8755	6.34417
-8.866	6.30969
-8.8565	6.27464
-8.847	6.23902
-8.8375	6.20284
-8.828	6.1661
-8.8185	6.1288
-8.809	6.09095
-8.7995	6.05255
-8.79	6.01361
-8.7805	5.97412
-8.771	5.93409
-8.7615	5.89353
-8.752	5.85243
-8.7425	5.81081
-8.733	5.76866
-8.7235	5.72599
-8.714	5.68281
-8.7045	5.63911
-8.695	5.5949
-8.6855	5.55019
-8.676	5.50498
-8.6665	5.45927
-8.657	5.41307
-8.6475	5.36638
-8.638	5.3192
-8.6285	5.27155
-8.619	5.22342
-8.6095	5.17482
-8.6	5.12575
-8.5905	5.07622
-8.581	5.02623
-8.5715	4.97579
-8.562	4.92489
-8.5525	4.87356
-8.543	4.82178
-8.5335	4.76957
-8.524	4.71693
-8.5145	4.66386
-8.505	4.61038
-8.4955	4.55647
-8.486	4.50216
-8.4765	4.44744
-8.467	4.39231
-8.4575	4.33679
-8.448	4.28088
-8.4385	4.22459
-8.429	4.16791
-8.4195	4.11086
-8.41	4.05343
-8.4005	3.99564
-8.391	3.93749
-8.3815	3.87899
-8.372	3.82013
-8.3625	3.76093
-8.353	3.70139
-8.3435	3.64151
-8.334	3.58131
-8.3245	3.52079
-8.315	3.45994
-8.3055	3.39879
-8.296	3.33732
-8.2865	3.27556
-8.277	3.2135
-8.2675	3.15115
-8.258	3.08852
-8.2485	3.02561
-8.239	2.96242
-8.2295	2.89897
-8.22	2.83526
-8.2105	2.77129
-8.201	2.70707
-8.1915	2.64261
-8.182	2.5779
-8.1725	2.51297
-8.163	2.44781
-8.1535	2.38243
-8.144	2.31683
-8.1345	2.25102
-8.125	2.18502
-8.1155	2.11881
-8.106	2.05241
-8.0965	1.98583
-8.087	1.91907
-8.0775	1.85213
-8.068	1.78503
-8.0585	1.71777
-8.049	1.65035
-8.0395	1.58279
-8.03	1.51508
-8.0205	1.44723
-8.011	1.37926
-8.0015	1.31116
-7.992	1.24294
-7.9825	1.17461
-7.973	1.10617
-7.9635	1.03763
-7.954	0.969003
-7.9445	0.900286
-7.935	0.831488
-7.9255	0.762615
-7.916	0.693673
-7.9065	0.624668
-7.897	0.555608
-7.8875	0.486497
-7.878	0.417343
-7.8685	0.348151
-7.859	0.278928
-7.8495	0.20968
-7.84	0.140413
-7.8305	0.071133
-7.821	0.00184725
-7.8115	-0.0674386
-7.802	-0.136718
-7.7925	-0.205985
-7.783	-0.275234
-7.7735	-0.344457
-7.764	-0.413649
-7.7545	-0.482804
-7.745	-0.551915
-7.7355	-0.620976
-7.726	-0.68998
-7.7165	-0.758923
-7.707	-0.827796
-7.6975	-0.896595
-7.688	-0.965313
-7.6785	-1.03394
-7.669	-1.10248
-7.6595	-1.17092
-7.65	-1.23925
-7.6405	-1.30747
-7.631	-1.37557
-7.6215	-1.44355
-7.612	-1.51139
-7.6025	-1.5791
-7.593	-1.64667
-7.5835	-1.71409
-7.574	-1.78135
-7.5645	-1.84845
-7.555	-1.91539
-7.5455	-1.98215
-7.536	-2.04874
-7.5265	-2.11513
-7.517	-2.18134
-7.5075	-2.24735
-7.498	-2.31316
-7.4885	-2.37876
-7.479	-2.44414
-7.4695	-2.5093
-7.46	-2.57424
-7.4505	-2.63894
-7.441	-2.70341
-7.4315	-2.76763
-7.422	-2.8316
-7.4125	-2.89531
-7.403	-2.95877
-7.3935	-3.02195
-7.384	-3.08487
-7.3745	-3.1475
-7.365	-3.20985
-7.3555	-3.27191
-7.346	-3.33368
-7.3365	-3.39514
-7.327	-3.4563
-7.3175	-3.51714
-7.308	-3.57767
-7.2985	-3.63787
-7.289	-3.69775
-7.2795	-3.75729
-7.27	-3.81649
-7.2605	-3.87535
-7.251	-3.93386
-7.2415	-3.99201
-7.232	-4.0498
-7.2225	-4.10723
-7.213	-4.16428
-7.2035	-4.22096
-7.194	-4.27726
-7.1845	-4.33317
-7.175	-4.38869
-7.1655	-4.44382
-7.156	-4.49854
-7.1465	-4.55286
-7.137	-4.60676
-7.1275	-4.66025
-7.118	-4.71332
-7.1085	-4.76596
-7.099	-4.81817
-7.0895	-4.86995
-7.08	-4.92129
-7.0705	-4.97218
-7.061	-5.02262
-7.0515	-5.07261
-7.042	-5.12214
-7.0325	-5.17121
-7.023	-5.21982
-7.0135	-5.26795
-7.004	-5.3156
-6.9945	-5.36278
-6.985	-5.40947
-6.9755	-5.45567
-6.966	-5.50138
-6.9565	-5.54659
-6.947	-5.5913
-6.9375	-5.63551
-6.928	-5.67921
-6.9185	-5.72239
-6.909	-5.76506
-6.8995	-5.80721
-6.89	-5.84883
-6.8805	-5.88993
-6.871	-5.93049
-6.8615	-5.97052
-6.852	-6.01
-6.8425	-6.04895
-6.833	-6.08735
-6.8235	-6.1252
-6.814	-6.16249
-6.8045	-6.19923
-6.795	-6.23541
-6.7855	-6.27103
-6.776	-6.30608
-6.7665	-6.34056
-6.757	-6.37447
-6.7475	-6.4078
-6.738	-6.44055
-6.7285	-6.47272
-6.719	-6.50431
-6.7095	-6.53531
-6.7	-6.56572
-6.6905	-6.59554
-6.681	-6.62476
-6.6715	-6.65338
-6.662	-6.6814
-6.6525	-6.70882
-6.643	-6.73563
-6.6335	-6.76183
-6.624	-6.78743
-6.6145	-6.81241
-6.605	-6.83677
-6.5955	-6.86052
-6.586	-6.88365
-6.5765	-6.90615
-6.567	-6.92803
-6.5575	-6.94929
-6.548	-6.96992
-6.5385	-6.98992
-6.529	-7.00928
-6.5195	-7.02802
-6.51	-7.04612
-6.5005	-7.06358
-6.491	-7.08041
-6.4815	-7.09659
-6.472	-7.11214
-6.4625	-7.12704
-6.453	-7.1413
-6.4435	-7.15491
-6.434	-7.16788
-6.4245	-7.1802
-6.415	-7.19187
-6.4055	-7.20289
-6.396	-7.21326
-6.3865	-7.22298
-6.377	-7.23204
-6.3675	-7.24046
-6.358	-7.24822
-6.3485	-7.25532
-6.339	-7.26177
-6.3295	-7.26756
-6.32	-7.2727
-6.3105	-7.27718
-6.301	-7.281
-6.2915	-7.28416
-6.282	-7.28667
-6.2725	-7.28852
-6.263	-7.28971
-6.2535	-7.29024
-6.244	-7.29011
-6.2345	-7.28932
-6.225	-7.28788
-6.2155	-7.28577
-6.206	-7.28301
-6.1965	-7.27959
-6.187	-7.27551
-6.1775	-7.27078
-6.168	-7.26539
-6.1585	-7.25934
-6.149	-7.25264
-6.1395	-7.24528
-6.13	-7.23726
-6.1205	-7.22859
-6.111	-7.21927
-6.1015	-7.2093
-6.092	-7.19867
-6.0825	-7.1874
-6.073	-7.17547
-6.0635	-7.1629
-6.054	-7.14968
-6.0445	-7.13581
-6.035	-7.1213
-6.0255	-7.10614
-6.016	-7.09035
-6.0065	-7.07391
-5.997	-7.05683
-5.9875	-7.03911
-5.978	-7.02076
-5.9685	-7.00178
-5.959	-6.98216
-5.9495	-6.96191
-5.94	-6.94103
-5.9305	-6.91952
-5.921	-6.89739
-5.9115	-6.87463
-5.902	-6.85126
-5.8925	-6.82726
-5.883	-6.80265
-5.8735	-6.77742
-5.864	-6.75158
-5.8545	-6.72513
-5.845	-6.69807
-5.8355	-6.6704
-5.826	-6.64213
-5.8165	-6.61326
-5.807	-6.5838
-5.7975	-6.55374
-5.788	-6.52308
-5.7785	-6.49184
-5.769	-6.46001
-5.7595	-6.42759
-5.75	-6.3946
-5.7405	-6.36102
-5.731	-6.32687
-5.7215	-6.29215
-5.712	-6.25686
-5.7025	-6.221
-5.693	-6.18458
-5.6835	-6.1476
-5.674	-6.11007
-5.6645	-6.07198
-5.655	-6.03334
-5.6455	-5.99416
-5.636	-5.95443
-5.6265	-5.91417
-5.617	-5.87337
-5.6075	-5.83204
-5.598	-5.79018
-5.5885	-5.7478
-5.579	-5.7049
-5.5695	-5.66148
-5.56	-5.61755
-5.5505	-5.57311
-5.541	-5.52817
-5.5315	-5.48272
-5.522	-5.43678
-5.5125	-5.39035
-5.503	-5.34343
-5.4935	-5.29603
-5.484	-5.24815
-5.4745	-5.19979
-5.465	-5.15096
-5.4555	-5.10166
-5.446	-5.05191
-5.4365	-5.00169
-5.427	-4.95102
-5.4175	-4.89991
-5.408	-4.84835
-5.3985	-4.79635
-5.389	-4.74391
-5.3795	-4.69105
-5.37	-4.63776
-5.3605	-4.58405
-5.351	-4.52993
-5.3415	-4.47539
-5.332	-4.42045
-5.3225	-4.36511
-5.313	-4.30938
-5.3035	-4.25325
-5.294	-4.19674
-5.2845	-4.13984
-5.275	-4.08257
-5.2655	-4.02493
-5.256	-3.96693
-5.2465	-3.90856
-5.237	-3.84985
-5.2275	-3.79078
-5.218	-3.73136
-5.2085	-3.67161
-5.199	-3.61153
-5.1895	-3.55112
-5.18	-3.49038
-5.1705	-3.42933
-5.161	-3.36797
-5.1515	-3.3063
-5.142	-3.24433
-5.1325	-3.18206
-5.123	-3.11951
-5.1135	-3.05667
-5.104	-2.99355
-5.0945	-2.93016
-5.085	-2.86651
-5.0755	-2.80259
-5.066	-2.73842
-5.0565	-2.674
-5.047	-2.60934
-5.0375	-2.54444
-5.028	-2.4793
-5.0185	-2.41394
-5.009	-2.34836
-4.9995	-2.28257
-4.99	-2.21656
-4.9805	-2.15036
-4.971	-2.08395
-4.9615	-2.01736
-4.952	-1.95058
-4.9425	-1.88363
-4.933	-1.8165
-4.9235	-1.7492
-4.914	-1.68175
-4.9045	-1.61414
-4.895	-1.54638
-4.8855	-1.47848
-4.876	-1.41044
-4.8665	-1.34228
-4.857	-1.27399
-4.8475	-1.20558
-4.838	-1.13706
-4.8285	-1.06843
-4.819	-0.999706
-4.8095	-0.930888
-4.8	-0.861983
-4.7905	-0.792997
-4.781	-0.723937
-4.7715	-0.654808
-4.762	-0.585617
-4.7525	-0.516371
-4.743	-0.447074
-4.7335	-0.377734
-4.724	-0.308357
-4.7145	-0.238948
-4.705	-0.169515
-4.6955	-0.100063
-4.686	-0.0305992
-4.6765	0.038871
-4.667	0.108341
-4.6575	0.177805
-4.648	0.247256
-4.6385	0.316688
-4.629	0.386095
-4.6195	0.455471
-4.61	0.524809
-4.6005	0.594103
-4.591	0.663348
-4.5815	0.732536
-4.572	0.801662
-4.5625	0.870719
-4.553	0.939701
-4.5435	1.0086
-4.534	1.07742
-4.5245	1.14614
-4.515	1.21476
-4.5055	1.28327
-4.496	1.35168
-4.4865	1.41996
-4.477	1.48813
-4.4675	1.55616
-4.458	1.62405
-4.4485	1.69181
-4.439	1.75941
-4.4295	1.82686
-4.42	1.89415
-4.4105	1.96127
-4.401	2.02822
-4.3915	2.09499
-4.382	2.16158
-4.3725	2.22798
-4.363	2.29418
-4.3535	2.36017
-4.344	2.42596
-4.3345	2.49154
-4.325	2.55689
-4.3155	2.62202
-4.306	2.68692
-4.2965	2.75158
-4.287	2.81599
-4.2775	2.88016
-4.268	2.94407
-4.2585	3.00772
-4.249	3.07111
-4.2395	3.13422
-4.23	3.19705
-4.2205	3.2596
-4.211	3.32187
-4.2015	3.38384
-4.192	3.4455
-4.1825	3.50687
-4.173	3.56792
-4.1635	3.62865
-4.154	3.68907
-4.1445	3.74915
-4.135	3.80891
-4.1255	3.86832
-4.116	3.9274
-4.1065	3.98612
-4.097	4.04449
-4.0875	4.1025
-4.078	4.16015
-4.0685	4.21743
-4.059	4.27433
-4.0495	4.33085
-4.04	4.38699
-4.0305	4.44274
-4.021	4.4981
-4.0115	4.55305
-4.002	4.6076
-3.9925	4.66174
-3.983	4.71547
-3.9735	4.76878
-3.964	4.82167
-3.9545	4.87412
-3.945	4.92615
-3.9355	4.97773
-3.926	5.02888
-3.9165	5.07957
-3.907	5.12982
-3.8975	5.17961
-3.888	5.22894
-3.8785	5.27781
-3.869	5.3262
-3.8595	5.37413
-3.85	5.42157
-3.8405	5.46854
-3.831	5.51502
-3.8215	5.56101
-3.812	5.6065
-3.8025	5.6515
-3.793	5.69599
-3.7835	5.73998
-3.774	5.78346
-3.7645	5.82643
-3.755	5.86888
-3.7455	5.9108
-3.736	5.95221
-3.7265	5.99308
-3.717	6.03342
-3.7075	6.07323
-3.698	6.11249
-3.6885	6.15122
-3.679	6.18939
-3.6695	6.22702
-3.66	6.2641
-3.6505	6.30062
-3.641	6.33658
-3.6315	6.37198
-3.622	6.40681
-3.6125	6.44107
-3.603	6.47476
-3.5935	6.50788
-3.584	6.54042
-3.5745	6.57238
-3.565	6.60376
-3.5555	6.63455
-3.546	6.66475
-3.5365	6.69436
-3.527	6.72338
-3.5175	6.7518
-3.508	6.77962
-3.4985	6.80685
-3.489	6.83346
-3.4795	6.85948
-3.47	6.88488
-3.4605	6.90968
-3.451	6.93386
-3.4415	6.95743
-3.432	6.98038
-3.4225	7.00271
-3.413	7.02443
-3.4035	7.04552
-3.394	7.06598
-3.3845	7.08583
-3.375	7.10504
-3.3655	7.12363
-3.356	7.14158
-3.3465	7.1589
-3.337	7.17559
-3.3275	7.19165
-3.318	7.20707
-3.3085	7.22185
-3.299	7.23599
-3.2895	7.2495
-3.28	7.26236
-3.2705	7.27458
-3.261	7.28616
-3.2515	7.29709
-3.242	7.30738
-3.2325	7.31703
-3.223	7.32602
-3.2135	7.33438
-3.204	7.34208
-3.1945	7.34913
-3.185	7.35554
-3.1755	7.3613
-3.166	7.36641
-3.1565	7.37087
-3.147	7.37468
-3.1375	7.37784
-3.128	7.38035
-3.1185	7.38221
-3.109	7.38342
-3.0995	7.38398
-3.09	7.38388
-3.0805	7.38314
-3.071	7.38175
-3.0615	7.37971
-3.052	7.37702
-3.0425	7.37368
-3.033	7.3697
-3.0235	7.36506
-3.014	7.35978
-3.0045	7.35385
-2.995	7.34728
-2.9855	7.34006
-2.976	7.3322
-2.9665	7.32369
-2.957	7.31454
-2.9475	7.30475
-2.938	7.29432
-2.9285	7.28325
-2.919	7.27155
-2.9095	7.2592
-2.9	7.24622
-2.8905	7.23261
-2.881	7.21836
-2.8715	7.20348
-2.862	7.18798
-2.8525	7.17184
-2.843	7.15508
-2.8335	7.13769
-2.824	7.11968
-2.8145	7.10105
-2.805	7.0818
-2.7955	7.06193
-2.786	7.04145
-2.7765	7.02036
-2.767	6.99865
-2.7575	6.97633
-2.748	6.95341
-2.7385	6.92988
-2.729	6.90575
-2.7195	6.88103
-2.71	6.8557
-2.7005	6.82978
-2.691	6.80327
-2.6815	6.77616
-2.672	6.74847
-2.6625	6.7202
-2.653	6.69135
-2.6435	6.66191
-2.634	6.6319
-2.6245	6.60132
-2.615	6.57017
-2.6055	6.53846
-2.596	6.50617
-2.5865	6.47333
-2.577	6.43994
-2.5675	6.40598
-2.558	6.37148
-2.5485	6.33643
-2.539	6.30084
-2.5295	6.26471
-2.52	6.22804
-2.5105	6.19083
-2.501	6.1531
-2.4915	6.11484
-2.482	6.07606
-2.4725	6.03677
-2.463	5.99695
-2.4535	5.95663
-2.444	5.9158
-2.4345	5.87447
-2.425	5.83264
-2.4155	5.79031
-2.406	5.7475
-2.3965	5.7042
-2.387	5.66041
-2.3775	5.61615
-2.368	5.57142
-2.3585	5.52621
-2.349	5.48055
-2.3395	5.43442
-2.33	5.38783
-2.3205	5.3408
-2.311	5.29332
-2.3015	5.24539
-2.292	5.19703
-2.2825	5.14824
-2.273	5.09902
-2.2635	5.04937
-2.254	4.99931
-2.2445	4.94884
-2.235	4.89795
-2.2255	4.84666
-2.216	4.79498
-2.2065	4.7429
-2.197	4.69043
-2.1875	4.63758
-2.178	4.58435
-2.1685	4.53075
-2.159	4.47678
-2.1495	4.42245
-2.14	4.36776
-2.1305	4.31272
-2.121	4.25733
-2.1115	4.20161
-2.102	4.14554
-2.0925	4.08915
-2.083	4.03243
-2.0735	3.9754
-2.064	3.91805
-2.0545	3.86039
-2.045	3.80243
-2.0355	3.74417
-2.026	3.68563
-2.0165	3.62679
-2.007	3.56768
-1.9975	3.5083
-1.988	3.44864
-1.9785	3.38873
-1.969	3.32856
-1.9595	3.26814
-1.95	3.20748
-1.9405	3.14657
-1.931	3.08544
-1.9215	3.02408
-1.912	2.9625
-1.9025	2.9007
-1.893	2.8387
-1.8835	2.7765
-1.874	2.7141
-1.8645	2.65151
-1.855	2.58873
-1.8455	2.52578
-1.836	2.46266
-1.8265	2.39938
-1.817	2.33593
-1.8075	2.27234
-1.798	2.20859
-1.7885	2.14471
-1.779	2.0807
-1.7695	2.01655
-1.76	1.95229
-1.7505	1.88792
-1.741	1.82343
-1.7315	1.75885
-1.722	1.69417
-1.7125	1.6294
-1.703	1.56455
-1.6935	1.49962
-1.684	1.43463
-1.6745	1.36957
-1.665	1.30446
-1.6555	1.23929
-1.646	1.17409
-1.6365	1.10885
-1.627	1.04357
-1.6175	0.978278
-1.608	0.912967
-1.5985	0.847645
-1.589	0.78232
-1.5795	0.716997
-1.57	0.651685
-1.5605	0.586389
-1.551	0.521115
-1.5415	0.455872
-1.532	0.390664
-1.5225	0.325499
-1.513	0.260383
-1.5035	0.195324
-1.494	0.130327
-1.4845	0.0653993
-1.475	0.000547631
-1.4655	-0.0642215
-1.456	-0.128902
-1.4465	-0.193486
-1.437	-0.257967
-1.4275	-0.32234
-1.418	-0.386597
-1.4085	-0.450732
-1.399	-0.514738
-1.3895	-0.578608
-1.38	-0.642336
-1.3705	-0.705915
-1.361	-0.769339
-1.3515	-0.8326
-1.342	-0.895694
-1.3325	-0.958612
-1.323	-1.02135
-1.3135	-1.0839
-1.304	-1.14625
-1.2945	-1.2084
-1.285	-1.27034
-1.2755	-1.33207
-1.266	-1.39358
-1.2565	-1.45486
-1.247	-1.51591
-1.2375	-1.57671
-1.228	-1.63727
-1.2185	-1.69758
-1.209	-1.75762
-1.1995	-1.8174
-1.19	-1.87691
-1.1805	-1.93614
-1.171	-1.99508
-1.1615	-2.05373
-1.152	-2.11208
-1.1425	-2.17012
-1.133	-2.22786
-1.1235	-2.28528
-1.114	-2.34237
-1.1045	-2.39914
-1.095	-2.45557
-1.0855	-2.51165
-1.076	-2.56739
-1.0665	-2.62277
-1.057	-2.67779
-1.0475	-2.73245
-1.038	-2.78673
-1.0285	-2.84063
-1.019	-2.89415
-1.0095	-2.94727
-1	-3
