0	0
0.01	0
0.02	0
0.03	-2.74725e-08
0.04	-7.69226e-08
0.05	-1.48348e-07
0.06	-2.41745e-07
0.07	-3.57108e-07
0.08	-4.94433e-07
0.09	-6.53711e-07
0.1	-8.34935e-07
0.11	-1.03809e-06
0.12	-1.26318e-06
0.13	-1.51017e-06
0.14	-1.77907e-06
0.15	-2.06985e-06
0.16	-2.3825e-06
0.17	-2.717e-06
0.18	-3.07334e-06
0.19	-3.45149e-06
0.2	-3.85143e-06
0.21	-4.27315e-06
0.22	-4.71661e-06
0.23	-5.1818e-06
0.24	-5.66869e-06
0.25	-6.17725e-06
0.26	-6.70746e-06
0.27	-7.25928e-06
0.28	-7.83269e-06
0.29	-8.42765e-06
0.3	-9.04413e-06
0.31	-9.6821e-06
0.32	-1.03415e-05
0.33	-1.10224e-05
0.34	-1.17246e-05
0.35	-1.24481e-05
0.36	-1.3193e-05
0.37	-1.39591e-05
0.38	-1.47465e-05
0.39	-1.5555e-05
0.4	-1.63846e-05
0.41	-1.72354e-05
0.42	-1.81071e-05
0.43	-1.89999e-05
0.44	-1.99136e-05
0.45	-2.08482e-05
0.46	-2.18037e-05
0.47	-2.27799e-05
0.48	-2.37769e-05
0.49	-2.47945e-05
0.5	-2.58328e-05
0.51	-2.68916e-05
0.52	-2.7971e-05
0.53	-2.90708e-05
0.54	-3.01911e-05
0.55	-3.13316e-05
0.56	-3.24924e-05
0.57	-3.36735e-05
0.58	-3.48746e-05
0.59	-3.60959e-05
0.6	-3.73372e-05
0.61	-3.85984e-05
0.62	-3.98795e-05
0.63	-4.11804e-05
0.64	-4.25011e-05
0.65	-4.38414e-05
0.66	-4.52014e-05
0.67	-4.65808e-05
0.68	-4.79797e-05
0.69	-4.9398e-05
0.7	-5.08356e-05
0.71	-5.22924e-05
0.72	-5.37684e-05
0.73	-5.52634e-05
0.74	-5.67774e-05
0.75	-5.83104e-05
0.76	-5.98621e-05
0.77	-6.14326e-05
0.78	-6.30218e-05
0.79	-6.46295e-05
0.8	-6.62558e-05
0.81	-6.79004e-05
0.82	-6.95634e-05
0.83	-7.12446e-05
0.84	-7.29439e-05
0.85	-7.46613e-05
0.86	-7.63967e-05
0.87	-7.81499e-05
0.88	-7.99209e-05
0.89	-8.17097e-05
0.9	-8.3516e-05
0.91	-8.53398e-05
0.92	-8.7181e-05
0.93	-8.90396e-05
0.94	-9.09153e-05
0.95	-9.28082e-05
0.96	-9.47181e-05
0.97	-9.6645e-05
0.98	-9.85886e-05
0.99	-0.000100549
1	-0.000102526
1.01	-0.00010452
1.02	-0.00010653
1.03	-0.000108556
1.04	-0.000110598
1.05	-0.000112657
1.06	-0.000114732
1.07	-0.000116822
1.08	-0.000118928
1.09	-0.00012105
1.1	-0.000123188
1.11	-0.000125341
1.12	-0.00012751
1.13	-0.000129693
1.14	-0.000131892
1.15	-0.000134106
1.16	-0.000136335
1.17	-0.000138579
1.18	-0.000140837
1.19	-0.00014311
1.2	-0.000145397
1.21	-0.000147699
1.22	-0.000150015
1.23	-0.000152345
1.24	-0.00015469
1.25	-0.000157048
1.26	-0.00015942
1.27	-0.000161806
1.28	-0.000164205
1.29	-0.000166617
1.3	-0.000169043
1.31	-0.000171483
1.32	-0.000173935
1.33	-0.0001764
1.34	-0.000178878
1.35	-0.000181369
1.36	-0.000183873
1.37	-0.000186389
1.38	-0.000188917
1.39	-0.000191458
1.4	-0.000194011
1.41	-0.000196576
1.42	-0.000199152
1.43	-0.000201741
1.44	-0.000204341
1.45	-0.000206953
1.46	-0.000209576
1.47	-0.00021221
1.48	-0.000214856
1.49	-0.000217513
1.5	-0.00022018
1.51	-0.000222858
1.52	-0.000225547
1.53	-0.000228247
1.54	-0.000230957
1.55	-0.000233677
1.56	-0.000236408
1.57	-0.000239148
1.58	-0.000241899
1.59	-0.000244659
1.6	-0.000247429
1.61	-0.000250208
1.62	-0.000252997
1.63	-0.000255795
1.64	-0.000258603
1.65	-0.000261419
1.66	-0.000264244
1.67	-0.000267078
1.68	-0.000269921
1.69	-0.000272772
1.7	-0.000275632
1.71	-0.0002785
1.72	-0.000281376
1.73	-0.00028426
1.74	-0.000287152
1.75	-0.000290052
1.76	-0.00029296
1.77	-0.000295875
1.78	-0.000298797
1.79	-0.000301727
1.8	-0.000304664
1.81	-0.000307607
1.82	-0.000310558
1.83	-0.000313516
1.84	-0.00031648
1.85	-0.00031945
1.86	-0.000322427
1.87	-0.000325411
1.88	-0.0003284
1.89	-0.000331395
1.9	-0.000334397
1.91	-0.000337404
1.92	-0.000340416
1.93	-0.000343434
1.94	-0.000346458
1.95	-0.000349487
1.96	-0.00035252
1.97	-0.000355559
1.98	-0.000358603
1.99	-0.000361651
2	-0.000364704
2.01	-0.000367762
2.02	-0.000370823
2.03	-0.000373889
2.04	-0.00037696
2.05	-0.000380034
2.06	-0.000383112
2.07	-0.000386193
2.08	-0.000389279
2.09	-0.000392367
2.1	-0.000395459
2.11	-0.000398555
2.12	-0.000401653
2.13	-0.000404755
2.14	-0.000407859
2.15	-0.000410966
2.16	-0.000414075
2.17	-0.000417187
2.18	-0.000420302
2.19	-0.000423418
2.2	-0.000426537
2.21	-0.000429658
2.22	-0.00043278
2.23	-0.000435904
2.24	-0.00043903
2.25	-0.000442158
2.26	-0.000445286
2.27	-0.000448416
2.28	-0.000451548
2.29	-0.00045468
2.3	-0.000457813
2.31	-0.000460946
2.32	-0.000464081
2.33	-0.000467215
2.34	-0.000470351
2.35	-0.000473486
2.36	-0.000476622
2.37	-0.000479758
2.38	-0.000482893
2.39	-0.000486029
2.4	-0.000489164
2.41	-0.000492298
2.42	-0.000495432
2.43	-0.000498565
2.44	-0.000501698
2.45	-0.00050483
2.46	-0.00050796
2.47	-0.000511089
2.48	-0.000514217
2.49	-0.000517344
2.5	-0.000520469
2.51	-0.000523593
2.52	-0.000526714
2.53	-0.000529834
2.54	-0.000532952
2.55	-0.000536068
2.56	-0.000539181
2.57	-0.000542293
2.58	-0.000545401
2.59	-0.000548507
2.6	-0.000551611
2.61	-0.000554711
2.62	-0.000557809
2.63	-0.000560904
2.64	-0.000563995
2.65	-0.000567084
2.66	-0.000570168
2.67	-0.00057325
2.68	-0.000576327
2.69	-0.000579401
2.7	-0.000582472
2.71	-0.000585538
2.72	-0.0005886
2.73	-0.000591658
2.74	-0.000594712
2.75	-0.000597761
2.76	-0.000600806
2.77	-0.000603846
2.78	-0.000606881
2.79	-0.000609911
2.8	-0.000612937
2.81	-0.000615957
2.82	-0.000618972
2.83	-0.000621982
2.84	-0.000624987
2.85	-0.000627986
2.86	-0.000630979
2.87	-0.000633967
2.88	-0.000636948
2.89	-0.000639924
2.9	-0.000642894
2.91	-0.000645857
2.92	-0.000648814
2.93	-0.000651765
2.94	-0.000654709
2.95	-0.000657647
2.96	-0.000660577
2.97	-0.000663501
2.98	-0.000666418
2.99	-0.000669328
3	-0.000672231
3.01	-0.000675126
3.02	-0.000678014
3.03	-0.000680895
3.04	-0.000683767
3.05	-0.000686633
3.06	-0.00068949
3.07	-0.000692339
3.08	-0.000695181
3.09	-0.000698014
3.1	-0.000700839
3.11	-0.000703655
3.12	-0.000706463
3.13	-0.000709262
3.14	-0.000712053
3.15	-0.000714835
3.16	-0.000717608
3.17	-0.000720372
3.18	-0.000723127
3.19	-0.000725872
3.2	-0.000728609
3.21	-0.000731335
3.22	-0.000734053
3.23	-0.00073676
3.24	-0.000739458
3.25	-0.000742146
3.26	-0.000744824
3.27	-0.000747492
3.28	-0.000750149
3.29	-0.000752797
3.3	-0.000755434
3.31	-0.00075806
3.32	-0.000760676
3.33	-0.000763281
3.34	-0.000765875
3.35	-0.000768458
3.36	-0.000771031
3.37	-0.000773592
3.38	-0.000776141
3.39	-0.00077868
3.4	-0.000781207
3.41	-0.000783722
3.42	-0.000786226
3.43	-0.000788718
3.44	-0.000791198
3.45	-0.000793666
3.46	-0.000796122
3.47	-0.000798565
3.48	-0.000800997
3.49	-0.000803416
3.5	-0.000805822
3.51	-0.000808216
3.52	-0.000810597
3.53	-0.000812965
3.54	-0.00081532
3.55	-0.000817662
3.56	-0.000819991
3.57	-0.000822307
3.58	-0.000824609
3.59	-0.000826898
3.6	-0.000829173
3.61	-0.000831434
3.62	-0.000833682
3.63	-0.000835916
3.64	-0.000838136
3.65	-0.000840341
3.66	-0.000842533
3.67	-0.00084471
3.68	-0.000846872
3.69	-0.00084902
3.7	-0.000851154
3.71	-0.000853272
3.72	-0.000855376
3.73	-0.000857465
3.74	-0.000859538
3.75	-0.000861597
3.76	-0.00086364
3.77	-0.000865668
3.78	-0.00086768
3.79	-0.000869677
3.8	-0.000871657
3.81	-0.000873622
3.82	-0.000875572
3.83	-0.000877505
3.84	-0.000879422
3.85	-0.000881322
3.86	-0.000883206
3.87	-0.000885074
3.88	-0.000886925
3.89	-0.00088876
3.9	-0.000890578
3.91	-0.000892378
3.92	-0.000894162
3.93	-0.000895929
3.94	-0.000897678
3.95	-0.00089941
3.96	-0.000901125
3.97	-0.000902822
3.98	-0.000904501
3.99	-0.000906163
4	-0.000907807
4.01	-0.000909432
4.02	-0.00091104
4.03	-0.000912629
4.04	-0.0009142
4.05	-0.000915753
4.06	-0.000917287
4.07	-0.000918803
4.08	-0.000920299
4.09	-0.000921777
4.1	-0.000923236
4.11	-0.000924676
4.12	-0.000926097
4.13	-0.000927498
4.14	-0.00092888
4.15	-0.000930242
4.16	-0.000931585
4.17	-0.000932908
4.18	-0.000934211
4.19	-0.000935494
4.2	-0.000936758
4.21	-0.000938001
4.22	-0.000939223
4.23	-0.000940426
4.24	-0.000941608
4.25	-0.000942769
4.26	-0.000943909
4.27	-0.000945029
4.28	-0.000946128
4.29	-0.000947205
4.3	-0.000948262
4.31	-0.000949297
4.32	-0.000950311
4.33	-0.000951304
4.34	-0.000952274
4.35	-0.000953223
4.36	-0.000954151
4.37	-0.000955056
4.38	-0.000955939
4.39	-0.000956801
4.4	-0.00095764
4.41	-0.000958456
4.42	-0.00095925
4.43	-0.000960022
4.44	-0.000960771
4.45	-0.000961497
4.46	-0.0009622
4.47	-0.00096288
4.48	-0.000963537
4.49	-0.000964171
4.5	-0.000964781
4.51	-0.000965368
4.52	-0.000965932
4.53	-0.000966471
4.54	-0.000966987
4.55	-0.000967479
4.56	-0.000967948
4.57	-0.000968391
4.58	-0.000968811
4.59	-0.000969207
4.6	-0.000969578
4.61	-0.000969924
4.62	-0.000970246
4.63	-0.000970543
4.64	-0.000970816
4.65	-0.000971063
4.66	-0.000971285
4.67	-0.000971482
4.68	-0.000971654
4.69	-0.0009718
4.7	-0.000971921
4.71	-0.000972016
4.72	-0.000972086
4.73	-0.00097213
4.74	-0.000972148
4.75	-0.00097214
4.76	-0.000972105
4.77	-0.000972045
4.78	-0.000971958
4.79	-0.000971845
4.8	-0.000971705
4.81	-0.000971538
4.82	-0.000971345
4.83	-0.000971125
4.84	-0.000970878
4.85	-0.000970604
4.86	-0.000970303
4.87	-0.000969974
4.88	-0.000969618
4.89	-0.000969235
4.9	-0.000968824
4.91	-0.000968386
4.92	-0.000967919
4.93	-0.000967425
4.94	-0.000966903
4.95	-0.000966353
4.96	-0.000965775
4.97	-0.000965168
4.98	-0.000964533
4.99	-0.00096387
5	-0.000963178
5.01	-0.000962457
5.02	-0.000961708
5.03	-0.00096093
5.04	-0.000960123
5.05	-0.000959287
5.06	-0.000958422
5.07	-0.000957527
5.08	-0.000956604
5.09	-0.00095565
5.1	-0.000954668
5.11	-0.000953656
5.12	-0.000952614
5.13	-0.000951543
5.14	-0.000950441
5.15	-0.00094931
5.16	-0.000948149
5.17	-0.000946957
5.18	-0.000945736
5.19	-0.000944484
5.2	-0.000943202
5.21	-0.000941889
5.22	-0.000940546
5.23	-0.000939172
5.24	-0.000937767
5.25	-0.000936332
5.26	-0.000934866
5.27	-0.000933369
5.28	-0.000931841
5.29	-0.000930282
5.3	-0.000928691
5.31	-0.00092707
5.32	-0.000925417
5.33	-0.000923732
5.34	-0.000922017
5.35	-0.000920269
5.36	-0.00091849
5.37	-0.00091668
5.38	-0.000914837
5.39	-0.000912963
5.4	-0.000911056
5.41	-0.000909118
5.42	-0.000907148
5.43	-0.000905146
5.44	-0.000903111
5.45	-0.000901044
5.46	-0.000898945
5.47	-0.000896814
5.48	-0.00089465
5.49	-0.000892453
5.5	-0.000890224
5.51	-0.000887963
5.52	-0.000885668
5.53	-0.000883341
5.54	-0.000880981
5.55	-0.000878589
5.56	-0.000876163
5.57	-0.000873704
5.58	-0.000871213
5.59	-0.000868688
5.6	-0.00086613
5.61	-0.000863539
5.62	-0.000860915
5.63	-0.000858258
5.64	-0.000855567
5.65	-0.000852843
5.66	-0.000850086
5.67	-0.000847295
5.68	-0.00084447
5.69	-0.000841612
5.7	-0.000838721
5.71	-0.000835796
5.72	-0.000832837
5.73	-0.000829845
5.74	-0.000826819
5.75	-0.000823759
5.76	-0.000820665
5.77	-0.000817538
5.78	-0.000814377
5.79	-0.000811181
5.8	-0.000807953
5.81	-0.00080469
5.82	-0.000801393
5.83	-0.000798062
5.84	-0.000794697
5.85	-0.000791298
5.86	-0.000787866
5.87	-0.000784399
5.88	-0.000780898
5.89	-0.000777363
5.9	-0.000773794
5.91	-0.000770191
5.92	-0.000766554
5.93	-0.000762882
5.94	-0.000759177
5.95	-0.000755437
5.96	-0.000751663
5.97	-0.000747855
5.98	-0.000744013
5.99	-0.000740137
6	-0.000736227
6.01	-0.000732282
6.02	-0.000728304
6.03	-0.000724291
6.04	-0.000720244
6.05	-0.000716163
6.06	-0.000712048
6.07	-0.000707899
6.08	-0.000703716
6.09	-0.000699498
6.1	-0.000695247
6.11	-0.000690961
6.12	-0.000686642
6.13	-0.000682288
6.14	-0.000677901
6.15	-0.000673479
6.16	-0.000669024
6.17	-0.000664535
6.18	-0.000660012
6.19	-0.000655455
6.2	-0.000650864
6.21	-0.000646239
6.22	-0.000641581
6.23	-0.000636889
6.24	-0.000632163
6.25	-0.000627403
6.26	-0.00062261
6.27	-0.000617783
6.28	-0.000612923
6.29	-0.00060803
6.3	-0.000603103
6.31	-0.000598142
6.32	-0.000593148
6.33	-0.000588121
6.34	-0.000583061
6.35	-0.000577967
6.36	-0.000572841
6.37	-0.000567681
6.38	-0.000562488
6.39	-0.000557263
6.4	-0.000552004
6.41	-0.000546713
6.42	-0.000541389
6.43	-0.000536032
6.44	-0.000530642
6.45	-0.00052522
6.46	-0.000519766
6.47	-0.000514279
6.48	-0.00050876
6.49	-0.000503209
6.5	-0.000497625
6.51	-0.000492009
6.52	-0.000486362
6.53	-0.000480682
6.54	-0.000474971
6.55	-0.000469227
6.56	-0.000463453
6.57	-0.000457646
6.58	-0.000451808
6.59	-0.000445939
6.6	-0.000440038
6.61	-0.000434107
6.62	-0.000428144
6.63	-0.00042215
6.64	-0.000416125
6.65	-0.000410069
6.66	-0.000403983
6.67	-0.000397866
6.68	-0.000391719
6.69	-0.000385541
6.7	-0.000379333
6.71	-0.000373095
6.72	-0.000366827
6.73	-0.000360529
6.74	-0.000354201
6.75	-0.000347843
6.76	-0.000341456
6.77	-0.000335039
6.78	-0.000328593
6.79	-0.000322118
6.8	-0.000315614
6.81	-0.000309081
6.82	-0.000302519
6.83	-0.000295929
6.84	-0.000289309
6.85	-0.000282662
6.86	-0.000275986
6.87	-0.000269282
6.88	-0.00026255
6.89	-0.00025579
6.9	-0.000249003
6.91	-0.000242187
6.92	-0.000235345
6.93	-0.000228475
6.94	-0.000221578
6.95	-0.000214654
6.96	-0.000207703
6.97	-0.000200725
6.98	-0.000193721
6.99	-0.000186691
7	-0.000179634
7.01	-0.000172551
7.02	-0.000165442
7.03	-0.000158308
7.04	-0.000151148
7.05	-0.000143962
7.06	-0.000136751
7.07	-0.000129516
7.08	-0.000122255
7.09	-0.000114969
7.1	-0.000107659
7.11	-0.000100324
7.12	-9.29652e-05
7.13	-8.55821e-05
7.14	-7.81751e-05
7.15	-7.07444e-05
7.16	-6.32901e-05
7.17	-5.58125e-05
7.18	-4.83116e-05
7.19	-4.07876e-05
7.2	-3.32408e-05
7.21	-2.56714e-05
7.22	-1.80794e-05
7.23	-1.04652e-05
7.24	-2.8288e-06
7.25	4.82951e-06
7.26	1.25096e-05
7.27	2.02112e-05
7.28	2.79342e-05
7.29	3.56783e-05
7.3	4.34435e-05
7.31	5.12294e-05
7.32	5.90359e-05
7.33	6.68629e-05
7.34	7.471e-05
7.35	8.25772e-05
7.36	9.04642e-05
7.37	9.83708e-05
7.38	0.000106297
7.39	0.000114242
7.4	0.000122206
7.41	0.000130189
7.42	0.000138191
7.43	0.000146211
7.44	0.000154249
7.45	0.000162305
7.46	0.00017038
7.47	0.000178471
7.48	0.00018658
7.49	0.000194706
7.5	0.000202849
7.51	0.000211009
7.52	0.000219186
7.53	0.000227378
7.54	0.000235587
7.55	0.000243812
7.56	0.000252052
7.57	0.000260308
7.58	0.000268579
7.59	0.000276865
7.6	0.000285166
7.61	0.000293481
7.62	0.000301811
7.63	0.000310155
7.64	0.000318513
7.65	0.000326885
7.66	0.00033527
7.67	0.000343669
7.68	0.00035208
7.69	0.000360505
7.7	0.000368941
7.71	0.000377391
7.72	0.000385852
7.73	0.000394326
7.74	0.000402811
7.75	0.000411308
7.76	0.000419816
7.77	0.000428335
7.78	0.000436865
7.79	0.000445405
7.8	0.000453956
7.81	0.000462517
7.82	0.000471087
7.83	0.000479668
7.84	0.000488258
7.85	0.000496857
7.86	0.000505465
7.87	0.000514082
7.88	0.000522708
7.89	0.000531342
7.9	0.000539984
7.91	0.000548633
7.92	0.000557291
7.93	0.000565956
7.94	0.000574628
7.95	0.000583307
7.96	0.000591992
7.97	0.000600684
7.98	0.000609383
7.99	0.000618087
8	0.000626797
8.01	0.000635513
8.02	0.000644234
8.03	0.00065296
8.04	0.000661691
8.05	0.000670427
8.06	0.000679167
8.07	0.000687911
8.08	0.000696659
8.09	0.000705411
8.1	0.000714167
8.11	0.000722925
8.12	0.000731687
8.13	0.000740451
8.14	0.000749219
8.15	0.000757988
8.16	0.000766759
8.17	0.000775533
8.18	0.000784308
8.19	0.000793084
8.2	0.000801862
8.21	0.000810641
8.22	0.00081942
8.23	0.0008282
8.24	0.00083698
8.25	0.00084576
8.26	0.00085454
8.27	0.00086332
8.28	0.000872099
8.29	0.000880877
8.3	0.000889654
8.31	0.00089843
8.32	0.000907204
8.33	0.000915976
8.34	0.000924747
8.35	0.000933515
8.36	0.000942281
8.37	0.000951044
8.38	0.000959804
8.39	0.000968562
8.4	0.000977316
8.41	0.000986066
8.42	0.000994813
8.43	0.00100356
8.44	0.00101229
8.45	0.00102103
8.46	0.00102976
8.47	0.00103848
8.48	0.0010472
8.49	0.00105591
8.5	0.00106462
8.51	0.00107333
8.52	0.00108202
8.53	0.00109071
8.54	0.0010994
8.55	0.00110808
8.56	0.00111675
8.57	0.00112541
8.58	0.00113407
8.59	0.00114272
8.6	0.00115136
8.61	0.00115999
8.62	0.00116862
8.63	0.00117723
8.64	0.00118584
8.65	0.00119444
8.66	0.00120303
8.67	0.00121161
8.68	0.00122019
8.69	0.00122875
8.7	0.0012373
8.71	0.00124585
8.72	0.00125438
8.73	0.0012629
8.74	0.00127141
8.75	0.00127991
8.76	0.0012884
8.77	0.00129688
8.78	0.00130535
8.79	0.00131381
8.8	0.00132225
8.81	0.00133068
8.82	0.0013391
8.83	0.00134751
8.84	0.0013559
8.85	0.00136429
8.86	0.00137266
8.87	0.00138101
8.88	0.00138935
8.89	0.00139768
8.9	0.001406
8.91	0.0014143
8.92	0.00142259
8.93	0.00143086
8.94	0.00143912
8.95	0.00144736
8.96	0.00145559
8.97	0.0014638
8.98	0.001472
8.99	0.00148018
9	0.00148835
9.01	0.0014965
9.02	0.00150463
9.03	0.00151275
9.04	0.00152085
9.05	0.00152894
9.06	0.00153701
9.07	0.00154506
9.08	0.00155309
9.09	0.00156111
9.1	0.00156911
9.11	0.00157709
9.12	0.00158506
9.13	0.001593
9.14	0.00160093
9.15	0.00160884
9.16	0.00161673
9.17	0.0016246
9.18	0.00163246
9.19	0.00164029
9.2	0.0016481
9.21	0.0016559
9.22	0.00166367
9.23	0.00167143
9.24	0.00167917
9.25	0.00168688
9.26	0.00169458
9.27	0.00170225
9.28	0.0017099
9.29	0.00171754
9.3	0.00172515
9.31	0.00173274
9.32	0.00174031
9.33	0.00174786
9.34	0.00175538
9.35	0.00176289
9.36	0.00177037
9.37	0.00177783
9.38	0.00178527
9.39	0.00179268
9.4	0.00180008
9.41	0.00180745
9.42	0.00181479
9.43	0.00182212
9.44	0.00182942
9.45	0.0018367
9.46	0.00184395
9.47	0.00185118
9.48	0.00185839
9.49	0.00186557
9.5	0.00187272
9.51	0.00187986
9.52	0.00188697
9.53	0.00189405
9.54	0.00190111
9.55	0.00190814
9.56	0.00191515
9.57	0.00192214
9.58	0.00192909
9.59	0.00193603
9.6	0.00194293
9.61	0.00194981
9.62	0.00195667
9.63	0.0019635
9.64	0.0019703
9.65	0.00197707
9.66	0.00198382
9.67	0.00199054
9.68	0.00199724
9.69	0.00200391
9.7	0.00201055
9.71	0.00201716
9.72	0.00202375
9.73	0.0020303
9.74	0.00203683
9.75	0.00204333
9.76	0.00204981
9.77	0.00205625
9.78	0.00206267
9.79	0.00206906
9.8	0.00207542
9.81	0.00208175
9.82	0.00208805
9.83	0.00209432
9.84	0.00210057
9.85	0.00210678
9.86	0.00211297
9.87	0.00211912
9.88	0.00212525
9.89	0.00213134
9.9	0.00213741
9.91	0.00214344
9.92	0.00214944
9.93	0.00215542
9.94	0.00216136
9.95	0.00216727
9.96	0.00217315
9.97	0.002179
9.98	0.00218482
9.99	0.00219061
10	0.00219636
10.01	0.00220209
10.02	0.00220778
10.03	0.00221344
10.04	0.00221907
10.05	0.00222466
10.06	0.00223023
10.07	0.00223576
10.08	0.00224126
10.09	0.00224672
10.1	0.00225215
10.11	0.00225755
10.12	0.00226292
10.13	0.00226825
10.14	0.00227355
10.15	0.00227882
10.16	0.00228405
10.17	0.00228925
10.18	0.00229442
10.19	0.00229955
10.2	0.00230464
10.21	0.00230971
10.22	0.00231473
10.23	0.00231973
10.24	0.00232468
10.25	0.00232961
10.26	0.00233449
10.27	0.00233935
10.28	0.00234416
10.29	0.00234895
10.3	0.00235369
10.31	0.0023584
10.32	0.00236308
10.33	0.00236772
10.34	0.00237232
10.35	0.00237689
10.36	0.00238142
10.37	0.00238591
10.38	0.00239037
10.39	0.00239479
10.4	0.00239917
10.41	0.00240352
10.42	0.00240783
10.43	0.0024121
10.44	0.00241633
10.45	0.00242053
10.46	0.00242469
10.47	0.00242881
10.48	0.00243289
10.49	0.00243694
10.5	0.00244094
10.51	0.00244491
10.52	0.00244884
10.53	0.00245273
10.54	0.00245658
10.55	0.0024604
10.56	0.00246417
10.57	0.0024679
10.58	0.0024716
10.59	0.00247526
10.6	0.00247887
10.61	0.00248245
10.62	0.00248599
10.63	0.00248948
10.64	0.00249294
10.65	0.00249635
10.66	0.00249973
10.67	0.00250307
10.68	0.00250636
10.69	0.00250961
10.7	0.00251283
10.71	0.002516
10.72	0.00251913
10.73	0.00252222
10.74	0.00252527
10.75	0.00252827
10.76	0.00253124
10.77	0.00253416
10.78	0.00253704
10.79	0.00253988
10.8	0.00254267
10.81	0.00254542
10.82	0.00254814
10.83	0.0025508
10.84	0.00255343
10.85	0.00255601
10.86	0.00255855
10.87	0.00256105
10.88	0.0025635
10.89	0.00256591
10.9	0.00256827
10.91	0.00257059
10.92	0.00257287
10.93	0.0025751
10.94	0.00257729
10.95	0.00257944
10.96	0.00258154
10.97	0.00258359
10.98	0.0025856
10.99	0.00258757
11	0.00258949
11.01	0.00259136
11.02	0.00259319
11.03	0.00259498
11.04	0.00259672
11.05	0.00259841
11.06	0.00260006
11.07	0.00260166
11.08	0.00260321
11.09	0.00260472
11.1	0.00260619
11.11	0.0026076
11.12	0.00260897
11.13	0.00261029
11.14	0.00261157
11.15	0.0026128
11.16	0.00261398
11.17	0.00261511
11.18	0.0026162
11.19	0.00261724
11.2	0.00261823
11.21	0.00261917
11.22	0.00262007
11.23	0.00262091
11.24	0.00262171
11.25	0.00262246
11.26	0.00262316
11.27	0.00262381
11.28	0.00262442
11.29	0.00262497
11.3	0.00262548
11.31	0.00262593
11.32	0.00262634
11.33	0.0026267
11.34	0.002627
11.35	0.00262726
11.36	0.00262747
11.37	0.00262763
11.38	0.00262773
11.39	0.00262779
11.4	0.0026278
11.41	0.00262775
11.42	0.00262766
11.43	0.00262751
11.44	0.00262732
11.45	0.00262707
11.46	0.00262677
11.47	0.00262642
11.48	0.00262602
11.49	0.00262556
11.5	0.00262506
11.51	0.0026245
11.52	0.00262389
11.53	0.00262323
11.54	0.00262251
11.55	0.00262175
11.56	0.00262093
11.57	0.00262005
11.58	0.00261913
11.59	0.00261815
11.6	0.00261712
11.61	0.00261604
11.62	0.0026149
11.63	0.00261371
11.64	0.00261246
11.65	0.00261117
11.66	0.00260981
11.67	0.00260841
11.68	0.00260695
11.69	0.00260543
11.7	0.00260386
11.71	0.00260224
11.72	0.00260056
11.73	0.00259883
11.74	0.00259704
11.75	0.0025952
11.76	0.0025933
11.77	0.00259135
11.78	0.00258934
11.79	0.00258728
11.8	0.00258516
11.81	0.00258299
11.82	0.00258076
11.83	0.00257847
11.84	0.00257613
11.85	0.00257374
11.86	0.00257128
11.87	0.00256877
11.88	0.00256621
11.89	0.00256358
11.9	0.0025609
11.91	0.00255817
11.92	0.00255537
11.93	0.00255252
11.94	0.00254962
11.95	0.00254665
11.96	0.00254363
11.97	0.00254055
11.98	0.00253742
11.99	0.00253423
12	0.00253097
12.01	0.00252767
12.02	0.0025243
12.03	0.00252088
12.04	0.00251739
12.05	0.00251385
12.06	0.00251026
12.07	0.0025066
12.08	0.00250288
12.09	0.00249911
12.1	0.00249528
12.11	0.00249139
12.12	0.00248744
12.13	0.00248343
12.14	0.00247937
12.15	0.00247524
12.16	0.00247106
12.17	0.00246681
12.18	0.00246251
12.19	0.00245815
12.2	0.00245373
12.21	0.00244925
12.22	0.00244471
12.23	0.00244011
12.24	0.00243545
12.25	0.00243073
12.26	0.00242595
12.27	0.00242112
12.28	0.00241622
12.29	0.00241126
12.3	0.00240625
12.31	0.00240117
12.32	0.00239603
12.33	0.00239083
12.34	0.00238558
12.35	0.00238026
12.36	0.00237488
12.37	0.00236944
12.38	0.00236395
12.39	0.00235839
12.4	0.00235277
12.41	0.00234709
12.42	0.00234135
12.43	0.00233555
12.44	0.00232969
12.45	0.00232377
12.46	0.00231779
12.47	0.00231175
12.48	0.00230564
12.49	0.00229948
12.5	0.00229326
12.51	0.00228697
12.52	0.00228063
12.53	0.00227422
12.54	0.00226775
12.55	0.00226122
12.56	0.00225464
12.57	0.00224799
12.58	0.00224128
12.59	0.00223451
12.6	0.00222767
12.61	0.00222078
12.62	0.00221383
12.63	0.00220681
12.64	0.00219974
12.65	0.0021926
12.66	0.00218541
12.67	0.00217815
12.68	0.00217083
12.69	0.00216346
12.7	0.00215602
12.71	0.00214852
12.72	0.00214096
12.73	0.00213334
12.74	0.00212565
12.75	0.00211791
12.76	0.00211011
12.77	0.00210225
12.78	0.00209432
12.79	0.00208634
12.8	0.00207829
12.81	0.00207019
12.82	0.00206202
12.83	0.0020538
12.84	0.00204551
12.85	0.00203717
12.86	0.00202876
12.87	0.0020203
12.88	0.00201177
12.89	0.00200318
12.9	0.00199454
12.91	0.00198583
12.92	0.00197707
12.93	0.00196824
12.94	0.00195936
12.95	0.00195041
12.96	0.00194141
12.97	0.00193235
12.98	0.00192323
12.99	0.00191404
13	0.0019048
13.01	0.00189551
13.02	0.00188615
13.03	0.00187673
13.04	0.00186725
13.05	0.00185772
13.06	0.00184813
13.07	0.00183848
13.08	0.00182877
13.09	0.001819
13.1	0.00180917
13.11	0.00179929
13.12	0.00178935
13.13	0.00177935
13.14	0.00176929
13.15	0.00175917
13.16	0.001749
13.17	0.00173877
13.18	0.00172849
13.19	0.00171814
13.2	0.00170774
13.21	0.00169729
13.22	0.00168677
13.23	0.0016762
13.24	0.00166558
13.25	0.00165489
13.26	0.00164416
13.27	0.00163336
13.28	0.00162251
13.29	0.00161161
13.3	0.00160065
13.31	0.00158963
13.32	0.00157856
13.33	0.00156744
13.34	0.00155625
13.35	0.00154502
13.36	0.00153373
13.37	0.00152239
13.38	0.00151099
13.39	0.00149954
13.4	0.00148804
13.41	0.00147648
13.42	0.00146487
13.43	0.0014532
13.44	0.00144149
13.45	0.00142972
13.46	0.0014179
13.47	0.00140602
13.48	0.0013941
13.49	0.00138212
13.5	0.00137009
13.51	0.00135801
13.52	0.00134588
13.53	0.00133369
13.54	0.00132146
13.55	0.00130918
13.56	0.00129684
13.57	0.00128446
13.58	0.00127202
13.59	0.00125954
13.6	0.00124701
13.61	0.00123442
13.62	0.00122179
13.63	0.00120911
13.64	0.00119639
13.65	0.00118361
13.66	0.00117079
13.67	0.00115791
13.68	0.001145
13.69	0.00113203
13.7	0.00111902
13.71	0.00110596
13.72	0.00109285
13.73	0.0010797
13.74	0.0010665
13.75	0.00105326
13.76	0.00103997
13.77	0.00102664
13.78	0.00101326
13.79	0.000999836
13.8	0.00098637
13.81	0.000972859
13.82	0.000959305
13.83	0.000945708
13.84	0.000932067
13.85	0.000918384
13.86	0.000904658
13.87	0.00089089
13.88	0.000877081
13.89	0.00086323
13.9	0.000849337
13.91	0.000835404
13.92	0.00082143
13.93	0.000807415
13.94	0.000793361
13.95	0.000779267
13.96	0.000765133
13.97	0.000750961
13.98	0.000736749
13.99	0.000722499
14	0.000708211
14.01	0.000693885
14.02	0.000679522
14.03	0.000665121
14.04	0.000650684
14.05	0.00063621
14.06	0.0006217
14.07	0.000607154
14.08	0.000592572
14.09	0.000577955
14.1	0.000563304
14.11	0.000548617
14.12	0.000533897
14.13	0.000519143
14.14	0.000504355
14.15	0.000489534
14.16	0.00047468
14.17	0.000459794
14.18	0.000444875
14.19	0.000429925
14.2	0.000414943
14.21	0.00039993
14.22	0.000384887
14.23	0.000369813
14.24	0.000354708
14.25	0.000339575
14.26	0.000324412
14.27	0.00030922
14.28	0.000293999
14.29	0.00027875
14.3	0.000263473
14.31	0.000248169
14.32	0.000232837
14.33	0.000217479
14.34	0.000202094
14.35	0.000186683
14.36	0.000171247
14.37	0.000155785
14.38	0.000140298
14.39	0.000124787
14.4	0.000109251
14.41	9.36915e-05
14.42	7.81085e-05
14.43	6.25024e-05
14.44	4.68735e-05
14.45	3.12223e-05
14.46	1.55491e-05
14.47	-1.4566e-07
14.48	-1.58617e-05
14.49	-3.15986e-05
14.5	-4.73559e-05
14.51	-6.31334e-05
14.52	-7.89305e-05
14.53	-9.4747e-05
14.54	-0.000110582
14.55	-0.000126437
14.56	-0.000142309
14.57	-0.000158199
14.58	-0.000174106
14.59	-0.000190031
14.6	-0.000205972
14.61	-0.000221929
14.62	-0.000237902
14.63	-0.000253891
14.64	-0.000269895
14.65	-0.000285914
14.66	-0.000301947
14.67	-0.000317994
14.68	-0.000334054
14.69	-0.000350128
14.7	-0.000366215
14.71	-0.000382313
14.72	-0.000398424
14.73	-0.000414547
14.74	-0.000430681
14.75	-0.000446826
14.76	-0.000462981
14.77	-0.000479146
14.78	-0.000495321
14.79	-0.000511505
14.8	-0.000527699
14.81	-0.0005439
14.82	-0.00056011
14.83	-0.000576328
14.84	-0.000592553
14.85	-0.000608785
14.86	-0.000625024
14.87	-0.000641269
14.88	-0.000657519
14.89	-0.000673776
14.9	-0.000690037
14.91	-0.000706303
14.92	-0.000722573
14.93	-0.000738847
14.94	-0.000755125
14.95	-0.000771406
14.96	-0.000787689
14.97	-0.000803975
14.98	-0.000820263
14.99	-0.000836552
15	-0.000852843
15.01	-0.000869135
15.02	-0.000885427
15.03	-0.000901719
15.04	-0.000918011
15.05	-0.000934302
15.06	-0.000950592
15.07	-0.000966881
15.08	-0.000983168
15.09	-0.000999452
15.1	-0.00101573
15.11	-0.00103201
15.12	-0.00104829
15.13	-0.00106456
15.14	-0.00108083
15.15	-0.00109709
15.16	-0.00111335
15.17	-0.00112961
15.18	-0.00114585
15.19	-0.0011621
15.2	-0.00117833
15.21	-0.00119456
15.22	-0.00121078
15.23	-0.001227
15.24	-0.00124321
15.25	-0.0012594
15.26	-0.00127559
15.27	-0.00129178
15.28	-0.00130795
15.29	-0.00132411
15.3	-0.00134026
15.31	-0.00135641
15.32	-0.00137254
15.33	-0.00138866
15.34	-0.00140477
15.35	-0.00142087
15.36	-0.00143695
15.37	-0.00145303
15.38	-0.00146909
15.39	-0.00148514
15.4	-0.00150117
15.41	-0.00151719
15.42	-0.0015332
15.43	-0.00154919
15.44	-0.00156516
15.45	-0.00158112
15.46	-0.00159707
15.47	-0.001613
15.48	-0.00162891
15.49	-0.00164481
15.5	-0.00166069
15.51	-0.00167655
15.52	-0.0016924
15.53	-0.00170823
15.54	-0.00172404
15.55	-0.00173983
15.56	-0.0017556
15.57	-0.00177135
15.58	-0.00178708
15.59	-0.0018028
15.6	-0.00181849
15.61	-0.00183416
15.62	-0.00184981
15.63	-0.00186544
15.64	-0.00188105
15.65	-0.00189664
15.66	-0.0019122
15.67	-0.00192774
15.68	-0.00194326
15.69	-0.00195876
15.7	-0.00197423
15.71	-0.00198968
15.72	-0.0020051
15.73	-0.0020205
15.74	-0.00203588
15.75	-0.00205123
15.76	-0.00206655
15.77	-0.00208185
15.78	-0.00209713
15.79	-0.00211237
15.8	-0.00212759
15.81	-0.00214279
15.82	-0.00215796
15.83	-0.00217309
15.84	-0.00218821
15.85	-0.00220329
15.86	-0.00221835
15.87	-0.00223337
15.88	-0.00224837
15.89	-0.00226334
15.9	-0.00227828
15.91	-0.00229319
15.92	-0.00230807
15.93	-0.00232291
15.94	-0.00233773
15.95	-0.00235252
15.96	-0.00236728
15.97	-0.002382
15.98	-0.00239669
15.99	-0.00241136
16	-0.00242598
16.01	-0.00244058
16.02	-0.00245514
16.03	-0.00246967
16.04	-0.00248417
16.05	-0.00249863
16.06	-0.00251306
16.07	-0.00252746
16.08	-0.00254182
16.09	-0.00255614
16.1	-0.00257043
16.11	-0.00258469
16.12	-0.00259891
16.13	-0.00261309
16.14	-0.00262724
16.15	-0.00264135
16.16	-0.00265543
16.17	-0.00266947
16.18	-0.00268347
16.19	-0.00269743
16.2	-0.00271136
16.21	-0.00272525
16.22	-0.0027391
16.23	-0.00275291
16.24	-0.00276668
16.25	-0.00278042
16.26	-0.00279411
16.27	-0.00280777
16.28	-0.00282138
16.29	-0.00283496
16.3	-0.0028485
16.31	-0.00286199
16.32	-0.00287545
16.33	-0.00288887
16.34	-0.00290224
16.35	-0.00291557
16.36	-0.00292886
16.37	-0.00294211
16.38	-0.00295532
16.39	-0.00296849
16.4	-0.00298161
16.41	-0.00299469
16.42	-0.00300773
16.43	-0.00302072
16.44	-0.00303367
16.45	-0.00304658
16.46	-0.00305944
16.47	-0.00307226
16.48	-0.00308504
16.49	-0.00309777
16.5	-0.00311046
16.51	-0.0031231
16.52	-0.0031357
16.53	-0.00314825
16.54	-0.00316075
16.55	-0.00317321
16.56	-0.00318563
16.57	-0.00319799
16.58	-0.00321031
16.59	-0.00322259
16.6	-0.00323482
16.61	-0.003247
16.62	-0.00325913
16.63	-0.00327121
16.64	-0.00328325
16.65	-0.00329524
16.66	-0.00330718
16.67	-0.00331908
16.68	-0.00333092
16.69	-0.00334272
16.7	-0.00335447
16.71	-0.00336616
16.72	-0.00337781
16.73	-0.00338941
16.74	-0.00340096
16.75	-0.00341246
16.76	-0.00342391
16.77	-0.00343531
16.78	-0.00344666
16.79	-0.00345795
16.8	-0.0034692
16.81	-0.00348039
16.82	-0.00349154
16.83	-0.00350263
16.84	-0.00351367
16.85	-0.00352466
16.86	-0.00353559
16.87	-0.00354648
16.88	-0.00355731
16.89	-0.00356809
16.9	-0.00357881
16.91	-0.00358948
16.92	-0.0036001
16.93	-0.00361067
16.94	-0.00362118
16.95	-0.00363163
16.96	-0.00364204
16.97	-0.00365239
16.98	-0.00366268
16.99	-0.00367292
17	-0.0036831
17.01	-0.00369323
17.02	-0.0037033
17.03	-0.00371332
17.04	-0.00372328
17.05	-0.00373319
17.06	-0.00374304
17.07	-0.00375284
17.08	-0.00376257
17.09	-0.00377225
17.1	-0.00378188
17.11	-0.00379144
17.12	-0.00380095
17.13	-0.00381041
17.14	-0.0038198
17.15	-0.00382914
17.16	-0.00383842
17.17	-0.00384764
17.18	-0.0038568
17.19	-0.0038659
17.2	-0.00387494
17.21	-0.00388393
17.22	-0.00389286
17.23	-0.00390172
17.24	-0.00391053
17.25	-0.00391928
17.26	-0.00392797
17.27	-0.00393659
17.28	-0.00394516
17.29	-0.00395367
17.3	-0.00396211
17.31	-0.0039705
17.32	-0.00397882
17.33	-0.00398709
17.34	-0.00399529
17.35	-0.00400343
17.36	-0.00401151
17.37	-0.00401952
17.38	-0.00402747
17.39	-0.00403537
17.4	-0.00404319
17.41	-0.00405096
17.42	-0.00405866
17.43	-0.0040663
17.44	-0.00407388
17.45	-0.00408139
17.46	-0.00408884
17.47	-0.00409623
17.48	-0.00410355
17.49	-0.00411081
17.5	-0.004118
17.51	-0.00412513
17.52	-0.00413219
17.53	-0.00413919
17.54	-0.00414612
17.55	-0.00415299
17.56	-0.00415979
17.57	-0.00416652
17.58	-0.00417319
17.59	-0.0041798
17.6	-0.00418634
17.61	-0.00419281
17.62	-0.00419921
17.63	-0.00420555
17.64	-0.00421182
17.65	-0.00421802
17.66	-0.00422415
17.67	-0.00423022
17.68	-0.00423622
17.69	-0.00424215
17.7	-0.00424801
17.71	-0.00425381
17.72	-0.00425953
17.73	-0.00426519
17.74	-0.00427078
17.75	-0.0042763
17.76	-0.00428174
17.77	-0.00428712
17.78	-0.00429243
17.79	-0.00429767
17.8	-0.00430284
17.81	-0.00430794
17.82	-0.00431297
17.83	-0.00431793
17.84	-0.00432281
17.85	-0.00432763
17.86	-0.00433237
17.87	-0.00433704
17.88	-0.00434164
17.89	-0.00434617
17.9	-0.00435063
17.91	-0.00435501
17.92	-0.00435932
17.93	-0.00436356
17.94	-0.00436773
17.95	-0.00437182
17.96	-0.00437584
17.97	-0.00437978
17.98	-0.00438365
17.99	-0.00438745
18	-0.00439117
18.01	-0.00439482
18.02	-0.0043984
18.03	-0.0044019
18.04	-0.00440532
18.05	-0.00440867
18.06	-0.00441195
18.07	-0.00441515
18.08	-0.00441827
18.09	-0.00442132
18.1	-0.00442429
18.11	-0.00442719
18.12	-0.00443
18.13	-0.00443275
18.14	-0.00443541
18.15	-0.004438
18.16	-0.00444051
18.17	-0.00444294
18.18	-0.0044453
18.19	-0.00444758
18.2	-0.00444978
18.21	-0.0044519
18.22	-0.00445394
18.23	-0.00445591
18.24	-0.0044578
18.25	-0.0044596
18.26	-0.00446133
18.27	-0.00446298
18.28	-0.00446455
18.29	-0.00446604
18.3	-0.00446745
18.31	-0.00446878
18.32	-0.00447002
18.33	-0.00447119
18.34	-0.00447228
18.35	-0.00447329
18.36	-0.00447421
18.37	-0.00447506
18.38	-0.00447582
18.39	-0.0044765
18.4	-0.0044771
18.41	-0.00447762
18.42	-0.00447805
18.43	-0.00447841
18.44	-0.00447868
18.45	-0.00447886
18.46	-0.00447897
18.47	-0.00447899
18.48	-0.00447893
18.49	-0.00447878
18.5	-0.00447855
18.51	-0.00447824
18.52	-0.00447784
18.53	-0.00447736
18.54	-0.00447679
18.55	-0.00447614
18.56	-0.00447541
18.57	-0.00447459
18.58	-0.00447368
18.59	-0.00447269
18.6	-0.00447162
18.61	-0.00447046
18.62	-0.00446921
18.63	-0.00446787
18.64	-0.00446646
18.65	-0.00446495
18.66	-0.00446336
18.67	-0.00446168
18.68	-0.00445991
18.69	-0.00445806
18.7	-0.00445612
18.71	-0.00445409
18.72	-0.00445198
18.73	-0.00444977
18.74	-0.00444748
18.75	-0.00444511
18.76	-0.00444264
18.77	-0.00444008
18.78	-0.00443744
18.79	-0.00443471
18.8	-0.00443189
18.81	-0.00442898
18.82	-0.00442598
18.83	-0.00442289
18.84	-0.00441972
18.85	-0.00441645
18.86	-0.00441309
18.87	-0.00440965
18.88	-0.00440611
18.89	-0.00440248
18.9	-0.00439877
18.91	-0.00439496
18.92	-0.00439106
18.93	-0.00438707
18.94	-0.004383
18.95	-0.00437883
18.96	-0.00437456
18.97	-0.00437021
18.98	-0.00436577
18.99	-0.00436123
19	-0.00435661
19.01	-0.00435189
19.02	-0.00434708
19.03	-0.00434218
19.04	-0.00433718
19.05	-0.0043321
19.06	-0.00432692
19.07	-0.00432165
19.08	-0.00431629
19.09	-0.00431083
19.1	-0.00430528
19.11	-0.00429964
19.12	-0.00429391
19.13	-0.00428808
19.14	-0.00428216
19.15	-0.00427615
19.16	-0.00427004
19.17	-0.00426384
19.18	-0.00425755
19.19	-0.00425116
19.2	-0.00424468
19.21	-0.0042381
19.22	-0.00423143
19.23	-0.00422467
19.24	-0.00421782
19.25	-0.00421087
19.26	-0.00420382
19.27	-0.00419668
19.28	-0.00418945
19.29	-0.00418212
19.3	-0.0041747
19.31	-0.00416718
19.32	-0.00415957
19.33	-0.00415187
19.34	-0.00414407
19.35	-0.00413617
19.36	-0.00412818
19.37	-0.0041201
19.38	-0.00411192
19.39	-0.00410365
19.4	-0.00409528
19.41	-0.00408682
19.42	-0.00407826
19.43	-0.0040696
19.44	-0.00406086
19.45	-0.00405201
19.46	-0.00404307
19.47	-0.00403404
19.48	-0.00402491
19.49	-0.00401569
19.5	-0.00400637
19.51	-0.00399696
19.52	-0.00398745
19.53	-0.00397784
19.54	-0.00396814
19.55	-0.00395835
19.56	-0.00394846
19.57	-0.00393848
19.58	-0.0039284
19.59	-0.00391822
19.6	-0.00390795
19.61	-0.00389759
19.62	-0.00388713
19.63	-0.00387657
19.64	-0.00386592
19.65	-0.00385518
19.66	-0.00384434
19.67	-0.00383341
19.68	-0.00382238
19.69	-0.00381126
19.7	-0.00380004
19.71	-0.00378873
19.72	-0.00377732
19.73	-0.00376582
19.74	-0.00375422
19.75	-0.00374253
19.76	-0.00373075
19.77	-0.00371887
19.78	-0.0037069
19.79	-0.00369483
19.8	-0.00368267
19.81	-0.00367042
19.82	-0.00365807
19.83	-0.00364563
19.84	-0.00363309
19.85	-0.00362046
19.86	-0.00360774
19.87	-0.00359492
19.88	-0.00358202
19.89	-0.00356902
19.9	-0.00355592
19.91	-0.00354273
19.92	-0.00352945
19.93	-0.00351608
19.94	-0.00350262
19.95	-0.00348906
19.96	-0.00347541
19.97	-0.00346167
19.98	-0.00344784
19.99	-0.00343392
20	-0.0034199
20.01	-0.00340579
20.02	-0.0033916
20.03	-0.00337731
20.04	-0.00336293
20.05	-0.00334846
20.06	-0.0033339
20.07	-0.00331925
20.08	-0.00330451
20.09	-0.00328967
20.1	-0.00327475
20.11	-0.00325974
20.12	-0.00324464
20.13	-0.00322946
20.14	-0.00321418
20.15	-0.00319881
20.16	-0.00318336
20.17	-0.00316782
20.18	-0.00315218
20.19	-0.00313647
20.2	-0.00312066
20.21	-0.00310477
20.22	-0.00308879
20.23	-0.00307272
20.24	-0.00305657
20.25	-0.00304033
20.26	-0.003024
20.27	-0.00300759
20.28	-0.00299109
20.29	-0.00297451
20.3	-0.00295784
20.31	-0.00294108
20.32	-0.00292425
20.33	-0.00290733
20.34	-0.00289032
20.35	-0.00287323
20.36	-0.00285606
20.37	-0.0028388
20.38	-0.00282146
20.39	-0.00280404
20.4	-0.00278654
20.41	-0.00276895
20.42	-0.00275129
20.43	-0.00273354
20.44	-0.00271571
20.45	-0.0026978
20.46	-0.00267981
20.47	-0.00266174
20.48	-0.00264359
20.49	-0.00262536
20.5	-0.00260706
20.51	-0.00258867
20.52	-0.00257021
20.53	-0.00255166
20.54	-0.00253304
20.55	-0.00251435
20.56	-0.00249557
20.57	-0.00247672
20.58	-0.00245779
20.59	-0.00243879
20.6	-0.00241971
20.61	-0.00240056
20.62	-0.00238133
20.63	-0.00236203
20.64	-0.00234266
20.65	-0.00232321
20.66	-0.00230368
20.67	-0.00228409
20.68	-0.00226442
20.69	-0.00224468
20.7	-0.00222487
20.71	-0.00220499
20.72	-0.00218504
20.73	-0.00216502
20.74	-0.00214492
20.75	-0.00212476
20.76	-0.00210453
20.77	-0.00208423
20.78	-0.00206386
20.79	-0.00204343
20.8	-0.00202292
20.81	-0.00200236
20.82	-0.00198172
20.83	-0.00196102
20.84	-0.00194025
20.85	-0.00191942
20.86	-0.00189852
20.87	-0.00187756
20.88	-0.00185653
20.89	-0.00183545
20.9	-0.0018143
20.91	-0.00179308
20.92	-0.00177181
20.93	-0.00175047
20.94	-0.00172907
20.95	-0.00170762
20.96	-0.0016861
20.97	-0.00166452
20.98	-0.00164288
20.99	-0.00162119
21	-0.00159944
21.01	-0.00157763
21.02	-0.00155576
21.03	-0.00153383
21.04	-0.00151185
21.05	-0.00148982
21.06	-0.00146773
21.07	-0.00144558
21.08	-0.00142338
21.09	-0.00140113
21.1	-0.00137883
21.11	-0.00135647
21.12	-0.00133406
21.13	-0.0013116
21.14	-0.00128908
21.15	-0.00126652
21.16	-0.00124391
21.17	-0.00122125
21.18	-0.00119853
21.19	-0.00117577
21.2	-0.00115297
21.21	-0.00113011
21.22	-0.00110721
21.23	-0.00108426
21.24	-0.00106127
21.25	-0.00103823
21.26	-0.00101515
21.27	-0.000992022
21.28	-0.000968851
21.29	-0.000945637
21.3	-0.000922381
21.31	-0.000899083
21.32	-0.000875744
21.33	-0.000852363
21.34	-0.000828943
21.35	-0.000805483
21.36	-0.000781984
21.37	-0.000758446
21.38	-0.00073487
21.39	-0.000711256
21.4	-0.000687606
21.41	-0.000663919
21.42	-0.000640197
21.43	-0.000616439
21.44	-0.000592646
21.45	-0.00056882
21.46	-0.000544959
21.47	-0.000521066
21.48	-0.00049714
21.49	-0.000473183
21.5	-0.000449194
21.51	-0.000425174
21.52	-0.000401124
21.53	-0.000377045
21.54	-0.000352936
21.55	-0.000328799
21.56	-0.000304634
21.57	-0.000280442
21.58	-0.000256223
21.59	-0.000231978
21.6	-0.000207707
21.61	-0.000183411
21.62	-0.00015909
21.63	-0.000134746
21.64	-0.000110378
21.65	-8.59874e-05
21.66	-6.15746e-05
21.67	-3.71401e-05
21.68	-1.26846e-05
21.69	1.17914e-05
21.7	3.62873e-05
21.71	6.08026e-05
21.72	8.53366e-05
21.73	0.000109889
21.74	0.000134459
21.75	0.000159046
21.76	0.000183649
21.77	0.000208269
21.78	0.000232903
21.79	0.000257553
21.8	0.000282217
21.81	0.000306894
21.82	0.000331585
21.83	0.000356288
21.84	0.000381002
21.85	0.000405729
21.86	0.000430466
21.87	0.000455213
21.88	0.00047997
21.89	0.000504736
21.9	0.000529511
21.91	0.000554293
21.92	0.000579083
21.93	0.00060388
21.94	0.000628683
21.95	0.000653492
21.96	0.000678306
21.97	0.000703124
21.98	0.000727946
21.99	0.000752772
22	0.000777601
22.01	0.000802433
22.02	0.000827266
22.03	0.0008521
22.04	0.000876935
22.05	0.00090177
22.06	0.000926605
22.07	0.000951438
22.08	0.00097627
22.09	0.0010011
22.1	0.00102593
22.11	0.00105075
22.12	0.00107557
22.13	0.00110039
22.14	0.0011252
22.15	0.00115001
22.16	0.00117481
22.17	0.0011996
22.18	0.00122439
22.19	0.00124917
22.2	0.00127394
22.21	0.0012987
22.22	0.00132345
22.23	0.0013482
22.24	0.00137293
22.25	0.00139766
22.26	0.00142237
22.27	0.00144707
22.28	0.00147175
22.29	0.00149643
22.3	0.00152109
22.31	0.00154574
22.32	0.00157037
22.33	0.00159499
22.34	0.00161959
22.35	0.00164418
22.36	0.00166875
22.37	0.00169331
22.38	0.00171784
22.39	0.00174236
22.4	0.00176686
22.41	0.00179134
22.42	0.0018158
22.43	0.00184025
22.44	0.00186467
22.45	0.00188907
22.46	0.00191345
22.47	0.0019378
22.48	0.00196214
22.49	0.00198645
22.5	0.00201074
22.51	0.002035
22.52	0.00205924
22.53	0.00208345
22.54	0.00210764
22.55	0.00213181
22.56	0.00215594
22.57	0.00218005
22.58	0.00220414
22.59	0.00222819
22.6	0.00225222
22.61	0.00227622
22.62	0.00230019
22.63	0.00232413
22.64	0.00234804
22.65	0.00237192
22.66	0.00239576
22.67	0.00241958
22.68	0.00244337
22.69	0.00246712
22.7	0.00249084
22.71	0.00251452
22.72	0.00253818
22.73	0.0025618
22.74	0.00258538
22.75	0.00260893
22.76	0.00263244
22.77	0.00265592
22.78	0.00267936
22.79	0.00270277
22.8	0.00272613
22.81	0.00274946
22.82	0.00277275
22.83	0.00279601
22.84	0.00281922
22.85	0.00284239
22.86	0.00286553
22.87	0.00288862
22.88	0.00291168
22.89	0.00293469
22.9	0.00295766
22.91	0.00298059
22.92	0.00300348
22.93	0.00302632
22.94	0.00304913
22.95	0.00307188
22.96	0.0030946
22.97	0.00311727
22.98	0.00313989
22.99	0.00316247
23	0.00318501
23.01	0.0032075
23.02	0.00322994
23.03	0.00325234
23.04	0.00327469
23.05	0.00329699
23.06	0.00331924
23.07	0.00334145
23.08	0.0033636
23.09	0.00338571
23.1	0.00340777
23.11	0.00342978
23.12	0.00345174
23.13	0.00347365
23.14	0.00349551
23.15	0.00351731
23.16	0.00353907
23.17	0.00356077
23.18	0.00358242
23.19	0.00360402
23.2	0.00362557
23.21	0.00364706
23.22	0.0036685
23.23	0.00368988
23.24	0.00371121
23.25	0.00373248
23.26	0.0037537
23.27	0.00377487
23.28	0.00379598
23.29	0.00381703
23.3	0.00383803
23.31	0.00385896
23.32	0.00387985
23.33	0.00390067
23.34	0.00392144
23.35	0.00394215
23.36	0.0039628
23.37	0.00398339
23.38	0.00400392
23.39	0.00402439
23.4	0.0040448
23.41	0.00406515
23.42	0.00408545
23.43	0.00410568
23.44	0.00412585
23.45	0.00414595
23.46	0.004166
23.47	0.00418598
23.48	0.00420591
23.49	0.00422576
23.5	0.00424556
23.51	0.00426529
23.52	0.00428496
23.53	0.00430456
23.54	0.00432411
23.55	0.00434358
23.56	0.00436299
23.57	0.00438234
23.58	0.00440162
23.59	0.00442083
23.6	0.00443998
23.61	0.00445906
23.62	0.00447807
23.63	0.00449702
23.64	0.0045159
23.65	0.00453471
23.66	0.00455346
23.67	0.00457213
23.68	0.00459074
23.69	0.00460928
23.7	0.00462774
23.71	0.00464614
23.72	0.00466447
23.73	0.00468273
23.74	0.00470092
23.75	0.00471904
23.76	0.00473709
23.77	0.00475506
23.78	0.00477297
23.79	0.0047908
23.8	0.00480856
23.81	0.00482625
23.82	0.00484387
23.83	0.00486141
23.84	0.00487888
23.85	0.00489627
23.86	0.0049136
23.87	0.00493084
23.88	0.00494802
23.89	0.00496512
23.9	0.00498214
23.91	0.00499909
23.92	0.00501596
23.93	0.00503276
23.94	0.00504948
23.95	0.00506613
23.96	0.00508269
23.97	0.00509918
23.98	0.0051156
23.99	0.00513193
24	0.00514819
24.01	0.00516437
24.02	0.00518048
24.03	0.0051965
24.04	0.00521244
24.05	0.00522831
24.06	0.0052441
24.07	0.0052598
24.08	0.00527543
24.09	0.00529098
24.1	0.00530644
24.11	0.00532183
24.12	0.00533713
24.13	0.00535235
24.14	0.00536749
24.15	0.00538255
24.16	0.00539753
24.17	0.00541242
24.18	0.00542724
24.19	0.00544196
24.2	0.00545661
24.21	0.00547117
24.22	0.00548565
24.23	0.00550004
24.24	0.00551435
24.25	0.00552858
24.26	0.00554272
24.27	0.00555677
24.28	0.00557074
24.29	0.00558463
24.3	0.00559842
24.31	0.00561213
24.32	0.00562576
24.33	0.0056393
24.34	0.00565275
24.35	0.00566611
24.36	0.00567939
24.37	0.00569258
24.38	0.00570568
24.39	0.00571869
24.4	0.00573161
24.41	0.00574444
24.42	0.00575719
24.43	0.00576984
24.44	0.00578241
24.45	0.00579488
24.46	0.00580727
24.47	0.00581956
24.48	0.00583177
24.49	0.00584388
24.5	0.0058559
24.51	0.00586783
24.52	0.00587966
24.53	0.00589141
24.54	0.00590306
24.55	0.00591462
24.56	0.00592608
24.57	0.00593746
24.58	0.00594874
24.59	0.00595992
24.6	0.00597101
24.61	0.00598201
24.62	0.00599291
24.63	0.00600371
24.64	0.00601443
24.65	0.00602504
24.66	0.00603556
24.67	0.00604598
24.68	0.00605631
24.69	0.00606654
24.7	0.00607667
24.71	0.00608671
24.72	0.00609665
24.73	0.00610649
24.74	0.00611623
24.75	0.00612587
24.76	0.00613542
24.77	0.00614487
24.78	0.00615421
24.79	0.00616346
24.8	0.00617261
24.81	0.00618166
24.82	0.0061906
24.83	0.00619945
24.84	0.0062082
24.85	0.00621684
24.86	0.00622538
24.87	0.00623382
24.88	0.00624216
24.89	0.0062504
24.9	0.00625853
24.91	0.00626657
24.92	0.00627449
24.93	0.00628232
24.94	0.00629004
24.95	0.00629766
24.96	0.00630517
24.97	0.00631258
24.98	0.00631988
24.99	0.00632708
25	0.00633417
25.01	0.00634116
25.02	0.00634804
25.03	0.00635481
25.04	0.00636148
25.05	0.00636804
25.06	0.00637449
25.07	0.00638084
25.08	0.00638708
25.09	0.00639321
25.1	0.00639923
25.11	0.00640515
25.12	0.00641095
25.13	0.00641665
25.14	0.00642223
25.15	0.00642771
25.16	0.00643308
25.17	0.00643833
25.18	0.00644348
25.19	0.00644851
25.2	0.00645344
25.21	0.00645825
25.22	0.00646295
25.23	0.00646754
25.24	0.00647202
25.25	0.00647638
25.26	0.00648063
25.27	0.00648477
25.28	0.00648879
25.29	0.00649271
25.3	0.0064965
25.31	0.00650019
25.32	0.00650375
25.33	0.00650721
25.34	0.00651055
25.35	0.00651377
25.36	0.00651688
25.37	0.00651987
25.38	0.00652275
25.39	0.00652551
25.4	0.00652815
25.41	0.00653067
25.42	0.00653308
25.43	0.00653537
25.44	0.00653755
25.45	0.0065396
25.46	0.00654154
25.47	0.00654336
25.48	0.00654506
25.49	0.00654664
25.5	0.0065481
25.51	0.00654944
25.52	0.00655066
25.53	0.00655176
25.54	0.00655274
25.55	0.0065536
25.56	0.00655434
25.57	0.00655496
25.58	0.00655546
25.59	0.00655583
25.6	0.00655609
25.61	0.00655622
25.62	0.00655623
25.63	0.00655611
25.64	0.00655587
25.65	0.00655551
25.66	0.00655503
25.67	0.00655442
25.68	0.00655369
25.69	0.00655283
25.7	0.00655185
25.71	0.00655075
25.72	0.00654952
25.73	0.00654816
25.74	0.00654668
25.75	0.00654507
25.76	0.00654334
25.77	0.00654148
25.78	0.0065395
25.79	0.00653738
25.8	0.00653515
25.81	0.00653278
25.82	0.00653029
25.83	0.00652767
25.84	0.00652492
25.85	0.00652204
25.86	0.00651904
25.87	0.00651591
25.88	0.00651265
25.89	0.00650926
25.9	0.00650574
25.91	0.00650209
25.92	0.00649831
25.93	0.00649441
25.94	0.00649037
25.95	0.0064862
25.96	0.00648191
25.97	0.00647748
25.98	0.00647292
25.99	0.00646823
26	0.00646341
26.01	0.00645846
26.02	0.00645338
26.03	0.00644817
26.04	0.00644282
26.05	0.00643735
26.06	0.00643174
26.07	0.006426
26.08	0.00642012
26.09	0.00641412
26.1	0.00640798
26.11	0.00640171
26.12	0.0063953
26.13	0.00638877
26.14	0.0063821
26.15	0.00637529
26.16	0.00636836
26.17	0.00636129
26.18	0.00635408
26.19	0.00634674
26.2	0.00633927
26.21	0.00633166
26.22	0.00632392
26.23	0.00631605
26.24	0.00630804
26.25	0.00629989
26.26	0.00629161
26.27	0.0062832
26.28	0.00627465
26.29	0.00626596
26.3	0.00625714
26.31	0.00624819
26.32	0.0062391
26.33	0.00622987
26.34	0.00622051
26.35	0.00621101
26.36	0.00620138
26.37	0.00619161
26.38	0.00618171
26.39	0.00617167
26.4	0.00616149
26.41	0.00615118
26.42	0.00614073
26.43	0.00613014
26.44	0.00611942
26.45	0.00610857
26.46	0.00609757
26.47	0.00608645
26.48	0.00607518
26.49	0.00606378
26.5	0.00605224
26.51	0.00604056
26.52	0.00602875
26.53	0.00601681
26.54	0.00600472
26.55	0.0059925
26.56	0.00598015
26.57	0.00596765
26.58	0.00595502
26.59	0.00594226
26.6	0.00592936
26.61	0.00591632
26.62	0.00590314
26.63	0.00588983
26.64	0.00587639
26.65	0.0058628
26.66	0.00584908
26.67	0.00583523
26.68	0.00582124
26.69	0.00580711
26.7	0.00579285
26.71	0.00577845
26.72	0.00576391
26.73	0.00574924
26.74	0.00573444
26.75	0.00571949
26.76	0.00570442
26.77	0.00568921
26.78	0.00567386
26.79	0.00565838
26.8	0.00564276
26.81	0.00562701
26.82	0.00561112
26.83	0.0055951
26.84	0.00557894
26.85	0.00556265
26.86	0.00554623
26.87	0.00552967
26.88	0.00551297
26.89	0.00549615
26.9	0.00547919
26.91	0.00546209
26.92	0.00544487
26.93	0.00542751
26.94	0.00541002
26.95	0.00539239
26.96	0.00537463
26.97	0.00535674
26.98	0.00533872
26.99	0.00532056
27	0.00530228
27.01	0.00528386
27.02	0.00526531
27.03	0.00524663
27.04	0.00522782
27.05	0.00520888
27.06	0.00518981
27.07	0.00517061
27.08	0.00515128
27.09	0.00513181
27.1	0.00511222
27.11	0.0050925
27.12	0.00507266
27.13	0.00505268
27.14	0.00503257
27.15	0.00501234
27.16	0.00499198
27.17	0.00497149
27.18	0.00495088
27.19	0.00493013
27.2	0.00490927
27.21	0.00488827
27.22	0.00486715
27.23	0.00484591
27.24	0.00482453
27.25	0.00480304
27.26	0.00478142
27.27	0.00475967
27.28	0.00473781
27.29	0.00471581
27.3	0.0046937
27.31	0.00467146
27.32	0.0046491
27.33	0.00462662
27.34	0.00460402
27.35	0.00458129
27.36	0.00455845
27.37	0.00453548
27.38	0.0045124
27.39	0.00448919
27.4	0.00446587
27.41	0.00444243
27.42	0.00441886
27.43	0.00439519
27.44	0.00437139
27.45	0.00434748
27.46	0.00432345
27.47	0.0042993
27.48	0.00427504
27.49	0.00425066
27.5	0.00422617
27.51	0.00420156
27.52	0.00417684
27.53	0.00415201
27.54	0.00412707
27.55	0.00410201
27.56	0.00407684
27.57	0.00405155
27.58	0.00402616
27.59	0.00400066
27.6	0.00397505
27.61	0.00394932
27.62	0.00392349
27.63	0.00389755
27.64	0.00387151
27.65	0.00384535
27.66	0.00381909
27.67	0.00379273
27.68	0.00376625
27.69	0.00373967
27.7	0.00371299
27.71	0.00368621
27.72	0.00365932
27.73	0.00363232
27.74	0.00360523
27.75	0.00357803
27.76	0.00355073
27.77	0.00352333
27.78	0.00349584
27.79	0.00346824
27.8	0.00344054
27.81	0.00341275
27.82	0.00338485
27.83	0.00335687
27.84	0.00332878
27.85	0.0033006
27.86	0.00327232
27.87	0.00324395
27.88	0.00321549
27.89	0.00318693
27.9	0.00315828
27.91	0.00312953
27.92	0.0031007
27.93	0.00307177
27.94	0.00304276
27.95	0.00301365
27.96	0.00298446
27.97	0.00295518
27.98	0.00292581
27.99	0.00289636
28	0.00286681
28.01	0.00283719
28.02	0.00280748
28.03	0.00277768
28.04	0.0027478
28.05	0.00271784
28.06	0.00268779
28.07	0.00265767
28.08	0.00262746
28.09	0.00259718
28.1	0.00256681
28.11	0.00253637
28.12	0.00250584
28.13	0.00247525
28.14	0.00244457
28.15	0.00241382
28.16	0.00238299
28.17	0.00235209
28.18	0.00232112
28.19	0.00229007
28.2	0.00225895
28.21	0.00222776
28.22	0.0021965
28.23	0.00216517
28.24	0.00213377
28.25	0.0021023
28.26	0.00207076
28.27	0.00203916
28.28	0.00200748
28.29	0.00197575
28.3	0.00194395
28.31	0.00191208
28.32	0.00188015
28.33	0.00184816
28.34	0.00181611
28.35	0.001784
28.36	0.00175182
28.37	0.00171959
28.38	0.0016873
28.39	0.00165495
28.4	0.00162254
28.41	0.00159007
28.42	0.00155755
28.43	0.00152498
28.44	0.00149235
28.45	0.00145967
28.46	0.00142693
28.47	0.00139414
28.48	0.00136131
28.49	0.00132842
28.5	0.00129548
28.51	0.00126249
28.52	0.00122945
28.53	0.00119637
28.54	0.00116324
28.55	0.00113007
28.56	0.00109685
28.57	0.00106358
28.58	0.00103028
28.59	0.000996925
28.6	0.000963533
28.61	0.000930099
28.62	0.000896626
28.63	0.000863113
28.64	0.000829561
28.65	0.000795971
28.66	0.000762344
28.67	0.00072868
28.68	0.000694981
28.69	0.000661247
28.7	0.000627479
28.71	0.000593678
28.72	0.000559844
28.73	0.000525979
28.74	0.000492083
28.75	0.000458156
28.76	0.0004242
28.77	0.000390216
28.78	0.000356203
28.79	0.000322164
28.8	0.000288098
28.81	0.000254007
28.82	0.000219892
28.83	0.000185752
28.84	0.000151589
28.85	0.000117404
28.86	8.31971e-05
28.87	4.89695e-05
28.88	1.47219e-05
28.89	-1.9545e-05
28.9	-5.38303e-05
28.91	-8.81334e-05
28.92	-0.000122453
28.93	-0.00015679
28.94	-0.000191141
28.95	-0.000225508
28.96	-0.000259888
28.97	-0.000294281
28.98	-0.000328687
28.99	-0.000363104
29	-0.000397532
29.01	-0.00043197
29.02	-0.000466417
29.03	-0.000500873
29.04	-0.000535337
29.05	-0.000569807
29.06	-0.000604284
29.07	-0.000638767
29.08	-0.000673254
29.09	-0.000707745
29.1	-0.00074224
29.11	-0.000776736
29.12	-0.000811235
29.13	-0.000845735
29.14	-0.000880235
29.15	-0.000914735
29.16	-0.000949233
29.17	-0.000983729
29.18	-0.00101822
29.19	-0.00105271
29.2	-0.0010872
29.21	-0.00112168
29.22	-0.00115616
29.23	-0.00119063
29.24	-0.00122509
29.25	-0.00125954
29.26	-0.00129399
29.27	-0.00132843
29.28	-0.00136285
29.29	-0.00139727
29.3	-0.00143167
29.31	-0.00146607
29.32	-0.00150045
29.33	-0.00153481
29.34	-0.00156917
29.35	-0.0016035
29.36	-0.00163783
29.37	-0.00167213
29.38	-0.00170642
29.39	-0.00174069
29.4	-0.00177494
29.41	-0.00180918
29.42	-0.00184339
29.43	-0.00187758
29.44	-0.00191176
29.45	-0.00194591
29.46	-0.00198003
29.47	-0.00201414
29.48	-0.00204822
29.49	-0.00208228
29.5	-0.00211631
29.51	-0.00215031
29.52	-0.00218429
29.53	-0.00221824
29.54	-0.00225217
29.55	-0.00228606
29.56	-0.00231993
29.57	-0.00235377
29.58	-0.00238757
29.59	-0.00242135
29.6	-0.00245509
29.61	-0.0024888
29.62	-0.00252248
29.63	-0.00255613
29.64	-0.00258974
29.65	-0.00262331
29.66	-0.00265685
29.67	-0.00269035
29.68	-0.00272382
29.69	-0.00275725
29.7	-0.00279064
29.71	-0.002824
29.72	-0.00285731
29.73	-0.00289058
29.74	-0.00292382
29.75	-0.00295701
29.76	-0.00299016
29.77	-0.00302327
29.78	-0.00305633
29.79	-0.00308935
29.8	-0.00312233
29.81	-0.00315527
29.82	-0.00318815
29.83	-0.003221
29.84	-0.00325379
29.85	-0.00328654
29.86	-0.00331924
29.87	-0.0033519
29.88	-0.0033845
29.89	-0.00341706
29.9	-0.00344956
29.91	-0.00348202
29.92	-0.00351442
29.93	-0.00354677
29.94	-0.00357907
29.95	-0.00361132
29.96	-0.00364352
29.97	-0.00367566
29.98	-0.00370774
29.99	-0.00373978
30	-0.00377175
30.01	-0.00380367
30.02	-0.00383554
30.03	-0.00386734
30.04	-0.00389909
30.05	-0.00393079
30.06	-0.00396242
30.07	-0.00399399
30.08	-0.00402551
30.09	-0.00405696
30.1	-0.00408835
30.11	-0.00411969
30.12	-0.00415096
30.13	-0.00418217
30.14	-0.00421331
30.15	-0.00424439
30.16	-0.00427541
30.17	-0.00430637
30.18	-0.00433726
30.19	-0.00436808
30.2	-0.00439884
30.21	-0.00442953
30.22	-0.00446016
30.23	-0.00449072
30.24	-0.00452121
30.25	-0.00455163
30.26	-0.00458198
30.27	-0.00461227
30.28	-0.00464248
30.29	-0.00467263
30.3	-0.0047027
30.31	-0.00473271
30.32	-0.00476264
30.33	-0.0047925
30.34	-0.00482229
30.35	-0.004852
30.36	-0.00488164
30.37	-0.00491121
30.38	-0.0049407
30.39	-0.00497012
30.4	-0.00499946
30.41	-0.00502873
30.42	-0.00505792
30.43	-0.00508704
30.44	-0.00511607
30.45	-0.00514503
30.46	-0.00517391
30.47	-0.00520272
30.48	-0.00523144
30.49	-0.00526009
30.5	-0.00528865
30.51	-0.00531714
30.52	-0.00534555
30.53	-0.00537387
30.54	-0.00540211
30.55	-0.00543027
30.56	-0.00545835
30.57	-0.00548635
30.58	-0.00551426
30.59	-0.00554209
30.6	-0.00556983
30.61	-0.00559749
30.62	-0.00562507
30.63	-0.00565256
30.64	-0.00567996
30.65	-0.00570728
30.66	-0.00573451
30.67	-0.00576166
30.68	-0.00578872
30.69	-0.00581569
30.7	-0.00584257
30.71	-0.00586936
30.72	-0.00589606
30.73	-0.00592268
30.74	-0.0059492
30.75	-0.00597564
30.76	-0.00600198
30.77	-0.00602823
30.78	-0.0060544
30.79	-0.00608046
30.8	-0.00610644
30.81	-0.00613233
30.82	-0.00615812
30.83	-0.00618381
30.84	-0.00620942
30.85	-0.00623493
30.86	-0.00626034
30.87	-0.00628566
30.88	-0.00631089
30.89	-0.00633601
30.9	-0.00636105
30.91	-0.00638598
30.92	-0.00641082
30.93	-0.00643556
30.94	-0.00646021
30.95	-0.00648475
30.96	-0.0065092
30.97	-0.00653354
30.98	-0.00655779
30.99	-0.00658194
31	-0.00660599
31.01	-0.00662993
31.02	-0.00665378
31.03	-0.00667753
31.04	-0.00670117
31.05	-0.00672471
31.06	-0.00674815
31.07	-0.00677148
31.08	-0.00679472
31.09	-0.00681784
31.1	-0.00684087
31.11	-0.00686379
31.12	-0.0068866
31.13	-0.00690931
31.14	-0.00693192
31.15	-0.00695442
31.16	-0.00697681
31.17	-0.00699909
31.18	-0.00702127
31.19	-0.00704334
31.2	-0.00706531
31.21	-0.00708716
31.22	-0.00710891
31.23	-0.00713054
31.24	-0.00715207
31.25	-0.00717349
31.26	-0.00719479
31.27	-0.00721599
31.28	-0.00723708
31.29	-0.00725805
31.3	-0.00727891
31.31	-0.00729966
31.32	-0.0073203
31.33	-0.00734083
31.34	-0.00736124
31.35	-0.00738153
31.36	-0.00740172
31.37	-0.00742179
31.38	-0.00744174
31.39	-0.00746158
31.4	-0.0074813
31.41	-0.00750091
31.42	-0.0075204
31.43	-0.00753978
31.44	-0.00755903
31.45	-0.00757817
31.46	-0.0075972
31.47	-0.0076161
31.48	-0.00763488
31.49	-0.00765355
31.5	-0.0076721
31.51	-0.00769052
31.52	-0.00770883
31.53	-0.00772701
31.54	-0.00774508
31.55	-0.00776302
31.56	-0.00778084
31.57	-0.00779854
31.58	-0.00781611
31.59	-0.00783357
31.6	-0.0078509
31.61	-0.0078681
31.62	-0.00788518
31.63	-0.00790214
31.64	-0.00791897
31.65	-0.00793568
31.66	-0.00795226
31.67	-0.00796871
31.68	-0.00798504
31.69	-0.00800124
31.7	-0.00801732
31.71	-0.00803326
31.72	-0.00804908
31.73	-0.00806477
31.74	-0.00808033
31.75	-0.00809576
31.76	-0.00811106
31.77	-0.00812624
31.78	-0.00814128
31.79	-0.00815619
31.8	-0.00817097
31.81	-0.00818561
31.82	-0.00820013
31.83	-0.00821451
31.84	-0.00822876
31.85	-0.00824287
31.86	-0.00825686
31.87	-0.00827071
31.88	-0.00828442
31.89	-0.008298
31.9	-0.00831144
31.91	-0.00832475
31.92	-0.00833792
31.93	-0.00835096
31.94	-0.00836385
31.95	-0.00837661
31.96	-0.00838924
31.97	-0.00840172
31.98	-0.00841407
31.99	-0.00842628
32	-0.00843834
32.01	-0.00845027
32.02	-0.00846206
32.03	-0.00847371
32.04	-0.00848521
32.05	-0.00849658
32.06	-0.0085078
32.07	-0.00851889
32.08	-0.00852982
32.09	-0.00854062
32.1	-0.00855127
32.11	-0.00856178
32.12	-0.00857214
32.13	-0.00858236
32.14	-0.00859244
32.15	-0.00860237
32.16	-0.00861215
32.17	-0.00862179
32.18	-0.00863128
32.19	-0.00864062
32.2	-0.00864982
32.21	-0.00865887
32.22	-0.00866777
32.23	-0.00867652
32.24	-0.00868512
32.25	-0.00869358
32.26	-0.00870188
32.27	-0.00871003
32.28	-0.00871803
32.29	-0.00872589
32.3	-0.00873359
32.31	-0.00874113
32.32	-0.00874853
32.33	-0.00875577
32.34	-0.00876286
32.35	-0.0087698
32.36	-0.00877658
32.37	-0.00878321
32.38	-0.00878969
32.39	-0.00879601
32.4	-0.00880217
32.41	-0.00880818
32.42	-0.00881403
32.43	-0.00881972
32.44	-0.00882526
32.45	-0.00883064
32.46	-0.00883587
32.47	-0.00884093
32.48	-0.00884584
32.49	-0.00885059
32.5	-0.00885518
32.51	-0.0088596
32.52	-0.00886387
32.53	-0.00886798
32.54	-0.00887193
32.55	-0.00887572
32.56	-0.00887934
32.57	-0.0088828
32.58	-0.0088861
32.59	-0.00888924
32.6	-0.00889222
32.61	-0.00889503
32.62	-0.00889768
32.63	-0.00890016
32.64	-0.00890248
32.65	-0.00890463
32.66	-0.00890662
32.67	-0.00890845
32.68	-0.00891011
32.69	-0.0089116
32.7	-0.00891292
32.71	-0.00891408
32.72	-0.00891507
32.73	-0.00891589
32.74	-0.00891655
32.75	-0.00891703
32.76	-0.00891735
32.77	-0.0089175
32.78	-0.00891748
32.79	-0.00891729
32.8	-0.00891693
32.81	-0.0089164
32.82	-0.0089157
32.83	-0.00891482
32.84	-0.00891378
32.85	-0.00891256
32.86	-0.00891118
32.87	-0.00890962
32.88	-0.00890788
32.89	-0.00890598
32.9	-0.0089039
32.91	-0.00890165
32.92	-0.00889922
32.93	-0.00889662
32.94	-0.00889385
32.95	-0.0088909
32.96	-0.00888777
32.97	-0.00888447
32.98	-0.008881
32.99	-0.00887735
33	-0.00887352
33.01	-0.00886952
33.02	-0.00886534
33.03	-0.00886098
33.04	-0.00885644
33.05	-0.00885173
33.06	-0.00884684
33.07	-0.00884177
33.08	-0.00883653
33.09	-0.0088311
33.1	-0.0088255
33.11	-0.00881972
33.12	-0.00881376
33.13	-0.00880762
33.14	-0.0088013
33.15	-0.0087948
33.16	-0.00878812
33.17	-0.00878126
33.18	-0.00877421
33.19	-0.00876699
33.2	-0.00875959
33.21	-0.00875201
33.22	-0.00874424
33.23	-0.00873629
33.24	-0.00872817
33.25	-0.00871986
33.26	-0.00871136
33.27	-0.00870269
33.28	-0.00869383
33.29	-0.00868479
33.3	-0.00867557
33.31	-0.00866616
33.32	-0.00865658
33.33	-0.0086468
33.34	-0.00863685
33.35	-0.00862671
33.36	-0.00861639
33.37	-0.00860588
33.38	-0.00859519
33.39	-0.00858432
33.4	-0.00857326
33.41	-0.00856202
33.42	-0.00855059
33.43	-0.00853898
33.44	-0.00852719
33.45	-0.00851521
33.46	-0.00850305
33.47	-0.0084907
33.48	-0.00847816
33.49	-0.00846545
33.5	-0.00845254
33.51	-0.00843945
33.52	-0.00842618
33.53	-0.00841272
33.54	-0.00839908
33.55	-0.00838525
33.56	-0.00837124
33.57	-0.00835704
33.58	-0.00834265
33.59	-0.00832808
33.6	-0.00831333
33.61	-0.00829839
33.62	-0.00828327
33.63	-0.00826795
33.64	-0.00825246
33.65	-0.00823678
33.66	-0.00822091
33.67	-0.00820486
33.68	-0.00818863
33.69	-0.00817221
33.7	-0.0081556
33.71	-0.00813881
33.72	-0.00812184
33.73	-0.00810468
33.74	-0.00808733
33.75	-0.0080698
33.76	-0.00805209
33.77	-0.00803419
33.78	-0.00801611
33.79	-0.00799784
33.8	-0.00797939
33.81	-0.00796076
33.82	-0.00794194
33.83	-0.00792294
33.84	-0.00790375
33.85	-0.00788438
33.86	-0.00786483
33.87	-0.0078451
33.88	-0.00782518
33.89	-0.00780508
33.9	-0.00778479
33.91	-0.00776433
33.92	-0.00774368
33.93	-0.00772285
33.94	-0.00770184
33.95	-0.00768065
33.96	-0.00765927
33.97	-0.00763772
33.98	-0.00761598
33.99	-0.00759407
34	-0.00757197
34.01	-0.00754969
34.02	-0.00752724
34.03	-0.0075046
34.04	-0.00748178
34.05	-0.00745879
34.06	-0.00743562
34.07	-0.00741227
34.08	-0.00738874
34.09	-0.00736503
34.1	-0.00734114
34.11	-0.00731708
34.12	-0.00729284
34.13	-0.00726843
34.14	-0.00724383
34.15	-0.00721907
34.16	-0.00719412
34.17	-0.00716901
34.18	-0.00714371
34.19	-0.00711825
34.2	-0.00709261
34.21	-0.00706679
34.22	-0.0070408
34.23	-0.00701464
34.24	-0.00698831
34.25	-0.0069618
34.26	-0.00693513
34.27	-0.00690828
34.28	-0.00688126
34.29	-0.00685407
34.3	-0.00682672
34.31	-0.00679919
34.32	-0.00677149
34.33	-0.00674363
34.34	-0.0067156
34.35	-0.0066874
34.36	-0.00665903
34.37	-0.0066305
34.38	-0.0066018
34.39	-0.00657293
34.4	-0.00654391
34.41	-0.00651471
34.42	-0.00648535
34.43	-0.00645583
34.44	-0.00642615
34.45	-0.00639631
34.46	-0.0063663
34.47	-0.00633613
34.48	-0.0063058
34.49	-0.00627531
34.5	-0.00624467
34.51	-0.00621386
34.52	-0.00618289
34.53	-0.00615177
34.54	-0.00612049
34.55	-0.00608906
34.56	-0.00605747
34.57	-0.00602572
34.58	-0.00599382
34.59	-0.00596177
34.6	-0.00592956
34.61	-0.0058972
34.62	-0.00586469
34.63	-0.00583202
34.64	-0.00579921
34.65	-0.00576625
34.66	-0.00573313
34.67	-0.00569987
34.68	-0.00566646
34.69	-0.00563291
34.7	-0.00559921
34.71	-0.00556536
34.72	-0.00553137
34.73	-0.00549723
34.74	-0.00546295
34.75	-0.00542853
34.76	-0.00539396
34.77	-0.00535926
34.78	-0.00532441
34.79	-0.00528942
34.8	-0.0052543
34.81	-0.00521903
34.82	-0.00518363
34.83	-0.00514809
34.84	-0.00511242
34.85	-0.00507661
34.86	-0.00504067
34.87	-0.00500459
34.88	-0.00496838
34.89	-0.00493204
34.9	-0.00489557
34.91	-0.00485896
34.92	-0.00482223
34.93	-0.00478537
34.94	-0.00474838
34.95	-0.00471127
34.96	-0.00467403
34.97	-0.00463666
34.98	-0.00459917
34.99	-0.00456155
35	-0.00452381
35.01	-0.00448595
35.02	-0.00444797
35.03	-0.00440987
35.04	-0.00437165
35.05	-0.00433331
35.06	-0.00429486
35.07	-0.00425629
35.08	-0.0042176
35.09	-0.0041788
35.1	-0.00413988
35.11	-0.00410085
35.12	-0.00406171
35.13	-0.00402245
35.14	-0.00398309
35.15	-0.00394362
35.16	-0.00390404
35.17	-0.00386435
35.18	-0.00382455
35.19	-0.00378465
35.2	-0.00374464
35.21	-0.00370454
35.22	-0.00366432
35.23	-0.00362401
35.24	-0.00358359
35.25	-0.00354308
35.26	-0.00350246
35.27	-0.00346175
35.28	-0.00342094
35.29	-0.00338004
35.3	-0.00333903
35.31	-0.00329794
35.32	-0.00325675
35.33	-0.00321547
35.34	-0.0031741
35.35	-0.00313263
35.36	-0.00309108
35.37	-0.00304944
35.38	-0.00300771
35.39	-0.0029659
35.4	-0.002924
35.41	-0.00288202
35.42	-0.00283995
35.43	-0.0027978
35.44	-0.00275557
35.45	-0.00271325
35.46	-0.00267086
35.47	-0.00262839
35.48	-0.00258584
35.49	-0.00254322
35.5	-0.00250052
35.51	-0.00245775
35.52	-0.0024149
35.53	-0.00237198
35.54	-0.00232899
35.55	-0.00228592
35.56	-0.00224279
35.57	-0.00219959
35.58	-0.00215632
35.59	-0.00211299
35.6	-0.00206959
35.61	-0.00202613
35.62	-0.0019826
35.63	-0.00193901
35.64	-0.00189536
35.65	-0.00185165
35.66	-0.00180788
35.67	-0.00176405
35.68	-0.00172016
35.69	-0.00167622
35.7	-0.00163222
35.71	-0.00158817
35.72	-0.00154406
35.73	-0.00149991
35.74	-0.0014557
35.75	-0.00141144
35.76	-0.00136713
35.77	-0.00132277
35.78	-0.00127837
35.79	-0.00123392
35.8	-0.00118943
35.81	-0.00114489
35.82	-0.00110031
35.83	-0.00105568
35.84	-0.00101102
35.85	-0.000966311
35.86	-0.000921568
35.87	-0.000876786
35.88	-0.000831967
35.89	-0.000787112
35.9	-0.000742222
35.91	-0.000697298
35.92	-0.000652341
35.93	-0.000607352
35.94	-0.000562333
35.95	-0.000517283
35.96	-0.000472204
35.97	-0.000427098
35.98	-0.000381964
35.99	-0.000336805
36	-0.000291621
36.01	-0.000246412
36.02	-0.000201181
36.03	-0.000155928
36.04	-0.000110653
36.05	-6.53592e-05
36.06	-2.0046e-05
36.07	2.52852e-05
36.08	7.06335e-05
36.09	0.000115998
36.1	0.000161377
36.11	0.000206771
36.12	0.000252177
36.13	0.000297596
36.14	0.000343026
36.15	0.000388466
36.16	0.000433915
36.17	0.000479373
36.18	0.000524837
36.19	0.000570309
36.2	0.000615785
36.21	0.000661266
36.22	0.00070675
36.23	0.000752237
36.24	0.000797726
36.25	0.000843215
36.26	0.000888704
36.27	0.000934191
36.28	0.000979676
36.29	0.00102516
36.3	0.00107064
36.31	0.00111611
36.32	0.00116158
36.33	0.00120704
36.34	0.00125249
36.35	0.00129793
36.36	0.00134337
36.37	0.00138879
36.38	0.0014342
36.39	0.0014796
36.4	0.00152499
36.41	0.00157036
36.42	0.00161572
36.43	0.00166106
36.44	0.00170638
36.45	0.00175169
36.46	0.00179697
36.47	0.00184224
36.48	0.00188749
36.49	0.00193272
36.5	0.00197792
36.51	0.0020231
36.52	0.00206826
36.53	0.00211339
36.54	0.00215849
36.55	0.00220357
36.56	0.00224863
36.57	0.00229365
36.58	0.00233864
36.59	0.00238361
36.6	0.00242854
36.61	0.00247344
36.62	0.00251831
36.63	0.00256315
36.64	0.00260795
36.65	0.00265272
36.66	0.00269745
36.67	0.00274214
36.68	0.0027868
36.69	0.00283142
36.7	0.002876
36.71	0.00292054
36.72	0.00296504
36.73	0.00300949
36.74	0.00305391
36.75	0.00309828
36.76	0.0031426
36.77	0.00318689
36.78	0.00323112
36.79	0.00327531
36.8	0.00331946
36.81	0.00336355
36.82	0.0034076
36.83	0.0034516
36.84	0.00349554
36.85	0.00353944
36.86	0.00358328
36.87	0.00362707
36.88	0.00367081
36.89	0.0037145
36.9	0.00375813
36.91	0.0038017
36.92	0.00384522
36.93	0.00388868
36.94	0.00393208
36.95	0.00397542
36.96	0.00401871
36.97	0.00406193
36.98	0.0041051
36.99	0.0041482
37	0.00419124
37.01	0.00423422
37.02	0.00427713
37.03	0.00431998
37.04	0.00436276
37.05	0.00440548
37.06	0.00444813
37.07	0.00449072
37.08	0.00453324
37.09	0.00457569
37.1	0.00461806
37.11	0.00466037
37.12	0.00470261
37.13	0.00474478
37.14	0.00478688
37.15	0.0048289
37.16	0.00487085
37.17	0.00491272
37.18	0.00495453
37.19	0.00499625
37.2	0.0050379
37.21	0.00507947
37.22	0.00512097
37.23	0.00516239
37.24	0.00520373
37.25	0.00524499
37.26	0.00528617
37.27	0.00532727
37.28	0.00536828
37.29	0.00540922
37.3	0.00545007
37.31	0.00549085
37.32	0.00553153
37.33	0.00557214
37.34	0.00561265
37.35	0.00565309
37.36	0.00569343
37.37	0.00573369
37.38	0.00577386
37.39	0.00581395
37.4	0.00585394
37.41	0.00589385
37.42	0.00593366
37.43	0.00597339
37.44	0.00601302
37.45	0.00605256
37.46	0.00609201
37.47	0.00613137
37.48	0.00617063
37.49	0.0062098
37.5	0.00624888
37.51	0.00628786
37.52	0.00632674
37.53	0.00636553
37.54	0.00640421
37.55	0.00644281
37.56	0.0064813
37.57	0.0065197
37.58	0.00655799
37.59	0.00659619
37.6	0.00663428
37.61	0.00667228
37.62	0.00671017
37.63	0.00674796
37.64	0.00678565
37.65	0.00682323
37.66	0.00686071
37.67	0.00689809
37.68	0.00693536
37.69	0.00697252
37.7	0.00700958
37.71	0.00704653
37.72	0.00708338
37.73	0.00712011
37.74	0.00715674
37.75	0.00719326
37.76	0.00722967
37.77	0.00726597
37.78	0.00730216
37.79	0.00733824
37.8	0.0073742
37.81	0.00741006
37.82	0.0074458
37.83	0.00748143
37.84	0.00751694
37.85	0.00755234
37.86	0.00758762
37.87	0.00762279
37.88	0.00765785
37.89	0.00769278
37.9	0.0077276
37.91	0.0077623
37.92	0.00779689
37.93	0.00783135
37.94	0.0078657
37.95	0.00789992
37.96	0.00793403
37.97	0.00796801
37.98	0.00800188
37.99	0.00803562
38	0.00806924
38.01	0.00810273
38.02	0.00813611
38.03	0.00816936
38.04	0.00820248
38.05	0.00823548
38.06	0.00826835
38.07	0.0083011
38.08	0.00833372
38.09	0.00836621
38.1	0.00839858
38.11	0.00843081
38.12	0.00846292
38.13	0.0084949
38.14	0.00852675
38.15	0.00855847
38.16	0.00859006
38.17	0.00862151
38.18	0.00865284
38.19	0.00868403
38.2	0.00871509
38.21	0.00874602
38.22	0.00877681
38.23	0.00880747
38.24	0.00883799
38.25	0.00886837
38.26	0.00889862
38.27	0.00892874
38.28	0.00895871
38.29	0.00898855
38.3	0.00901825
38.31	0.00904782
38.32	0.00907724
38.33	0.00910652
38.34	0.00913566
38.35	0.00916466
38.36	0.00919352
38.37	0.00922224
38.38	0.00925082
38.39	0.00927925
38.4	0.00930754
38.41	0.00933569
38.42	0.00936369
38.43	0.00939154
38.44	0.00941925
38.45	0.00944681
38.46	0.00947423
38.47	0.0095015
38.48	0.00952862
38.49	0.0095556
38.5	0.00958242
38.51	0.0096091
38.52	0.00963562
38.53	0.009662
38.54	0.00968822
38.55	0.0097143
38.56	0.00974022
38.57	0.00976598
38.58	0.0097916
38.59	0.00981706
38.6	0.00984237
38.61	0.00986752
38.62	0.00989252
38.63	0.00991736
38.64	0.00994204
38.65	0.00996657
38.66	0.00999094
38.67	0.0100152
38.68	0.0100392
38.69	0.0100631
38.7	0.0100868
38.71	0.0101104
38.72	0.0101338
38.73	0.0101571
38.74	0.0101802
38.75	0.0102031
38.76	0.0102259
38.77	0.0102485
38.78	0.0102709
38.79	0.0102932
38.8	0.0103153
38.81	0.0103372
38.82	0.010359
38.83	0.0103806
38.84	0.0104021
38.85	0.0104234
38.86	0.0104445
38.87	0.0104654
38.88	0.0104862
38.89	0.0105068
38.9	0.0105272
38.91	0.0105475
38.92	0.0105675
38.93	0.0105875
38.94	0.0106072
38.95	0.0106268
38.96	0.0106462
38.97	0.0106654
38.98	0.0106844
38.99	0.0107033
39	0.010722
39.01	0.0107405
39.02	0.0107588
39.03	0.010777
39.04	0.010795
39.05	0.0108128
39.06	0.0108304
39.07	0.0108479
39.08	0.0108651
39.09	0.0108822
39.1	0.0108991
39.11	0.0109158
39.12	0.0109324
39.13	0.0109487
39.14	0.0109649
39.15	0.0109809
39.16	0.0109967
39.17	0.0110123
39.18	0.0110277
39.19	0.011043
39.2	0.011058
39.21	0.0110729
39.22	0.0110875
39.23	0.011102
39.24	0.0111163
39.25	0.0111304
39.26	0.0111444
39.27	0.0111581
39.28	0.0111716
39.29	0.011185
39.3	0.0111981
39.31	0.0112111
39.32	0.0112238
39.33	0.0112364
39.34	0.0112488
39.35	0.011261
39.36	0.0112729
39.37	0.0112847
39.38	0.0112963
39.39	0.0113077
39.4	0.0113189
39.41	0.0113299
39.42	0.0113407
39.43	0.0113513
39.44	0.0113617
39.45	0.0113719
39.46	0.0113819
39.47	0.0113916
39.48	0.0114012
39.49	0.0114106
39.5	0.0114198
39.51	0.0114288
39.52	0.0114375
39.53	0.0114461
39.54	0.0114545
39.55	0.0114626
39.56	0.0114706
39.57	0.0114783
39.58	0.0114858
39.59	0.0114932
39.6	0.0115003
39.61	0.0115072
39.62	0.0115139
39.63	0.0115204
39.64	0.0115266
39.65	0.0115327
39.66	0.0115385
39.67	0.0115442
39.68	0.0115496
39.69	0.0115548
39.7	0.0115598
39.71	0.0115646
39.72	0.0115691
39.73	0.0115735
39.74	0.0115776
39.75	0.0115815
39.76	0.0115853
39.77	0.0115887
39.78	0.011592
39.79	0.011595
39.8	0.0115979
39.81	0.0116005
39.82	0.0116029
39.83	0.011605
39.84	0.011607
39.85	0.0116087
39.86	0.0116102
39.87	0.0116115
39.88	0.0116126
39.89	0.0116134
39.9	0.011614
39.91	0.0116144
39.92	0.0116146
39.93	0.0116145
39.94	0.0116142
39.95	0.0116137
39.96	0.011613
39.97	0.011612
39.98	0.0116108
39.99	0.0116094
40	0.0116078
40.01	0.0116059
40.02	0.0116038
40.03	0.0116015
40.04	0.0115989
40.05	0.0115961
40.06	0.0115931
40.07	0.0115899
40.08	0.0115864
40.09	0.0115827
40.1	0.0115788
40.11	0.0115746
40.12	0.0115702
40.13	0.0115655
40.14	0.0115607
40.15	0.0115556
40.16	0.0115502
40.17	0.0115447
40.18	0.0115389
40.19	0.0115328
40.2	0.0115266
40.21	0.01152
40.22	0.0115133
40.23	0.0115063
40.24	0.0114991
40.25	0.0114917
40.26	0.011484
40.27	0.0114761
40.28	0.0114679
40.29	0.0114595
40.3	0.0114509
40.31	0.011442
40.32	0.0114329
40.33	0.0114235
40.34	0.0114139
40.35	0.0114041
40.36	0.011394
40.37	0.0113837
40.38	0.0113732
40.39	0.0113624
40.4	0.0113514
40.41	0.0113401
40.42	0.0113286
40.43	0.0113169
40.44	0.0113049
40.45	0.0112927
40.46	0.0112802
40.47	0.0112675
40.48	0.0112546
40.49	0.0112414
40.5	0.0112279
40.51	0.0112143
40.52	0.0112004
40.53	0.0111862
40.54	0.0111718
40.55	0.0111572
40.56	0.0111423
40.57	0.0111272
40.58	0.0111118
40.59	0.0110962
40.6	0.0110804
40.61	0.0110643
40.62	0.011048
40.63	0.0110314
40.64	0.0110146
40.65	0.0109975
40.66	0.0109802
40.67	0.0109627
40.68	0.0109449
40.69	0.0109269
40.7	0.0109086
40.71	0.0108901
40.72	0.0108713
40.73	0.0108523
40.74	0.0108331
40.75	0.0108136
40.76	0.0107939
40.77	0.0107739
40.78	0.0107537
40.79	0.0107333
40.8	0.0107126
40.81	0.0106917
40.82	0.0106705
40.83	0.0106491
40.84	0.0106274
40.85	0.0106055
40.86	0.0105834
40.87	0.010561
40.88	0.0105384
40.89	0.0105155
40.9	0.0104925
40.91	0.0104691
40.92	0.0104455
40.93	0.0104217
40.94	0.0103977
40.95	0.0103734
40.96	0.0103488
40.97	0.0103241
40.98	0.0102991
40.99	0.0102738
41	0.0102483
41.01	0.0102226
41.02	0.0101967
41.03	0.0101705
41.04	0.010144
41.05	0.0101174
41.06	0.0100904
41.07	0.0100633
41.08	0.0100359
41.09	0.0100083
41.1	0.00998047
41.11	0.00995239
41.12	0.00992408
41.13	0.00989553
41.14	0.00986675
41.15	0.00983774
41.16	0.00980849
41.17	0.00977902
41.18	0.00974931
41.19	0.00971937
41.2	0.0096892
41.21	0.0096588
41.22	0.00962817
41.23	0.00959731
41.24	0.00956622
41.25	0.00953491
41.26	0.00950337
41.27	0.0094716
41.28	0.0094396
41.29	0.00940738
41.3	0.00937493
41.31	0.00934225
41.32	0.00930936
41.33	0.00927624
41.34	0.00924289
41.35	0.00920932
41.36	0.00917553
41.37	0.00914152
41.38	0.00910729
41.39	0.00907284
41.4	0.00903816
41.41	0.00900327
41.42	0.00896816
41.43	0.00893283
41.44	0.00889729
41.45	0.00886153
41.46	0.00882555
41.47	0.00878936
41.48	0.00875295
41.49	0.00871633
41.5	0.00867949
41.51	0.00864245
41.52	0.00860519
41.53	0.00856772
41.54	0.00853004
41.55	0.00849215
41.56	0.00845406
41.57	0.00841575
41.58	0.00837724
41.59	0.00833852
41.6	0.0082996
41.61	0.00826047
41.62	0.00822113
41.63	0.0081816
41.64	0.00814186
41.65	0.00810192
41.66	0.00806178
41.67	0.00802144
41.68	0.0079809
41.69	0.00794016
41.7	0.00789923
41.71	0.0078581
41.72	0.00781677
41.73	0.00777525
41.74	0.00773353
41.75	0.00769163
41.76	0.00764953
41.77	0.00760724
41.78	0.00756475
41.79	0.00752208
41.8	0.00747923
41.81	0.00743618
41.82	0.00739295
41.83	0.00734953
41.84	0.00730593
41.85	0.00726214
41.86	0.00721818
41.87	0.00717403
41.88	0.0071297
41.89	0.00708519
41.9	0.0070405
41.91	0.00699564
41.92	0.0069506
41.93	0.00690538
41.94	0.00685999
41.95	0.00681442
41.96	0.00676869
41.97	0.00672278
41.98	0.0066767
41.99	0.00663045
42	0.00658404
42.01	0.00653745
42.02	0.0064907
42.03	0.00644379
42.04	0.00639671
42.05	0.00634947
42.06	0.00630207
42.07	0.00625451
42.08	0.00620679
42.09	0.00615891
42.1	0.00611087
42.11	0.00606268
42.12	0.00601433
42.13	0.00596583
42.14	0.00591717
42.15	0.00586837
42.16	0.00581941
42.17	0.0057703
42.18	0.00572105
42.19	0.00567165
42.2	0.0056221
42.21	0.00557241
42.22	0.00552258
42.23	0.0054726
42.24	0.00542249
42.25	0.00537223
42.26	0.00532183
42.27	0.0052713
42.28	0.00522063
42.29	0.00516983
42.3	0.00511889
42.31	0.00506782
42.32	0.00501662
42.33	0.00496528
42.34	0.00491382
42.35	0.00486223
42.36	0.00481052
42.37	0.00475868
42.38	0.00470671
42.39	0.00465462
42.4	0.00460241
42.41	0.00455008
42.42	0.00449763
42.43	0.00444507
42.44	0.00439238
42.45	0.00433958
42.46	0.00428667
42.47	0.00423364
42.48	0.00418051
42.49	0.00412726
42.5	0.0040739
42.51	0.00402043
42.52	0.00396686
42.53	0.00391319
42.54	0.0038594
42.55	0.00380552
42.56	0.00375154
42.57	0.00369745
42.58	0.00364326
42.59	0.00358898
42.6	0.0035346
42.61	0.00348013
42.62	0.00342556
42.63	0.0033709
42.64	0.00331615
42.65	0.00326131
42.66	0.00320638
42.67	0.00315136
42.68	0.00309625
42.69	0.00304106
42.7	0.00298579
42.71	0.00293043
42.72	0.002875
42.73	0.00281948
42.74	0.00276389
42.75	0.00270821
42.76	0.00265247
42.77	0.00259664
42.78	0.00254075
42.79	0.00248478
42.8	0.00242874
42.81	0.00237263
42.82	0.00231646
42.83	0.00226021
42.84	0.0022039
42.85	0.00214753
42.86	0.00209109
42.87	0.00203459
42.88	0.00197803
42.89	0.00192141
42.9	0.00186474
42.91	0.001808
42.92	0.00175121
42.93	0.00169437
42.94	0.00163748
42.95	0.00158053
42.96	0.00152353
42.97	0.00146648
42.98	0.00140939
42.99	0.00135225
43	0.00129506
43.01	0.00123783
43.02	0.00118055
43.03	0.00112324
43.04	0.00106588
43.05	0.00100849
43.06	0.000951055
43.07	0.000893586
43.08	0.000836081
43.09	0.000778543
43.1	0.000720972
43.11	0.000663369
43.12	0.000605736
43.13	0.000548074
43.14	0.000490384
43.15	0.000432667
43.16	0.000374925
43.17	0.000317159
43.18	0.00025937
43.19	0.000201559
43.2	0.000143728
43.21	8.58774e-05
43.22	2.80089e-05
43.23	-2.98764e-05
43.24	-8.77774e-05
43.25	-0.000145693
43.26	-0.000203621
43.27	-0.000261562
43.28	-0.000319513
43.29	-0.000377475
43.3	-0.000435444
43.31	-0.000493421
43.32	-0.000551404
43.33	-0.000609391
43.34	-0.000667383
43.35	-0.000725376
43.36	-0.000783372
43.37	-0.000841367
43.38	-0.000899362
43.39	-0.000957354
43.4	-0.00101534
43.41	-0.00107333
43.42	-0.00113131
43.43	-0.00118928
43.44	-0.00124724
43.45	-0.0013052
43.46	-0.00136314
43.47	-0.00142108
43.48	-0.001479
43.49	-0.0015369
43.5	-0.0015948
43.51	-0.00165267
43.52	-0.00171053
43.53	-0.00176838
43.54	-0.0018262
43.55	-0.001884
43.56	-0.00194178
43.57	-0.00199954
43.58	-0.00205728
43.59	-0.00211499
43.6	-0.00217267
43.61	-0.00223033
43.62	-0.00228796
43.63	-0.00234556
43.64	-0.00240313
43.65	-0.00246067
43.66	-0.00251818
43.67	-0.00257565
43.68	-0.00263309
43.69	-0.0026905
43.7	-0.00274787
43.71	-0.0028052
43.72	-0.00286249
43.73	-0.00291974
43.74	-0.00297696
43.75	-0.00303413
43.76	-0.00309125
43.77	-0.00314834
43.78	-0.00320538
43.79	-0.00326237
43.8	-0.00331932
43.81	-0.00337622
43.82	-0.00343307
43.83	-0.00348987
43.84	-0.00354662
43.85	-0.00360332
43.86	-0.00365997
43.87	-0.00371656
43.88	-0.0037731
43.89	-0.00382958
43.9	-0.00388601
43.91	-0.00394238
43.92	-0.00399869
43.93	-0.00405494
43.94	-0.00411113
43.95	-0.00416726
43.96	-0.00422333
43.97	-0.00427933
43.98	-0.00433527
43.99	-0.00439114
44	-0.00444695
44.01	-0.00450269
44.02	-0.00455837
44.03	-0.00461397
44.04	-0.00466951
44.05	-0.00472497
44.06	-0.00478037
44.07	-0.00483569
44.08	-0.00489093
44.09	-0.00494611
44.1	-0.0050012
44.11	-0.00505623
44.12	-0.00511117
44.13	-0.00516604
44.14	-0.00522083
44.15	-0.00527553
44.16	-0.00533016
44.17	-0.00538471
44.18	-0.00543917
44.19	-0.00549356
44.2	-0.00554785
44.21	-0.00560207
44.22	-0.0056562
44.23	-0.00571024
44.24	-0.00576419
44.25	-0.00581806
44.26	-0.00587183
44.27	-0.00592552
44.28	-0.00597912
44.29	-0.00603262
44.3	-0.00608603
44.31	-0.00613935
44.32	-0.00619258
44.33	-0.00624571
44.34	-0.00629874
44.35	-0.00635168
44.36	-0.00640452
44.37	-0.00645727
44.38	-0.00650991
44.39	-0.00656245
44.4	-0.0066149
44.41	-0.00666724
44.42	-0.00671948
44.43	-0.00677162
44.44	-0.00682366
44.45	-0.00687559
44.46	-0.00692741
44.47	-0.00697913
44.48	-0.00703074
44.49	-0.00708225
44.5	-0.00713364
44.51	-0.00718493
44.52	-0.00723611
44.53	-0.00728718
44.54	-0.00733813
44.55	-0.00738898
44.56	-0.00743971
44.57	-0.00749032
44.58	-0.00754083
44.59	-0.00759121
44.6	-0.00764149
44.61	-0.00769164
44.62	-0.00774168
44.63	-0.0077916
44.64	-0.0078414
44.65	-0.00789108
44.66	-0.00794064
44.67	-0.00799008
44.68	-0.0080394
44.69	-0.00808859
44.7	-0.00813766
44.71	-0.00818661
44.72	-0.00823544
44.73	-0.00828413
44.74	-0.0083327
44.75	-0.00838115
44.76	-0.00842946
44.77	-0.00847765
44.78	-0.00852571
44.79	-0.00857364
44.8	-0.00862144
44.81	-0.00866911
44.82	-0.00871664
44.83	-0.00876405
44.84	-0.00881131
44.85	-0.00885845
44.86	-0.00890545
44.87	-0.00895232
44.88	-0.00899904
44.89	-0.00904564
44.9	-0.00909209
44.91	-0.0091384
44.92	-0.00918458
44.93	-0.00923062
44.94	-0.00927651
44.95	-0.00932227
44.96	-0.00936788
44.97	-0.00941335
44.98	-0.00945868
44.99	-0.00950386
45	-0.0095489
45.01	-0.00959379
45.02	-0.00963854
45.03	-0.00968314
45.04	-0.00972759
45.05	-0.0097719
45.06	-0.00981605
45.07	-0.00986006
45.08	-0.00990391
45.09	-0.00994762
45.1	-0.00999117
45.11	-0.0100346
45.12	-0.0100778
45.13	-0.0101209
45.14	-0.0101639
45.15	-0.0102066
45.16	-0.0102493
45.17	-0.0102917
45.18	-0.010334
45.19	-0.0103762
45.2	-0.0104182
45.21	-0.01046
45.22	-0.0105017
45.23	-0.0105432
45.24	-0.0105846
45.25	-0.0106258
45.26	-0.0106668
45.27	-0.0107077
45.28	-0.0107484
45.29	-0.0107889
45.3	-0.0108293
45.31	-0.0108695
45.32	-0.0109095
45.33	-0.0109494
45.34	-0.0109891
45.35	-0.0110287
45.36	-0.011068
45.37	-0.0111072
45.38	-0.0111462
45.39	-0.0111851
45.4	-0.0112238
45.41	-0.0112623
45.42	-0.0113006
45.43	-0.0113388
45.44	-0.0113767
45.45	-0.0114145
45.46	-0.0114522
45.47	-0.0114896
45.48	-0.0115269
45.49	-0.011564
45.5	-0.0116009
45.51	-0.0116376
45.52	-0.0116742
45.53	-0.0117106
45.54	-0.0117467
45.55	-0.0117828
45.56	-0.0118186
45.57	-0.0118542
45.58	-0.0118897
45.59	-0.0119249
45.6	-0.01196
45.61	-0.0119949
45.62	-0.0120296
45.63	-0.0120641
45.64	-0.0120984
45.65	-0.0121326
45.66	-0.0121665
45.67	-0.0122003
45.68	-0.0122338
45.69	-0.0122672
45.7	-0.0123004
45.71	-0.0123333
45.72	-0.0123661
45.73	-0.0123987
45.74	-0.0124311
45.75	-0.0124633
45.76	-0.0124953
45.77	-0.0125271
45.78	-0.0125586
45.79	-0.01259
45.8	-0.0126212
45.81	-0.0126522
45.82	-0.012683
45.83	-0.0127136
45.84	-0.012744
45.85	-0.0127741
45.86	-0.0128041
45.87	-0.0128339
45.88	-0.0128634
45.89	-0.0128928
45.9	-0.0129219
45.91	-0.0129508
45.92	-0.0129796
45.93	-0.0130081
45.94	-0.0130364
45.95	-0.0130644
45.96	-0.0130923
45.97	-0.01312
45.98	-0.0131474
45.99	-0.0131746
46	-0.0132017
46.01	-0.0132285
46.02	-0.013255
46.03	-0.0132814
46.04	-0.0133075
46.05	-0.0133335
46.06	-0.0133592
46.07	-0.0133846
46.08	-0.0134099
46.09	-0.0134349
46.1	-0.0134597
46.11	-0.0134843
46.12	-0.0135087
46.13	-0.0135328
46.14	-0.0135567
46.15	-0.0135804
46.16	-0.0136039
46.17	-0.0136271
46.18	-0.0136501
46.19	-0.0136729
46.2	-0.0136954
46.21	-0.0137177
46.22	-0.0137398
46.23	-0.0137616
46.24	-0.0137832
46.25	-0.0138046
46.26	-0.0138257
46.27	-0.0138466
46.28	-0.0138673
46.29	-0.0138877
46.3	-0.0139079
46.31	-0.0139278
46.32	-0.0139475
46.33	-0.013967
46.34	-0.0139862
46.35	-0.0140052
46.36	-0.0140239
46.37	-0.0140424
46.38	-0.0140607
46.39	-0.0140787
46.4	-0.0140965
46.41	-0.014114
46.42	-0.0141313
46.43	-0.0141483
46.44	-0.014165
46.45	-0.0141816
46.46	-0.0141978
46.47	-0.0142139
46.48	-0.0142296
46.49	-0.0142451
46.5	-0.0142604
46.51	-0.0142754
46.52	-0.0142902
46.53	-0.0143047
46.54	-0.0143189
46.55	-0.0143329
46.56	-0.0143466
46.57	-0.0143601
46.58	-0.0143733
46.59	-0.0143863
46.6	-0.014399
46.61	-0.0144114
46.62	-0.0144236
46.63	-0.0144355
46.64	-0.0144471
46.65	-0.0144585
46.66	-0.0144696
46.67	-0.0144805
46.68	-0.0144911
46.69	-0.0145014
46.7	-0.0145115
46.71	-0.0145213
46.72	-0.0145308
46.73	-0.01454
46.74	-0.014549
46.75	-0.0145577
46.76	-0.0145661
46.77	-0.0145743
46.78	-0.0145822
46.79	-0.0145898
46.8	-0.0145972
46.81	-0.0146043
46.82	-0.0146111
46.83	-0.0146176
46.84	-0.0146238
46.85	-0.0146298
46.86	-0.0146355
46.87	-0.0146409
46.88	-0.014646
46.89	-0.0146509
46.9	-0.0146555
46.91	-0.0146598
46.92	-0.0146638
46.93	-0.0146675
46.94	-0.014671
46.95	-0.0146742
46.96	-0.014677
46.97	-0.0146796
46.98	-0.014682
46.99	-0.014684
47	-0.0146857
47.01	-0.0146872
47.02	-0.0146884
47.03	-0.0146893
47.04	-0.0146899
47.05	-0.0146902
47.06	-0.0146902
47.07	-0.0146899
47.08	-0.0146894
47.09	-0.0146885
47.1	-0.0146874
47.11	-0.0146859
47.12	-0.0146842
47.13	-0.0146822
47.14	-0.0146799
47.15	-0.0146773
47.16	-0.0146744
47.17	-0.0146712
47.18	-0.0146677
47.19	-0.0146639
47.2	-0.0146599
47.21	-0.0146555
47.22	-0.0146508
47.23	-0.0146458
47.24	-0.0146406
47.25	-0.014635
47.26	-0.0146292
47.27	-0.014623
47.28	-0.0146165
47.29	-0.0146098
47.3	-0.0146027
47.31	-0.0145954
47.32	-0.0145877
47.33	-0.0145798
47.34	-0.0145715
47.35	-0.0145629
47.36	-0.0145541
47.37	-0.0145449
47.38	-0.0145354
47.39	-0.0145257
47.4	-0.0145156
47.41	-0.0145052
47.42	-0.0144945
47.43	-0.0144835
47.44	-0.0144722
47.45	-0.0144607
47.46	-0.0144488
47.47	-0.0144365
47.48	-0.014424
47.49	-0.0144112
47.5	-0.0143981
47.51	-0.0143847
47.52	-0.0143709
47.53	-0.0143569
47.54	-0.0143426
47.55	-0.0143279
47.56	-0.0143129
47.57	-0.0142977
47.58	-0.0142821
47.59	-0.0142662
47.6	-0.01425
47.61	-0.0142335
47.62	-0.0142167
47.63	-0.0141996
47.64	-0.0141822
47.65	-0.0141645
47.66	-0.0141464
47.67	-0.0141281
47.68	-0.0141094
47.69	-0.0140905
47.7	-0.0140712
47.71	-0.0140516
47.72	-0.0140317
47.73	-0.0140116
47.74	-0.0139911
47.75	-0.0139702
47.76	-0.0139491
47.77	-0.0139277
47.78	-0.013906
47.79	-0.0138839
47.8	-0.0138616
47.81	-0.0138389
47.82	-0.0138159
47.83	-0.0137927
47.84	-0.0137691
47.85	-0.0137452
47.86	-0.013721
47.87	-0.0136965
47.88	-0.0136717
47.89	-0.0136466
47.9	-0.0136212
47.91	-0.0135954
47.92	-0.0135694
47.93	-0.013543
47.94	-0.0135164
47.95	-0.0134894
47.96	-0.0134622
47.97	-0.0134346
47.98	-0.0134067
47.99	-0.0133786
48	-0.0133501
48.01	-0.0133213
48.02	-0.0132922
48.03	-0.0132628
48.04	-0.0132331
48.05	-0.0132031
48.06	-0.0131728
48.07	-0.0131422
48.08	-0.0131113
48.09	-0.0130801
48.1	-0.0130486
48.11	-0.0130168
48.12	-0.0129847
48.13	-0.0129523
48.14	-0.0129196
48.15	-0.0128866
48.16	-0.0128533
48.17	-0.0128197
48.18	-0.0127858
48.19	-0.0127516
48.2	-0.0127171
48.21	-0.0126823
48.22	-0.0126472
48.23	-0.0126119
48.24	-0.0125762
48.25	-0.0125402
48.26	-0.012504
48.27	-0.0124674
48.28	-0.0124306
48.29	-0.0123934
48.3	-0.012356
48.31	-0.0123183
48.32	-0.0122803
48.33	-0.012242
48.34	-0.0122034
48.35	-0.0121645
48.36	-0.0121254
48.37	-0.0120859
48.38	-0.0120462
48.39	-0.0120062
48.4	-0.0119659
48.41	-0.0119253
48.42	-0.0118844
48.43	-0.0118433
48.44	-0.0118019
48.45	-0.0117601
48.46	-0.0117182
48.47	-0.0116759
48.48	-0.0116333
48.49	-0.0115905
48.5	-0.0115474
48.51	-0.011504
48.52	-0.0114604
48.53	-0.0114165
48.54	-0.0113723
48.55	-0.0113278
48.56	-0.0112831
48.57	-0.0112381
48.58	-0.0111928
48.59	-0.0111472
48.6	-0.0111014
48.61	-0.0110553
48.62	-0.011009
48.63	-0.0109624
48.64	-0.0109155
48.65	-0.0108684
48.66	-0.010821
48.67	-0.0107733
48.68	-0.0107254
48.69	-0.0106772
48.7	-0.0106288
48.71	-0.0105801
48.72	-0.0105311
48.73	-0.0104819
48.74	-0.0104325
48.75	-0.0103828
48.76	-0.0103328
48.77	-0.0102826
48.78	-0.0102321
48.79	-0.0101814
48.8	-0.0101305
48.81	-0.0100793
48.82	-0.0100278
48.83	-0.00997614
48.84	-0.00992421
48.85	-0.00987204
48.86	-0.00981963
48.87	-0.00976698
48.88	-0.00971409
48.89	-0.00966097
48.9	-0.00960761
48.91	-0.00955402
48.92	-0.0095002
48.93	-0.00944614
48.94	-0.00939185
48.95	-0.00933734
48.96	-0.0092826
48.97	-0.00922763
48.98	-0.00917243
48.99	-0.00911701
49	-0.00906137
49.01	-0.00900551
49.02	-0.00894943
49.03	-0.00889313
49.04	-0.00883661
49.05	-0.00877988
49.06	-0.00872293
49.07	-0.00866577
49.08	-0.00860839
49.09	-0.00855081
49.1	-0.00849301
49.11	-0.00843501
49.12	-0.0083768
49.13	-0.00831839
49.14	-0.00825977
49.15	-0.00820095
49.16	-0.00814193
49.17	-0.00808271
49.18	-0.00802329
49.19	-0.00796368
49.2	-0.00790387
49.21	-0.00784386
49.22	-0.00778367
49.23	-0.00772328
49.24	-0.0076627
49.25	-0.00760194
49.26	-0.00754098
49.27	-0.00747985
49.28	-0.00741852
49.29	-0.00735702
49.3	-0.00729533
49.31	-0.00723347
49.32	-0.00717143
49.33	-0.00710921
49.34	-0.00704682
49.35	-0.00698425
49.36	-0.00692151
49.37	-0.0068586
49.38	-0.00679552
49.39	-0.00673228
49.4	-0.00666886
49.41	-0.00660529
49.42	-0.00654155
49.43	-0.00647765
49.44	-0.00641359
49.45	-0.00634937
49.46	-0.00628499
49.47	-0.00622046
49.48	-0.00615578
49.49	-0.00609094
49.5	-0.00602595
49.51	-0.00596082
49.52	-0.00589553
49.53	-0.0058301
49.54	-0.00576453
49.55	-0.00569881
49.56	-0.00563295
49.57	-0.00556695
49.58	-0.00550082
49.59	-0.00543454
49.6	-0.00536814
49.61	-0.0053016
49.62	-0.00523492
49.63	-0.00516812
49.64	-0.00510118
49.65	-0.00503412
49.66	-0.00496694
49.67	-0.00489963
49.68	-0.0048322
49.69	-0.00476464
49.7	-0.00469697
49.71	-0.00462918
49.72	-0.00456128
49.73	-0.00449326
49.74	-0.00442512
49.75	-0.00435688
49.76	-0.00428852
49.77	-0.00422006
49.78	-0.00415149
49.79	-0.00408281
49.8	-0.00401403
49.81	-0.00394515
49.82	-0.00387617
49.83	-0.00380709
49.84	-0.00373792
49.85	-0.00366864
49.86	-0.00359928
49.87	-0.00352982
49.88	-0.00346027
49.89	-0.00339063
49.9	-0.0033209
49.91	-0.00325109
49.92	-0.00318119
49.93	-0.00311121
49.94	-0.00304115
49.95	-0.00297101
49.96	-0.00290079
49.97	-0.00283049
49.98	-0.00276012
49.99	-0.00268968
50	-0.00261916
