0	0
0.1	4e-06
0.2	2.9e-05
0.3	4.95593e-05
0.4	6.92571e-05
0.5	8.85014e-05
0.6	0.000106964
0.7	0.000125682
0.8	0.000143118
0.9	0.000159224
1	0.000173493
1.1	0.000186013
1.2	0.000197514
1.3	0.000209407
1.4	0.000220817
1.5	0.000231617
1.6	0.000242451
1.7	0.00025275
1.8	0.000262748
1.9	0.000272492
2	0.000279845
2.1	0.000286488
2.2	0.000291914
2.3	0.000293428
2.4	0.000292134
2.5	0.000286924
2.6	0.000280472
2.7	0.000271215
2.8	0.000262344
2.9	0.000253788
3	0.000246205
3.1	0.000238967
3.2	0.000232151
3.3	0.00022753
3.4	0.000223568
3.5	0.00022141
3.6	0.000218886
3.7	0.000216502
3.8	0.00021345
3.9	0.000207608
4	0.000199543
4.1	0.000187525
4.2	0.000171533
4.3	0.000154266
4.4	0.000135155
4.5	0.000115379
4.6	9.58716e-05
4.7	7.53415e-05
4.8	5.52792e-05
4.9	3.59705e-05
5	1.65053e-05
5.1	-2.21515e-06
5.2	-2.04739e-05
5.3	-3.87372e-05
5.4	-5.66565e-05
5.5	-7.50761e-05
5.6	-9.40437e-05
5.7	-0.000114827
5.8	-0.000136934
5.9	-0.000161141
6	-0.000184526
6.1	-0.000205503
6.2	-0.000225867
6.3	-0.000246843
6.4	-0.00026814
6.5	-0.000291008
6.6	-0.000315298
6.7	-0.000340536
6.8	-0.000364986
6.9	-0.000389722
7	-0.000412707
7.1	-0.000434863
7.2	-0.000454151
7.3	-0.000471642
7.4	-0.000485592
7.5	-0.000498519
7.6	-0.000509266
7.7	-0.00052007
7.8	-0.000531627
7.9	-0.000542147
8	-0.000548411
8.1	-0.000552815
8.2	-0.00055442
8.3	-0.000555984
8.4	-0.000555998
8.5	-0.00055571
8.6	-0.000555149
8.7	-0.000554141
8.8	-0.00055232
8.9	-0.000550134
9	-0.000547849
9.1	-0.000543547
9.2	-0.000538122
9.3	-0.000531273
9.4	-0.000522495
9.5	-0.000510066
9.6	-0.000493039
9.7	-0.000472223
9.8	-0.000449175
9.9	-0.000424185
10	-0.000398265
10.1	-0.000372135
10.2	-0.000346217
10.3	-0.000321625
10.4	-0.000298159
10.5	-0.000275302
10.6	-0.000254217
10.7	-0.00023375
10.8	-0.000214428
10.9	-0.000194469
11	-0.000174786
11.1	-0.000152996
11.2	-0.000128433
11.3	-0.000100154
11.4	-6.89588e-05
11.5	-3.63957e-05
11.6	-1.77972e-06
11.7	3.27967e-05
11.8	6.74518e-05
11.9	0.000102504
12	0.000138464
12.1	0.000173029
12.2	0.000208078
12.3	0.000242674
12.4	0.00027707
12.5	0.000310715
12.6	0.000344268
12.7	0.00037762
12.8	0.000410912
12.9	0.000444572
13	0.000478344
13.1	0.000512329
13.2	0.000543036
13.3	0.000570425
13.4	0.000597969
13.5	0.000624715
13.6	0.000652342
13.7	0.000680236
13.8	0.000707558
13.9	0.000735315
14	0.00076144
14.1	0.000785862
14.2	0.000808586
14.3	0.000828764
14.4	0.00084477
14.5	0.000858271
14.6	0.000868297
14.7	0.000875301
14.8	0.000881224
14.9	0.00088555
15	0.000891356
15.1	0.00089136
15.2	0.00088896
15.3	0.000883271
15.4	0.000875153
15.5	0.000866237
15.6	0.000854941
15.7	0.000843489
15.8	0.000830913
15.9	0.000817064
16	0.00080261
16.1	0.000786034
16.2	0.000769628
16.3	0.000750483
16.4	0.000729483
16.5	0.000705287
16.6	0.000678323
16.7	0.00064577
16.8	0.000609548
16.9	0.000569304
17	0.0005284
17.1	0.000485903
17.2	0.000443577
17.3	0.000401874
17.4	0.000359931
17.5	0.000320568
17.6	0.000281281
17.7	0.000244253
17.8	0.000208351
17.9	0.000172133
18	0.000136859
18.1	0.000101498
18.2	6.37372e-05
18.3	2.49991e-05
18.4	-1.75498e-05
18.5	-6.39845e-05
18.6	-0.000111609
18.7	-0.000160942
18.8	-0.00020971
18.9	-0.000258834
19	-0.000308423
19.1	-0.000357772
19.2	-0.000406357
19.3	-0.000454841
19.4	-0.000503078
19.5	-0.000549126
19.6	-0.000595261
19.7	-0.000640002
19.8	-0.000683133
19.9	-0.000725739
20	-0.000768241
20.1	-0.000809442
20.2	-0.000850571
20.3	-0.000888342
20.4	-0.000922006
20.5	-0.000953421
20.6	-0.000983111
20.7	-0.00101234
20.8	-0.00104118
20.9	-0.0010696
21	-0.00109651
21.1	-0.00112187
21.2	-0.00114574
21.3	-0.00116638
21.4	-0.0011833
21.5	-0.00119733
21.6	-0.00120669
21.7	-0.00121308
21.8	-0.00121469
21.9	-0.0012143
22	-0.00121128
22.1	-0.00120869
22.2	-0.00120128
22.3	-0.00118951
22.4	-0.00117463
22.5	-0.00115665
22.6	-0.00113538
22.7	-0.00111245
22.8	-0.00108829
22.9	-0.00106215
23	-0.0010361
23.1	-0.00100802
23.2	-0.000978606
23.3	-0.000948332
23.4	-0.000916467
23.5	-0.000882051
23.6	-0.000845882
23.7	-0.000805506
23.8	-0.000761202
23.9	-0.00071197
24	-0.000657522
24.1	-0.000601267
24.2	-0.000543309
24.3	-0.000484439
24.4	-0.000425129
24.5	-0.000367532
24.6	-0.000310483
24.7	-0.000255499
24.8	-0.000200787
24.9	-0.000148251
25	-9.74974e-05
25.1	-4.68472e-05
25.2	3.65128e-06
25.3	5.42114e-05
25.4	0.000106295
25.5	0.000160598
25.6	0.00021704
25.7	0.000277751
25.8	0.000339062
25.9	0.000400494
26	0.000461755
26.1	0.000522738
26.2	0.000583516
26.3	0.000644353
26.4	0.000704709
26.5	0.000764253
26.6	0.000821886
26.7	0.00087876
26.8	0.00093331
26.9	0.000986288
27	0.0010358
27.1	0.00108337
27.2	0.00112895
27.3	0.00117303
27.4	0.00121666
27.5	0.0012585
27.6	0.00129397
27.7	0.0013252
27.8	0.00135322
27.9	0.00137894
28	0.0014033
28.1	0.0014253
28.2	0.00144607
28.3	0.00146499
28.4	0.00148173
28.5	0.00149529
28.6	0.00150512
28.7	0.00151215
28.8	0.00151385
28.9	0.0015123
29	0.00150619
29.1	0.00149591
29.2	0.00148256
29.3	0.00146799
29.4	0.00144982
29.5	0.00142744
29.6	0.00139907
29.7	0.00136773
29.8	0.00133226
29.9	0.0012953
30	0.00125533
30.1	0.00121463
30.2	0.00117228
30.3	0.00112814
30.4	0.00108387
30.5	0.00103887
30.6	0.00099232
30.7	0.000944125
30.8	0.000894919
30.9	0.000842053
31	0.000786584
31.1	0.000725264
31.2	0.000658535
31.3	0.000587523
31.4	0.000514035
31.5	0.00043956
31.6	0.000364267
31.7	0.000289013
31.8	0.000215346
31.9	0.000143514
32	7.24737e-05
32.1	3.90264e-06
32.2	-6.37895e-05
32.3	-0.000129448
32.4	-0.000194159
32.5	-0.000257239
32.6	-0.00032122
32.7	-0.00038484
32.8	-0.000450032
32.9	-0.000516917
33	-0.000587803
33.1	-0.000659179
33.2	-0.000729718
33.3	-0.000799286
33.4	-0.000866953
33.5	-0.000935007
33.6	-0.00100197
33.7	-0.00106865
33.8	-0.00113413
33.9	-0.00119784
34	-0.00125859
34.1	-0.00131762
34.2	-0.00137365
34.3	-0.00142492
34.4	-0.00147231
34.5	-0.00151634
34.6	-0.00155627
34.7	-0.00159318
34.8	-0.00162802
34.9	-0.00166172
35	-0.00168921
35.1	-0.00170957
35.2	-0.00172604
35.3	-0.00173812
35.4	-0.00174763
35.5	-0.0017548
35.6	-0.00175829
35.7	-0.0017603
35.8	-0.00175859
35.9	-0.00175452
36	-0.00174714
36.1	-0.00173616
36.2	-0.00172107
36.3	-0.00170207
36.4	-0.00168017
36.5	-0.00165417
36.6	-0.00162468
36.7	-0.00159211
36.8	-0.0015547
36.9	-0.0015125
37	-0.0014644
37.1	-0.00141305
37.2	-0.00135892
37.3	-0.00130128
37.4	-0.00124315
37.5	-0.0011823
37.6	-0.00112229
37.7	-0.00106037
37.8	-0.000998526
37.9	-0.000936465
38	-0.000873584
38.1	-0.000809975
38.2	-0.000744415
38.3	-0.000677368
38.4	-0.000606973
38.5	-0.000532055
38.6	-0.00045212
38.7	-0.000368363
38.8	-0.000282675
38.9	-0.000195651
39	-0.000107602
39.1	-2.05617e-05
39.2	6.66941e-05
39.3	0.00015164
39.4	0.000235985
39.5	0.000317662
39.6	0.000398813
39.7	0.000477781
39.8	0.000554102
39.9	0.000630497
40	0.00070487
40.1	0.000779309
40.2	0.000854088
40.3	0.000928681
40.4	0.00100477
40.5	0.00108126
40.6	0.00115532
40.7	0.0012264
40.8	0.00129525
40.9	0.00136199
41	0.00142715
41.1	0.00149169
41.2	0.0015541
41.3	0.00161443
41.4	0.00167237
41.5	0.0017263
41.6	0.00177539
41.7	0.00182064
41.8	0.00185997
41.9	0.00189432
42	0.00192267
42.1	0.00194716
42.2	0.00196616
42.3	0.00198331
42.4	0.00199763
42.5	0.00200554
42.6	0.00200697
42.7	0.00200238
42.8	0.00199382
42.9	0.00198198
43	0.00196623
43.1	0.00194666
43.2	0.0019251
43.3	0.00190015
43.4	0.00187221
43.5	0.00184146
43.6	0.00180692
43.7	0.00177039
43.8	0.00172953
43.9	0.00168478
44	0.00163741
44.1	0.00158449
44.2	0.00152686
44.3	0.00146317
44.4	0.00139482
44.5	0.00132196
44.6	0.00124748
44.7	0.00117101
44.8	0.00109289
44.9	0.00101416
45	0.000935558
45.1	0.000856517
45.2	0.000778151
45.3	0.000700255
45.4	0.000622306
45.5	0.00054346
45.6	0.000463564
45.7	0.000382152
45.8	0.00029846
45.9	0.000211432
46	0.000119734
46.1	2.67623e-05
46.2	-6.83416e-05
46.3	-0.000163677
46.4	-0.000258575
46.5	-0.000354579
46.6	-0.000449441
46.7	-0.000543108
46.8	-0.000635716
46.9	-0.000727586
47	-0.000817218
47.1	-0.000905301
47.2	-0.000992714
47.3	-0.00107754
47.4	-0.00116107
47.5	-0.00124386
47.6	-0.0013247
47.7	-0.0014057
47.8	-0.0014823
47.9	-0.00155432
48	-0.00162299
48.1	-0.00168905
48.2	-0.00175176
48.3	-0.00181297
48.4	-0.00187222
48.5	-0.00192877
48.6	-0.0019817
48.7	-0.00203096
48.8	-0.00207546
48.9	-0.00211516
49	-0.00214811
49.1	-0.00217554
49.2	-0.00219695
49.3	-0.00221116
49.4	-0.00222137
49.5	-0.00222724
49.6	-0.00222996
49.7	-0.00223026
49.8	-0.00222451
49.9	-0.00221373
50	-0.00219862
