0	0
0,01	-3,663e-09
0,02	-2,93038e-08
0,03	-9,88996e-08
0,04	-2,34426e-07
0,05	-4,57856e-07
0,06	2,0884e-07
0,07	-2,56306e-07
0,08	1,24746e-07
0,09	3,30038e-07
0,1	3,37618e-07
0,11	1,25544e-07
0,12	-3,28122e-07
0,13	-4,53094e-08
0,14	-4,79367e-08
0,15	-3,57914e-07
0,16	2,85834e-09
0,17	1,24928e-08
0,18	-3,50888e-07
0,19	-1,09146e-07
0,2	-2,84134e-07
0,21	1,02312e-07
0,22	2,83716e-08
0,23	-5,27762e-07
0,24	4,12122e-07
0,25	-1,7375e-07
0,26	-3,07132e-07
0,27	-9,76086e-09
0,28	-3,03354e-07
0,29	-2,09608e-07
0,3	2,498e-07
0,31	5,32143e-08
0,32	1,79002e-07
0,33	-3,94447e-07
0,34	-6,8872e-07
0,35	2,74619e-07
0,36	-5,25965e-07
0,37	-1,11987e-07
0,38	-5,04932e-07
0,39	-7,26259e-07
0,4	2,02602e-07
0,41	2,60246e-07
0,42	-5,74699e-07
0,43	-3,23578e-07
0,44	-7,70397e-09
0,45	-6,48359e-07
0,46	-2,66795e-07
0,47	1,15772e-07
0,48	-5,21845e-07
0,49	-2,00795e-07
0,5	5,78042e-08
0,51	2,32872e-07
0,52	3,03361e-07
0,53	2,48265e-07
0,54	4,66101e-08
0,55	-3,22537e-07
0,56	1,19927e-07
0,57	3,53147e-07
0,58	3,56305e-07
0,59	1,08624e-07
0,6	-4,1063e-07
0,61	-2,22153e-07
0,62	-3,46595e-07
0,63	1,95434e-07
0,64	3,83369e-07
0,65	1,96688e-07
0,66	-3,85086e-07
0,67	-3,82383e-07
0,68	1,84409e-07
0,69	2,94954e-07
0,7	-7,1043e-08
0,71	6,6175e-08
0,72	-3,13589e-07
0,73	-2,30481e-07
0,74	2,95399e-07
0,75	2,44004e-07
0,76	-4,04664e-07
0,77	3,29449e-07
0,78	4,26447e-07
0,79	-1,33512e-07
0,8	-3,70218e-07
0,81	-3,03409e-07
0,82	4,72335e-08
0,83	-3,37921e-07
0,84	-4,78445e-07
0,85	-3,93857e-07
0,86	-1,10362e-06
0,87	-6,27143e-07
0,88	-9,83772e-07
0,89	-1,1928e-06
0,9	-1,27346e-06
0,91	-1,24493e-06
0,92	-2,12633e-06
0,93	-1,93671e-06
0,94	-1,69507e-06
0,95	-2,42035e-06
0,96	-3,13143e-06
0,97	-2,84712e-06
0,98	-3,58617e-06
0,99	-3,36728e-06
1	-3,20908e-06
1,01	-4,13013e-06
1,02	-4,14893e-06
1,03	-4,28393e-06
1,04	-4,5535e-06
1,05	-4,97595e-06
1,06	-5,56952e-06
1,07	-5,35239e-06
1,08	-5,34268e-06
1,09	-5,55844e-06
1,1	-6,01764e-06
1,11	-6,73819e-06
1,12	-6,73795e-06
1,13	-7,03469e-06
1,14	-7,64612e-06
1,15	-7,58989e-06
1,16	-7,88356e-06
1,17	-8,54463e-06
1,18	-8,59055e-06
1,19	-8,03867e-06
1,2	-8,90629e-06
1,21	-9,21062e-06
1,22	-8,96883e-06
1,23	-9,19799e-06
1,24	-9,91511e-06
1,25	-1,01371e-05
1,26	-9,8809e-06
1,27	-1,01632e-05
1,28	-1,00008e-05
1,29	-1,04103e-05
1,3	-1,04084e-05
1,31	-1,10114e-05
1,32	-1,12358e-05
1,33	-1,10979e-05
1,34	-1,06142e-05
1,35	-1,08006e-05
1,36	-1,16734e-05
1,37	-1,12487e-05
1,38	-1,15423e-05
1,39	-1,15703e-05
1,4	-1,13484e-05
1,41	-1,18923e-05
1,42	-1,12178e-05
1,43	-1,13404e-05
1,44	-1,12756e-05
1,45	-1,2039e-05
1,46	-1,16458e-05
1,47	-1,21114e-05
1,48	-1,14509e-05
1,49	-1,16796e-05
1,5	-1,18123e-05
1,51	-1,18642e-05
1,52	-1,18501e-05
1,53	-1,17848e-05
1,54	-1,16831e-05
1,55	-1,15597e-05
1,56	-1,1429e-05
1,57	-1,13057e-05
1,58	-1,12042e-05
1,59	-1,11387e-05
1,6	-1,11236e-05
1,61	-1,1173e-05
1,62	-1,03011e-05
1,63	-1,05219e-05
1,64	-1,08493e-05
1,65	-1,02971e-05
1,66	-9,8793e-06
1,67	-9,60945e-06
1,68	-9,50121e-06
1,69	-9,56812e-06
1,7	-9,82367e-06
1,71	-9,28122e-06
1,72	-8,95408e-06
1,73	-8,85548e-06
1,74	-8,99856e-06
1,75	-8,39638e-06
1,76	-8,06193e-06
1,77	-8,0081e-06
1,78	-8,24771e-06
1,79	-7,7935e-06
1,8	-7,65814e-06
1,81	-6,85418e-06
1,82	-7,39414e-06
1,83	-6,29042e-06
1,84	-6,55536e-06
1,85	-6,20121e-06
1,86	-6,24014e-06
1,87	-5,68423e-06
1,88	-5,5455e-06
1,89	-4,83588e-06
1,9	-4,5672e-06
1,91	-4,75124e-06
1,92	-4,39967e-06
1,93	-4,5241e-06
1,94	-4,13604e-06
1,95	-3,24695e-06
1,96	-3,86817e-06
1,97	-3,01099e-06
1,98	-2,68659e-06
1,99	-2,9061e-06
2	-2,68054e-06
2,01	-2,02088e-06
2,02	-1,93797e-06
2,03	-1,44262e-06
2,04	-1,54554e-06
2,05	-1,25734e-06
2,06	-5,88588e-07
2,07	-5,49741e-07
2,08	-1,51188e-07
2,09	-4,03235e-07
2,1	-3,16107e-07
2,11	1,0005e-07
2,12	8,35172e-07
2,13	8,79275e-07
2,14	1,22245e-06
2,15	8,54889e-07
2,16	7,66833e-07
2,17	9,48625e-07
2,18	1,39068e-06
2,19	2,0835e-06
2,2	2,01765e-06
2,21	2,1838e-06
2,22	2,57268e-06
2,23	2,17511e-06
2,24	1,98197e-06
2,25	1,98425e-06
2,26	2,17301e-06
2,27	2,53936e-06
2,28	2,07453e-06
2,29	1,76981e-06
2,3	1,61656e-06
2,31	1,60625e-06
2,32	1,73038e-06
2,33	1,98057e-06
2,34	1,34851e-06
2,35	8,25963e-07
2,36	4,04761e-07
2,37	7,68295e-08
2,38	-1,65834e-07
2,39	-3,31155e-07
2,4	-4,26979e-07
2,41	-4,61074e-07
2,42	-1,44113e-06
2,43	-1,37477e-06
2,44	-2,26952e-06
2,45	-3,13284e-06
2,46	-2,97211e-06
2,47	-3,79464e-06
2,48	-3,60766e-06
2,49	-4,41832e-06
2,5	-5,23369e-06
2,51	-6,06077e-06
2,52	-5,90649e-06
2,53	-6,77768e-06
2,54	-7,68113e-06
2,55	-7,62351e-06
2,56	-8,61145e-06
2,57	-8,6515e-06
2,58	-9,75011e-06
2,59	-9,91368e-06
2,6	-1,01485e-05
2,61	-1,14609e-05
2,62	-1,18569e-05
2,63	-1,23427e-05
2,64	-1,29243e-05
2,65	-1,36076e-05
2,66	-1,43985e-05
2,67	-1,43028e-05
2,68	-1,53262e-05
2,69	-1,54743e-05
2,7	-1,67527e-05
2,71	-1,7167e-05
2,72	-1,77225e-05
2,73	-1,84245e-05
2,74	-1,82784e-05
2,75	-1,92893e-05
2,76	-1,94624e-05
2,77	-1,98027e-05
2,78	-2,03153e-05
2,79	-2,10049e-05
2,8	-2,18765e-05
2,81	-2,19348e-05
2,82	-2,21845e-05
2,83	-2,26302e-05
2,84	-2,32765e-05
2,85	-2,41278e-05
2,86	-2,41886e-05
2,87	-2,4463e-05
2,88	-2,49556e-05
2,89	-2,46703e-05
2,9	-2,56113e-05
2,91	-2,57827e-05
2,92	-2,61884e-05
2,93	-2,68323e-05
2,94	-2,67182e-05
2,95	-2,685e-05
2,96	-2,72312e-05
2,97	-2,68655e-05
2,98	-2,77565e-05
2,99	-2,79076e-05
3	-2,73221e-05
3,01	-2,80036e-05
3,02	-2,79551e-05
3,03	-2,81799e-05
3,04	-2,86811e-05
3,05	-2,84618e-05
3,06	-2,85249e-05
3,07	-2,78733e-05
3,08	-2,851e-05
3,09	-2,84375e-05
3,1	-2,76588e-05
3,11	-2,81763e-05
3,12	-2,79926e-05
3,13	-2,81103e-05
3,14	-2,75317e-05
3,15	-2,72592e-05
3,16	-2,72951e-05
3,17	-2,66416e-05
3,18	-2,73008e-05
3,19	-2,62748e-05
3,2	-2,65657e-05
3,21	-2,61753e-05
3,22	-2,61055e-05
3,23	-2,53581e-05
3,24	-2,49349e-05
3,25	-2,48375e-05
3,26	-2,40675e-05
3,27	-2,36264e-05
3,28	-2,35156e-05
3,29	-2,27367e-05
3,3	-2,22908e-05
3,31	-2,11792e-05
3,32	-2,14031e-05
3,33	-2,09637e-05
3,34	-1,98619e-05
3,35	-1,90988e-05
3,36	-1,86752e-05
3,37	-1,7592e-05
3,38	-1,78499e-05
3,39	-1,64497e-05
3,4	-1,6392e-05
3,41	-1,56774e-05
3,42	-1,43063e-05
3,43	-1,32791e-05
3,44	-1,25963e-05
3,45	-1,22582e-05
3,46	-1,12649e-05
3,47	-1,06166e-05
3,48	-9,31347e-06
3,49	-8,35543e-06
3,5	-7,74247e-06
3,51	-7,47447e-06
3,52	-6,55124e-06
3,53	-4,97255e-06
3,54	-4,73806e-06
3,55	-2,84739e-06
3,56	-2,30007e-06
3,57	-1,0956e-06
3,58	-2,33367e-07
3,59	2,87282e-07
3,6	1,46708e-06
3,61	2,30682e-06
3,62	3,80737e-06
3,63	4,96967e-06
3,64	5,79471e-06
3,65	6,28357e-06
3,66	7,43739e-06
3,67	8,25737e-06
3,68	9,74479e-06
3,69	1,0901e-05
3,7	1,17274e-05
3,71	1,32255e-05
3,72	1,33968e-05
3,73	1,5243e-05
3,74	1,57657e-05
3,75	1,69667e-05
3,76	1,78478e-05
3,77	1,8411e-05
3,78	1,96581e-05
3,79	2,05912e-05
3,8	2,22125e-05
3,81	2,2524e-05
3,82	2,35281e-05
3,83	2,5227e-05
3,84	2,56231e-05
3,85	2,67188e-05
3,86	2,75168e-05
3,87	2,80195e-05
3,88	2,92296e-05
3,89	3,01499e-05
3,9	3,07832e-05
3,91	3,21322e-05
3,92	3,22e-05
3,93	3,29895e-05
3,94	3,45039e-05
3,95	3,47463e-05
3,96	3,57198e-05
3,97	3,64279e-05
3,98	3,68738e-05
3,99	3,70609e-05
4	3,79929e-05
4,01	3,86731e-05
4,02	3,91054e-05
4,03	3,92933e-05
4,04	4,02408e-05
4,05	3,99515e-05
4,06	4,04296e-05
4,07	4,06788e-05
4,08	4,07035e-05
4,09	4,15075e-05
4,1	4,20953e-05
4,11	4,1471e-05
4,12	4,16391e-05
4,13	4,26039e-05
4,14	4,23699e-05
4,15	4,29418e-05
4,16	4,23241e-05
4,17	4,25216e-05
4,18	4,25391e-05
4,19	4,33815e-05
4,2	4,30536e-05
4,21	4,35605e-05
4,22	4,29073e-05
4,23	4,30991e-05
4,24	4,31411e-05
4,25	4,30388e-05
4,26	4,37973e-05
4,27	4,34222e-05
4,28	4,29191e-05
4,29	4,32934e-05
4,3	4,3551e-05
4,31	4,36974e-05
4,32	4,37387e-05
4,33	4,36805e-05
4,34	4,3529e-05
4,35	4,32901e-05
4,36	4,297e-05
4,37	4,35749e-05
4,38	4,3111e-05
4,39	4,35847e-05
4,4	4,30025e-05
4,41	4,33707e-05
4,42	4,2696e-05
4,43	4,29851e-05
4,44	4,32446e-05
4,45	4,24813e-05
4,46	4,27022e-05
4,47	4,29142e-05
4,48	4,31242e-05
4,49	4,23395e-05
4,5	4,25672e-05
4,51	4,28145e-05
4,52	4,30888e-05
4,53	4,23975e-05
4,54	4,27482e-05
4,55	4,31482e-05
4,56	4,26054e-05
4,57	4,31274e-05
4,58	4,27221e-05
4,59	4,23972e-05
4,6	4,31608e-05
4,61	4,30209e-05
4,62	4,29856e-05
4,63	4,30631e-05
4,64	4,32617e-05
4,65	4,35897e-05
4,66	4,30555e-05
4,67	4,36676e-05
4,68	4,34347e-05
4,69	4,33653e-05
4,7	4,34683e-05
4,71	4,37524e-05
4,72	4,42266e-05
4,73	4,38997e-05
4,74	4,3781e-05
4,75	4,38794e-05
4,76	4,42043e-05
4,77	4,47649e-05
4,78	4,45707e-05
4,79	4,46309e-05
4,8	4,49553e-05
4,81	4,55533e-05
4,82	4,54348e-05
4,83	4,56094e-05
4,84	4,60871e-05
4,85	4,68777e-05
4,86	4,69913e-05
4,87	4,7438e-05
4,88	4,7228e-05
4,89	4,73714e-05
4,9	4,78787e-05
4,91	4,87603e-05
4,92	4,90267e-05
4,93	4,86884e-05
4,94	4,97561e-05
4,95	4,92406e-05
4,96	5,01527e-05
4,97	5,05032e-05
4,98	5,13032e-05
4,99	5,15638e-05
5	5,1296e-05
5,01	5,25111e-05
5,02	5,22205e-05
5,03	5,34354e-05
5,04	5,31675e-05
5,05	5,44282e-05
5,06	5,42291e-05
5,07	5,45821e-05
5,08	5,54988e-05
5,09	5,59912e-05
5,1	5,60712e-05
5,11	5,67508e-05
5,12	5,70423e-05
5,13	5,79577e-05
5,14	5,85094e-05
5,15	5,87097e-05
5,16	5,95711e-05
5,17	6,01061e-05
5,18	6,13273e-05
5,19	6,12475e-05
5,2	6,18793e-05
5,21	6,22356e-05
5,22	6,33294e-05
5,23	6,41737e-05
5,24	6,47816e-05
5,25	6,51662e-05
5,26	6,53408e-05
5,27	6,63187e-05
5,28	6,71134e-05
5,29	6,77383e-05
5,3	6,82071e-05
5,31	6,95334e-05
5,32	6,97309e-05
5,33	7,08134e-05
5,34	7,07949e-05
5,35	7,16893e-05
5,36	7,25107e-05
5,37	7,32732e-05
5,38	7,39911e-05
5,39	7,46785e-05
5,4	7,53501e-05
5,41	7,602e-05
5,42	7,6703e-05
5,43	7,74136e-05
5,44	7,81665e-05
5,45	7,89765e-05
5,46	7,98585e-05
5,47	7,98273e-05
5,48	8,0898e-05
5,49	8,10856e-05
5,5	8,24054e-05
5,51	8,28725e-05
5,52	8,35023e-05
5,53	8,43101e-05
5,54	8,53115e-05
5,55	8,5522e-05
5,56	8,59573e-05
5,57	8,66329e-05
5,58	8,75648e-05
5,59	8,77687e-05
5,6	8,92606e-05
5,61	8,90565e-05
5,62	9,01724e-05
5,63	9,06246e-05
5,64	9,14293e-05
5,65	9,16027e-05
5,66	9,21613e-05
5,67	9,31215e-05
5,68	9,34998e-05
5,69	9,43129e-05
5,7	9,45773e-05
5,71	9,53099e-05
5,72	9,55275e-05
5,73	9,6247e-05
5,74	9,64853e-05
5,75	9,72595e-05
5,76	9,75867e-05
5,77	9,8484e-05
5,78	9,79688e-05
5,79	9,90582e-05
5,8	9,87699e-05
5,81	9,91211e-05
5,82	0,000100129
5,83	9,98124e-05
5,84	0,000100188
5,85	0,000100273
5,86	0,000101087
5,87	0,000100646
5,88	0,000100969
5,89	0,000101074
5,9	0,000100979
5,91	0,000101701
5,92	0,00010126
5,93	0,000101673
5,94	0,000101959
5,95	0,000102136
5,96	0,000103223
5,97	0,000103238
5,98	0,000103199
5,99	0,000104127
6	0,000104038
6,01	0,000104952
6,02	0,000104888
6,03	0,000105864
6,04	0,000105901
6,05	0,000107015
6,06	0,000107228
6,07	0,000107557
6,08	0,000108023
6,09	0,000108644
6,1	0,000109439
6,11	0,000110428
6,12	0,000110631
6,13	0,000111067
6,14	0,000111755
6,15	0,000112715
6,16	0,000112967
6,17	0,000113531
6,18	0,000114425
6,19	0,000114671
6,2	0,000115287
6,21	0,000116294
6,22	0,000116712
6,23	0,00011656
6,24	0,00011786
6,25	0,00011763
6,26	0,000118891
6,27	0,000118664
6,28	0,000118968
6,29	0,000119825
6,3	0,000120253
6,31	0,000121274
6,32	0,000120908
6,33	0,000121176
6,34	0,000122098
6,35	0,000122694
6,36	0,000122986
6,37	0,000122994
6,38	0,000123739
6,39	0,000124241
6,4	0,000124521
6,41	0,000124601
6,42	0,0001245
6,43	0,00012524
6,44	0,000124843
6,45	0,000125328
6,46	0,000125716
6,47	0,00012603
6,48	0,00012629
6,49	0,000126517
6,5	0,000126732
6,51	0,000125956
6,52	0,000126212
6,53	0,000126519
6,54	0,0001269
6,55	0,000126375
6,56	0,000126966
6,57	0,000126694
6,58	0,000126582
6,59	0,000126649
6,6	0,000126918
6,61	0,000126411
6,62	0,000126148
6,63	0,000126151
6,64	0,000126442
6,65	0,000126042
6,66	0,000125974
6,67	0,000126258
6,68	0,000125916
6,69	0,000125971
6,7	0,000125443
6,71	0,000125355
6,72	0,000125728
6,73	0,000125583
6,74	0,000124944
6,75	0,000124831
6,76	0,000124267
6,77	0,000124272
6,78	0,00012387
6,79	0,000124081
6,8	0,000123928
6,81	0,000123433
6,82	0,000123618
6,83	0,000123503
6,84	0,000123113
6,85	0,000122467
6,86	0,000122588
6,87	0,000121499
6,88	0,000122221
6,89	0,000121776
6,9	0,000121185
6,91	0,000120472
6,92	0,000120658
6,93	0,000120764
6,94	0,000119814
6,95	0,000119828
6,96	0,000119829
6,97	0,000119839
6,98	0,000118879
6,99	0,000118973
7	0,000119141
7,01	0,000118405
7,02	0,000117789
7,03	0,000118313
7,04	0,000118
7,05	0,000117871
7,06	0,000116948
7,07	0,000117255
7,08	0,000116811
7,09	0,00011664
7,1	0,000116763
7,11	0,000116202
7,12	0,000115979
7,13	0,000116116
7,14	0,000116635
7,15	0,000116557
7,16	0,000115905
7,17	0,0001157
7,18	0,000115965
7,19	0,00011572
7,2	0,000115988
7,21	0,00011579
7,22	0,000115149
7,23	0,000116085
7,24	0,000115621
7,25	0,000115779
7,26	0,000115579
7,27	0,000116044
7,28	0,000115196
7,29	0,000116055
7,3	0,000115644
7,31	0,000115984
7,32	0,000116096
7,33	0,000116002
7,34	0,000115724
7,35	0,000116283
7,36	0,0001167
7,37	0,000115997
7,38	0,000116195
7,39	0,000116316
7,4	0,00011738
7,41	0,00011741
7,42	0,000117425
7,43	0,000117448
7,44	0,0001175
7,45	0,000117602
7,46	0,000117774
7,47	0,000118039
7,48	0,000118416
7,49	0,000118928
7,5	0,000118594
7,51	0,000118436
7,52	0,000119475
7,53	0,000119732
7,54	0,000119226
7,55	0,00011998
7,56	0,000120014
7,57	0,000120349
7,58	0,000120004
7,59	0,000120002
7,6	0,000120361
7,61	0,000120104
7,62	0,00012025
7,63	0,000120819
7,64	0,000120833
7,65	0,000120311
7,66	0,000121273
7,67	0,000120741
7,68	0,000120733
7,69	0,000120271
7,7	0,000120374
7,71	0,000120062
7,72	0,000120355
7,73	0,000120274
7,74	0,000119838
7,75	0,000120066
7,76	0,000118979
7,77	0,000118597
7,78	0,000118939
7,79	0,000118024
7,8	0,000117872
7,81	0,000117503
7,82	0,000116937
7,83	0,000116191
7,84	0,000116287
7,85	0,000116243
7,86	0,000116078
7,87	0,000115811
7,88	0,000115462
7,89	0,00011505
7,9	0,000114593
7,91	0,000115111
7,92	0,000114622
7,93	0,000114145
7,94	0,000114699
7,95	0,000114302
7,96	0,000113974
7,97	0,000113732
7,98	0,000113596
7,99	0,000113583
8	0,000113712
8,01	0,000114001
8,02	0,000113468
8,03	0,000113132
8,04	0,000113011
8,05	0,000113122
8,06	0,000113484
8,07	0,000113115
8,08	0,000113032
8,09	0,000113252
8,1	0,000112795
8,11	0,000112677
8,12	0,000112916
8,13	0,000112529
8,14	0,000112535
8,15	0,000112949
8,16	0,000112789
8,17	0,000113074
8,18	0,000112819
8,19	0,000112041
8,2	0,000112759
8,21	0,000111988
8,22	0,000111746
8,23	0,000112049
8,24	0,000111913
8,25	0,000111357
8,26	0,000111395
8,27	0,000111045
8,28	0,000111323
8,29	0,000111246
8,3	0,000110828
8,31	0,000110088
8,32	0,00011004
8,33	0,000109701
8,34	0,000110087
8,35	0,000109214
8,36	0,000109097
8,37	0,000108752
8,38	0,000109195
8,39	0,000108441
8,4	0,000108506
8,41	0,000107406
8,42	0,000107155
8,43	0,000106769
8,44	0,000107262
8,45	0,000106651
8,46	0,000105951
8,47	0,000105175
8,48	0,000105339
8,49	0,000104458
8,5	0,000104546
8,51	0,000103619
8,52	0,00010369
8,53	0,000102774
8,54	0,000101886
8,55	0,000102039
8,56	0,000101249
8,57	0,000100528
8,58	9,98923e-05
8,59	9,93546e-05
8,6	9,89291e-05
8,61	9,86296e-05
8,62	9,74698e-05
8,63	9,64635e-05
8,64	9,66243e-05
8,65	9,59656e-05
8,66	9,45009e-05
8,67	9,42435e-05
8,68	9,32067e-05
8,69	9,24038e-05
8,7	9,18478e-05
8,71	9,15517e-05
8,72	9,05285e-05
8,73	8,97911e-05
8,74	8,83522e-05
8,75	8,82246e-05
8,76	8,74209e-05
8,77	8,59535e-05
8,78	8,48351e-05
8,79	8,4078e-05
8,8	8,36944e-05
8,81	8,26966e-05
8,82	8,20967e-05
8,83	8,09068e-05
8,84	8,01389e-05
8,85	7,88048e-05
8,86	7,79164e-05
8,87	7,64854e-05
8,88	7,55235e-05
8,89	7,50421e-05
8,9	7,40529e-05
8,91	7,25672e-05
8,92	7,15963e-05
8,93	7,11515e-05
8,94	6,92439e-05
8,95	6,88847e-05
8,96	6,70848e-05
8,97	6,58551e-05
8,98	6,52066e-05
8,99	6,41499e-05
9	6,26957e-05
9,01	6,18546e-05
9,02	6,06372e-05
9,03	6,00539e-05
9,04	5,81149e-05
9,05	5,68307e-05
9,06	5,62114e-05
9,07	5,52671e-05
9,08	5,40078e-05
9,09	5,24435e-05
9,1	5,15841e-05
9,11	5,04393e-05
9,12	4,90189e-05
9,13	4,83325e-05
9,14	4,63897e-05
9,15	4,51999e-05
9,16	4,47724e-05
9,17	4,31167e-05
9,18	4,2242e-05
9,19	4,11573e-05
9,2	3,98719e-05
9,21	3,83946e-05
9,22	3,67344e-05
9,23	3,59001e-05
9,24	3,49005e-05
9,25	3,37443e-05
9,26	3,244e-05
9,27	3,09962e-05
9,28	3,04213e-05
9,29	2,87237e-05
9,3	2,79116e-05
9,31	2,59933e-05
9,32	2,49769e-05
9,33	2,38705e-05
9,34	2,26819e-05
9,35	2,24192e-05
9,36	2,109e-05
9,37	1,97023e-05
9,38	1,82635e-05
9,39	1,77814e-05
9,4	1,62634e-05
9,41	1,57169e-05
9,42	1,41493e-05
9,43	1,35678e-05
9,44	1,19797e-05
9,45	1,13921e-05
9,46	1,0812e-05
9,47	9,2464e-06
9,48	8,70218e-06
9,49	7,18616e-06
9,5	6,70507e-06
9,51	6,26558e-06
9,52	4,87428e-06
9,53	4,53767e-06
9,54	4,2622e-06
9,55	3,05423e-06
9,56	2,92003e-06
9,57	1,86582e-06
9,58	8,9774e-07
9,59	1,02184e-06
9,6	2,44115e-07
9,61	-4,29532e-07
9,62	-9,93262e-07
9,63	-1,44131e-06
9,64	-1,768e-06
9,65	-1,96771e-06
9,66	-2,0349e-06
9,67	-2,96411e-06
9,68	-2,74994e-06
9,69	-3,38709e-06
9,7	-3,87029e-06
9,71	-4,19439e-06
9,72	-4,35429e-06
9,73	-4,34496e-06
9,74	-5,16145e-06
9,75	-5,79888e-06
9,76	-5,25245e-06
9,77	-5,51743e-06
9,78	-6,58915e-06
9,79	-6,46303e-06
9,8	-7,13455e-06
9,81	-6,59927e-06
9,82	-6,85282e-06
9,83	-7,8909e-06
9,84	-7,70929e-06
9,85	-8,30382e-06
9,86	-8,67041e-06
9,87	-8,80506e-06
9,88	-8,70382e-06
9,89	-9,36282e-06
9,9	-9,77827e-06
9,91	-9,94644e-06
9,92	-9,86367e-06
9,93	-1,05264e-05
9,94	-9,93106e-06
9,95	-1,10743e-05
9,96	-1,09526e-05
9,97	-1,15628e-05
9,98	-1,19016e-05
9,99	-1,19659e-05
10	-1,27525e-05
10,01	-1,22585e-05
10,02	-1,24808e-05
10,03	-1,34167e-05
10,04	-1,40633e-05
10,05	-1,44179e-05
10,06	-1,44777e-05
10,07	-1,52402e-05
10,08	-1,57029e-05
10,09	-1,58633e-05
10,1	-1,6719e-05
10,11	-1,72676e-05
10,12	-1,7507e-05
10,13	-1,7435e-05
10,14	-1,80493e-05
10,15	-1,93481e-05
10,16	-1,93292e-05
10,17	-1,99908e-05
10,18	-2,03311e-05
10,19	-2,13483e-05
10,2	-2,20407e-05
10,21	-2,24066e-05
10,22	-2,34445e-05
10,23	-2,41528e-05
10,24	-2,45303e-05
10,25	-2,55754e-05
10,26	-2,6287e-05
10,27	-2,66638e-05
10,28	-2,77045e-05
10,29	-2,84083e-05
10,3	-2,9774e-05
10,31	-3,08007e-05
10,32	-3,14875e-05
10,33	-3,18336e-05
10,34	-3,28382e-05
10,35	-3,45007e-05
10,36	-3,48206e-05
10,37	-3,57971e-05
10,38	-3,74299e-05
10,39	-3,87186e-05
10,4	-3,96628e-05
10,41	-4,02623e-05
10,42	-4,15169e-05
10,43	-4,24263e-05
10,44	-4,39907e-05
10,45	-4,521e-05
10,46	-4,60842e-05
10,47	-4,76135e-05
10,48	-4,87981e-05
10,49	-4,96384e-05
10,5	-5,11345e-05
10,51	-5,22871e-05
10,52	-5,40964e-05
10,53	-5,55632e-05
10,54	-5,66879e-05
10,55	-5,84714e-05
10,56	-5,99144e-05
10,57	-6,10176e-05
10,58	-6,2782e-05
10,59	-6,42085e-05
10,6	-6,52982e-05
10,61	-6,70521e-05
10,62	-6,84715e-05
10,63	-6,95576e-05
10,64	-7,13116e-05
10,65	-7,2735e-05
10,66	-7,48291e-05
10,67	-7,65956e-05
10,68	-7,80359e-05
10,69	-8,01518e-05
10,7	-8,09448e-05
10,71	-8,34169e-05
10,72	-8,45699e-05
10,73	-8,64056e-05
10,74	-8,79262e-05
10,75	-9,01336e-05
10,76	-9,20299e-05
10,77	-9,36175e-05
10,78	-9,48984e-05
10,79	-9,68752e-05
10,8	-9,85501e-05
10,81	-9,99257e-05
10,82	-0,000102005
10,83	-0,000103789
10,84	-0,000106282
10,85	-0,000107487
10,86	-0,000109405
10,87	-0,000111041
10,88	-0,000113396
10,89	-0,000114474
10,9	-0,000116279
10,91	-0,000118813
10,92	-0,000120079
10,93	-0,000122081
10,94	-0,000123822
10,95	-0,000125306
10,96	-0,000127536
10,97	-0,000129516
10,98	-0,000131249
10,99	-0,00013274
11	-0,000134991
11,01	-0,000137008
11,02	-0,000137793
11,03	-0,000140351
11,04	-0,000141687
11,05	-0,000143803
11,06	-0,000145705
11,07	-0,000147396
11,08	-0,000148882
11,09	-0,000150166
11,1	-0,000152253
11,11	-0,000153147
11,12	-0,000154855
11,13	-0,000156379
11,14	-0,000158725
11,15	-0,000159898
11,16	-0,000161903
11,17	-0,000162744
11,18	-0,000164428
11,19	-0,000165958
11,2	-0,000167341
11,21	-0,000168582
11,22	-0,000169685
11,23	-0,000171658
11,24	-0,000172504
11,25	-0,00017423
11,26	-0,000174842
11,27	-0,000176345
11,28	-0,000177745
11,29	-0,000178048
11,3	-0,00017926
11,31	-0,000180388
11,32	-0,000181436
11,33	-0,000182412
11,34	-0,000183322
11,35	-0,000184171
11,36	-0,000184968
11,37	-0,000185718
11,38	-0,000187427
11,39	-0,000188103
11,4	-0,000188751
11,41	-0,00018938
11,42	-0,000190996
11,43	-0,000191606
11,44	-0,000192216
11,45	-0,000192835
11,46	-0,000193469
11,47	-0,000195126
11,48	-0,000195812
11,49	-0,000196536
11,5	-0,000197305
11,51	-0,000198126
11,52	-0,000199008
11,53	-0,000198957
11,54	-0,000199982
11,55	-0,000201091
11,56	-0,000201292
11,57	-0,000202592
11,58	-0,000203
11,59	-0,000203525
11,6	-0,000204173
11,61	-0,000204955
11,62	-0,000205877
11,63	-0,00020695
11,64	-0,00020718
11,65	-0,000208578
11,66	-0,000209152
11,67	-0,00020991
11,68	-0,000210862
11,69	-0,000211017
11,7	-0,000211384
11,71	-0,000212971
11,72	-0,000212788
11,73	-0,000213845
11,74	-0,000214151
11,75	-0,000215715
11,76	-0,000215547
11,77	-0,000216657
11,78	-0,000217054
11,79	-0,000217748
11,8	-0,000218749
11,81	-0,000219067
11,82	-0,000219712
11,83	-0,000220694
11,84	-0,000221023
11,85	-0,00022171
11,86	-0,000222765
11,87	-0,000223199
11,88	-0,000224022
11,89	-0,000225244
11,9	-0,000225876
11,91	-0,00022593
11,92	-0,000227416
11,93	-0,000227344
11,94	-0,000228726
11,95	-0,000228573
11,96	-0,000229897
11,97	-0,000230708
11,98	-0,000231017
11,99	-0,000231837
12	-0,000232179
12,01	-0,000233054
12,02	-0,000233473
12,03	-0,00023445
12,04	-0,000234995
12,05	-0,00023612
12,06	-0,000236838
12,07	-0,00023716
12,08	-0,000238099
12,09	-0,000238667
12,1	-0,000239876
12,11	-0,000240739
12,12	-0,000241268
12,13	-0,000241475
12,14	-0,000242374
12,15	-0,000242976
12,16	-0,000244296
12,17	-0,000244345
12,18	-0,000245137
12,19	-0,000245685
12,2	-0,000247001
12,21	-0,0002471
12,22	-0,000247993
12,23	-0,000248696
12,24	-0,00024922
12,25	-0,000250581
12,26	-0,00025079
12,27	-0,000251863
12,28	-0,000252812
12,29	-0,000253652
12,3	-0,000254397
12,31	-0,000255059
12,32	-0,000255655
12,33	-0,000256198
12,34	-0,000256701
12,35	-0,00025818
12,36	-0,000258648
12,37	-0,000259121
12,38	-0,000259613
12,39	-0,000261138
12,4	-0,000261712
12,41	-0,000262348
12,42	-0,000263063
12,43	-0,00026387
12,44	-0,000264785
12,45	-0,000264823
12,46	-0,000266
12,47	-0,00026633
12,48	-0,000267828
12,49	-0,000268511
12,5	-0,000269394
12,51	-0,000269492
12,52	-0,000270821
12,53	-0,000271397
12,54	-0,000272235
12,55	-0,000272352
12,56	-0,000273763
12,57	-0,000274484
12,58	-0,000274532
12,59	-0,000275923
12,6	-0,000276673
12,61	-0,000276798
12,62	-0,000277315
12,63	-0,00027824
12,64	-0,00027959
12,65	-0,000280381
12,66	-0,00028063
12,67	-0,000281354
12,68	-0,00028157
12,69	-0,000282295
12,7	-0,000283545
12,71	-0,000284338
12,72	-0,000284691
12,73	-0,00028562
12,74	-0,000286144
12,75	-0,00028628
12,76	-0,000287045
12,77	-0,000287457
12,78	-0,000288533
12,79	-0,00028929
12,8	-0,000289747
12,81	-0,000289921
12,82	-0,00029083
12,83	-0,000291493
12,84	-0,000291926
12,85	-0,000292148
12,86	-0,000293177
12,87	-0,000294032
12,88	-0,00029373
12,89	-0,000294289
12,9	-0,000294729
12,91	-0,000295068
12,92	-0,000296323
12,93	-0,000296514
12,94	-0,000296659
12,95	-0,000296778
12,96	-0,000296887
12,97	-0,000298008
12,98	-0,000298157
12,99	-0,000298355
13	-0,00029862
13,01	-0,000298971
13,02	-0,000298428
13,03	-0,000299009
13,04	-0,000299734
13,05	-0,000299622
13,06	-0,000299692
13,07	-0,000299964
13,08	-0,000300458
13,09	-0,000301192
13,1	-0,000301186
13,11	-0,00030146
13,12	-0,000302034
13,13	-0,000302927
13,14	-0,00030316
13,15	-0,000303751
13,16	-0,000303721
13,17	-0,00030409
13,18	-0,000304877
13,19	-0,000306103
13,2	-0,000305788
13,21	-0,000306952
13,22	-0,000307615
13,23	-0,000307798
13,24	-0,00030852
13,25	-0,000308803
13,26	-0,000309666
13,27	-0,000310129
13,28	-0,000311214
13,29	-0,000311941
13,3	-0,00031233
13,31	-0,000312402
13,32	-0,000313177
13,33	-0,000313677
13,34	-0,000313922
13,35	-0,000314933
13,36	-0,00031573
13,37	-0,000316335
13,38	-0,000316768
13,39	-0,00031705
13,4	-0,000317203
13,41	-0,000318247
13,42	-0,000318203
13,43	-0,000319092
13,44	-0,000318936
13,45	-0,000319755
13,46	-0,000319572
13,47	-0,000320406
13,48	-0,000320279
13,49	-0,000321213
13,5	-0,000321229
13,51	-0,000321348
13,52	-0,000321591
13,53	-0,00032198
13,54	-0,000321537
13,55	-0,000322282
13,56	-0,000322238
13,57	-0,000322426
13,58	-0,000322866
13,59	-0,000322582
13,6	-0,000322594
13,61	-0,000322924
13,62	-0,000322594
13,63	-0,000322625
13,64	-0,000323039
13,65	-0,000322858
13,66	-0,000322104
13,67	-0,000322797
13,68	-0,00032196
13,69	-0,000322615
13,7	-0,000321784
13,71	-0,000321488
13,72	-0,000321748
13,73	-0,000321588
13,74	-0,000321029
13,75	-0,000321092
13,76	-0,000320799
13,77	-0,000320173
13,78	-0,000320235
13,79	-0,000320008
13,8	-0,000319512
13,81	-0,000318771
13,82	-0,000318806
13,83	-0,000318638
13,84	-0,00031729
13,85	-0,000317784
13,86	-0,000317142
13,87	-0,000316386
13,88	-0,000315537
13,89	-0,000315618
13,9	-0,000314651
13,91	-0,000314657
13,92	-0,000313659
13,93	-0,000313679
13,94	-0,000312738
13,95	-0,000311858
13,96	-0,000311062
13,97	-0,000311372
13,98	-0,000309809
13,99	-0,000309395
14	-0,000309153
14,01	-0,000308105
14,02	-0,000308271
14,03	-0,000306675
14,04	-0,000306337
14,05	-0,000306281
14,06	-0,000305528
14,07	-0,0003041
14,08	-0,000304018
14,09	-0,000303306
14,1	-0,000302983
14,11	-0,000302073
14,12	-0,000301598
14,13	-0,000300578
14,14	-0,000300036
14,15	-0,000298994
14,16	-0,000298473
14,17	-0,000297495
14,18	-0,000297082
14,19	-0,000296256
14,2	-0,000296039
14,21	-0,000295451
14,22	-0,000294515
14,23	-0,000294252
14,24	-0,000293684
14,25	-0,000292833
14,26	-0,000291719
14,27	-0,000291366
14,28	-0,000290793
14,29	-0,000290023
14,3	-0,000289077
14,31	-0,000288977
14,32	-0,000287744
14,33	-0,000287399
14,34	-0,000286964
14,35	-0,000286459
14,36	-0,000285907
14,37	-0,000285329
14,38	-0,000284745
14,39	-0,000284177
14,4	-0,000283647
14,41	-0,000283174
14,42	-0,000282781
14,43	-0,000281489
14,44	-0,000281317
14,45	-0,000281288
14,46	-0,000280423
14,47	-0,000279741
14,48	-0,000279265
14,49	-0,000279015
14,5	-0,000278011
14,51	-0,000278275
14,52	-0,000276826
14,53	-0,000276687
14,54	-0,000275877
14,55	-0,000275417
14,56	-0,000275328
14,57	-0,000274629
14,58	-0,000274342
14,59	-0,000273487
14,6	-0,000273084
14,61	-0,000273154
14,62	-0,000272716
14,63	-0,000271792
14,64	-0,0002714
14,65	-0,000270562
14,66	-0,000270296
14,67	-0,000269625
14,68	-0,000269566
14,69	-0,000269141
14,7	-0,000268368
14,71	-0,000268268
14,72	-0,000267861
14,73	-0,000267167
14,74	-0,000266204
14,75	-0,000265992
14,76	-0,000264552
14,77	-0,000264902
14,78	-0,000264061
14,79	-0,00026305
14,8	-0,000261888
14,81	-0,000261594
14,82	-0,000261186
14,83	-0,000259684
14,84	-0,000259108
14,85	-0,000258476
14,86	-0,000257807
14,87	-0,00025712
14,88	-0,000255434
14,89	-0,000254768
14,9	-0,00025414
14,91	-0,000252569
14,92	-0,000251073
14,93	-0,000250672
14,94	-0,000249383
14,95	-0,000248224
14,96	-0,000247216
14,97	-0,000245374
14,98	-0,000244719
14,99	-0,000243267
15	-0,000242037
15,01	-0,000241047
15,02	-0,000240314
15,03	-0,000239857
15,04	-0,000238694
15,05	-0,000237842
15,06	-0,000236319
15,07	-0,000235142
15,08	-0,000234329
15,09	-0,000233897
15,1	-0,000232864
15,11	-0,000232247
15,12	-0,000231064
15,13	-0,000230331
15,14	-0,000229065
15,15	-0,000228284
15,16	-0,000227005
15,17	-0,000226244
15,18	-0,000225018
15,19	-0,000224344
15,2	-0,000223239
15,21	-0,000222719
15,22	-0,0002218
15,23	-0,0002205
15,24	-0,000219834
15,25	-0,000218819
15,26	-0,000217471
15,27	-0,000216806
15,28	-0,000215841
15,29	-0,00021559
15,3	-0,000214071
15,31	-0,000213299
15,32	-0,000212289
15,33	-0,000211058
15,34	-0,000210621
15,35	-0,000208994
15,36	-0,000208191
15,37	-0,000207229
15,38	-0,000206123
15,39	-0,000204887
15,4	-0,000204538
15,41	-0,000203089
15,42	-0,000202557
15,43	-0,000200956
15,44	-0,000200301
15,45	-0,000198606
15,46	-0,000197887
15,47	-0,000196158
15,48	-0,000195433
15,49	-0,000194727
15,5	-0,000193054
15,51	-0,000192429
15,52	-0,000190865
15,53	-0,000189378
15,54	-0,00018798
15,55	-0,000186686
15,56	-0,00018551
15,57	-0,000184465
15,58	-0,000183565
15,59	-0,000181825
15,6	-0,000181257
15,61	-0,000179874
15,62	-0,000177692
15,63	-0,000176722
15,64	-0,000174977
15,65	-0,000174472
15,66	-0,000172219
15,67	-0,000171231
15,68	-0,000169521
15,69	-0,000168102
15,7	-0,000166987
15,71	-0,000165188
15,72	-0,000163718
15,73	-0,000162589
15,74	-0,000160814
15,75	-0,000159406
15,76	-0,000157376
15,77	-0,000156736
15,78	-0,000154499
15,79	-0,000152677
15,8	-0,000151282
15,81	-0,000149326
15,82	-0,000147819
15,83	-0,000146775
15,84	-0,000145205
15,85	-0,000143119
15,86	-0,000141531
15,87	-0,00013945
15,88	-0,000137889
15,89	-0,000135858
15,9	-0,000134369
15,91	-0,000132433
15,92	-0,000131061
15,93	-0,000129263
15,94	-0,00012705
15,95	-0,000125434
15,96	-0,000123424
15,97	-0,000122032
15,98	-0,000120268
15,99	-0,000118142
16	-0,000115664
16,01	-0,000113845
16,02	-0,000112695
16,03	-0,000110224
16,04	-0,000108442
16,05	-0,00010636
16,06	-0,000103986
16,07	-0,00010233
16,08	-0,000100403
16,09	-9,82132e-05
16,1	-9,6771e-05
16,11	-9,40857e-05
16,12	-9,21665e-05
16,13	-9,00227e-05
16,14	-8,86636e-05
16,15	-8,60982e-05
16,16	-8,43356e-05
16,17	-8,23847e-05
16,18	-8,02545e-05
16,19	-7,79537e-05
16,2	-7,54911e-05
16,21	-7,38752e-05
16,22	-7,21148e-05
16,23	-6,92182e-05
16,24	-6,71939e-05
16,25	-6,50501e-05
16,26	-6,37953e-05
16,27	-6,14374e-05
16,28	-5,89847e-05
16,29	-5,74451e-05
16,3	-5,48266e-05
16,31	-5,31371e-05
16,32	-5,03843e-05
16,33	-4,85759e-05
16,34	-4,67195e-05
16,35	-4,48228e-05
16,36	-4,18932e-05
16,37	-3,99381e-05
16,38	-3,79647e-05
16,39	-3,59804e-05
16,4	-3,39924e-05
16,41	-3,20076e-05
16,42	-3,00332e-05
16,43	-2,8076e-05
16,44	-2,61429e-05
16,45	-2,42408e-05
16,46	-2,13762e-05
16,47	-1,95559e-05
16,48	-1,77864e-05
16,49	-1,60742e-05
16,5	-1,44257e-05
16,51	-1,18471e-05
16,52	-1,03449e-05
16,53	-7,92511e-06
16,54	-6,59388e-06
16,55	-4,35723e-06
16,56	-2,22114e-06
16,57	-1,19147e-06
16,58	7,25975e-07
16,59	2,52545e-06
16,6	4,20131e-06
16,61	5,74796e-06
16,62	7,1599e-06
16,63	9,4317e-06
16,64	1,0558e-05
16,65	1,25335e-05
16,66	1,33529e-05
16,67	1,50112e-05
16,68	1,65033e-05
16,69	1,78242e-05
16,7	1,89689e-05
16,71	2,09327e-05
16,72	2,17107e-05
16,73	2,32982e-05
16,74	2,46906e-05
16,75	2,58833e-05
16,76	2,68719e-05
16,77	2,7652e-05
16,78	2,92191e-05
16,79	3,05691e-05
16,8	3,16977e-05
16,81	3,26009e-05
16,82	3,32744e-05
16,83	3,47145e-05
16,84	3,5917e-05
16,85	3,68784e-05
16,86	3,85946e-05
16,87	3,90621e-05
16,88	4,02772e-05
16,89	4,12364e-05
16,9	4,19362e-05
16,91	4,33731e-05
16,92	4,45438e-05
16,93	4,54451e-05
16,94	4,70738e-05
16,95	4,74266e-05
16,96	4,85006e-05
16,97	4,92928e-05
16,98	5,08001e-05
16,99	5,20199e-05
17	5,29493e-05
17,01	5,35855e-05
17,02	5,4926e-05
17,03	5,59681e-05
17,04	5,67095e-05
17,05	5,81475e-05
17,06	5,92799e-05
17,07	6,01044e-05
17,08	6,16187e-05
17,09	6,28207e-05
17,1	6,37084e-05
17,11	6,52796e-05
17,12	6,65324e-05
17,13	6,7465e-05
17,14	6,80755e-05
17,15	6,93622e-05
17,16	7,03234e-05
17,17	7,19575e-05
17,18	7,32631e-05
17,19	7,42385e-05
17,2	7,58824e-05
17,21	7,71936e-05
17,22	7,81706e-05
17,23	7,98124e-05
17,24	8,11177e-05
17,25	8,20856e-05
17,26	8,37151e-05
17,27	8,50052e-05
17,28	8,6955e-05
17,29	8,75639e-05
17,3	8,9831e-05
17,31	9,07558e-05
17,32	9,23376e-05
17,33	9,3576e-05
17,34	9,54704e-05
17,35	9,70206e-05
17,36	9,82262e-05
17,37	0,000100087
17,38	0,000101603
17,39	0,000103774
17,4	0,000104599
17,41	0,00010708
17,42	0,000108215
17,43	0,000110006
17,44	0,000111452
17,45	0,000113554
17,46	0,000115312
17,47	0,000116726
17,48	0,000118798
17,49	0,000120527
17,5	0,000122914
17,51	0,00012496
17,52	0,000126667
17,53	0,000128034
17,54	0,000130062
17,55	0,000132753
17,56	0,000134107
17,57	0,000136127
17,58	0,000138812
17,59	0,000140164
17,6	0,000142185
17,61	0,000144876
17,62	0,000147238
17,63	0,000149273
17,64	0,000150983
17,65	0,000153368
17,66	0,000155432
17,67	0,000158175
17,68	0,000159601
17,69	0,000162709
17,7	0,000164504
17,71	0,000166986
17,72	0,000169157
17,73	0,000172021
17,74	0,00017358
17,75	0,000176835
17,76	0,000178789
17,77	0,000181445
17,78	0,000183805
17,79	0,000185872
17,8	0,000188648
17,81	0,000191137
17,82	0,000193341
17,83	0,000196264
17,84	0,000197907
17,85	0,000201275
17,86	0,00020337
17,87	0,000206195
17,88	0,000208755
17,89	0,000211051
17,9	0,000213089
17,91	0,00021587
17,92	0,000218399
17,93	0,000220679
17,94	0,000223714
17,95	0,000226508
17,96	0,000229064
17,97	0,000231387
17,98	0,00023448
17,99	0,000236348
18	0,000238994
18,01	0,000241423
18,02	0,00024464
18,03	0,000246648
18,04	0,000249451
18,05	0,000252055
18,06	0,000254464
18,07	0,000257682
18,08	0,000259715
18,09	0,000262567
18,1	0,000265242
18,11	0,000267747
18,12	0,000270085
18,13	0,000272262
18,14	0,000275283
18,15	0,000277153
18,16	0,000279878
18,17	0,000282462
18,18	0,000284912
18,19	0,000287233
18,2	0,00028943
18,21	0,000292509
18,22	0,000294475
18,23	0,000296336
18,24	0,000299096
18,25	0,000301761
18,26	0,000303338
18,27	0,000305832
18,28	0,00030825
18,29	0,000310598
18,3	0,000312882
18,31	0,000315109
18,32	0,000316285
18,33	0,000318417
18,34	0,000320512
18,35	0,000322575
18,36	0,000324615
18,37	0,000326637
18,38	0,000328648
18,39	0,000330657
18,4	0,000332669
18,41	0,000333693
18,42	0,000335734
18,43	0,000337801
18,44	0,000338901
18,45	0,000341041
18,46	0,000342229
18,47	0,000343473
18,48	0,00034578
18,49	0,000347158
18,5	0,000348615
18,51	0,000350159
18,52	0,000350798
18,53	0,00035254
18,54	0,000354393
18,55	0,000355365
18,56	0,000357465
18,57	0,000358702
18,58	0,000360082
18,59	0,000361617
18,6	0,000363312
18,61	0,000364179
18,62	0,000365225
18,63	0,000367459
18,64	0,00036789
18,65	0,000369528
18,66	0,000371381
18,67	0,000372458
18,68	0,00037377
18,69	0,000375325
18,7	0,000376132
18,71	0,000378201
18,72	0,000379543
18,73	0,000380165
18,74	0,000382079
18,75	0,000383294
18,76	0,00038382
18,77	0,000385667
18,78	0,000386845
18,79	0,000388364
18,8	0,000389235
18,81	0,000390468
18,82	0,000392072
18,83	0,00039306
18,84	0,00039444
18,85	0,000395225
18,86	0,000396424
18,87	0,000398048
18,88	0,000399109
18,89	0,000400617
18,9	0,000401583
18,91	0,000403019
18,92	0,000403935
18,93	0,000405344
18,94	0,000406256
18,95	0,000407682
18,96	0,000408635
18,97	0,000409126
18,98	0,000411166
18,99	0,000411768
19	0,000412943
19,01	0,000413703
19,02	0,000415061
19,03	0,000416028
19,04	0,000417616
19,05	0,000418839
19,06	0,000419707
19,07	0,000421234
19,08	0,000421432
19,09	0,000423314
19,1	0,000423892
19,11	0,00042518
19,12	0,000426189
19,13	0,000426933
19,14	0,000428425
19,15	0,000429678
19,16	0,000430705
19,17	0,00043152
19,18	0,000432135
19,19	0,000433564
19,2	0,000434821
19,21	0,000435919
19,22	0,000436871
19,23	0,000437692
19,24	0,000438396
19,25	0,000439995
19,26	0,000440505
19,27	0,000441939
19,28	0,000442311
19,29	0,000443635
19,3	0,000444927
19,31	0,000445199
19,32	0,000446467
19,33	0,000447745
19,34	0,000449048
19,35	0,000449391
19,36	0,000450787
19,37	0,000451252
19,38	0,000452802
19,39	0,00045345
19,4	0,000454212
19,41	0,000455103
19,42	0,000456138
19,43	0,000457333
19,44	0,000458703
19,45	0,000459264
19,46	0,00046003
19,47	0,000461018
19,48	0,000462244
19,49	0,000462722
19,5	0,00046447
19,51	0,000464502
19,52	0,000465834
19,53	0,000466484
19,54	0,000467467
19,55	0,000468799
19,56	0,000469496
19,57	0,000470576
19,58	0,000471053
19,59	0,000471946
19,6	0,00047327
19,61	0,000474042
19,62	0,000475279
19,63	0,000475997
19,64	0,000476214
19,65	0,000477946
19,66	0,000478211
19,67	0,000479025
19,68	0,000480406
19,69	0,000481371
19,7	0,000481938
19,71	0,000483123
19,72	0,000483944
19,73	0,000484419
19,74	0,000485564
19,75	0,000486399
19,76	0,00048694
19,77	0,000488206
19,78	0,000488214
19,79	0,000488982
19,8	0,000490528
19,81	0,000490871
19,82	0,000492028
19,83	0,000492017
19,84	0,000492857
19,85	0,000493566
19,86	0,000494163
19,87	0,000495665
19,88	0,000496093
19,89	0,000496463
19,9	0,000497795
19,91	0,000498107
19,92	0,000498418
19,93	0,000499748
19,94	0,000500114
19,95	0,000500536
19,96	0,000501033
19,97	0,000501624
19,98	0,000502327
19,99	0,000503163
20	0,000503151
20,01	0,000504309
20,02	0,000504658
20,03	0,000505216
20,04	0,000506003
20,05	0,000506038
20,06	0,000506342
20,07	0,000506933
20,08	0,000506832
20,09	0,000507058
20,1	0,000507631
20,11	0,000508571
20,12	0,000507898
20,13	0,000508632
20,14	0,000508792
20,15	0,000509399
20,16	0,000509473
20,17	0,000509034
20,18	0,000509102
20,19	0,000509698
20,2	0,000509842
20,21	0,000509554
20,22	0,000509854
20,23	0,000510764
20,24	0,000510302
20,25	0,000510491
20,26	0,000511351
20,27	0,000511902
20,28	0,000512164
20,29	0,000512159
20,3	0,000512908
20,31	0,000513431
20,32	0,000513748
20,33	0,000513882
20,34	0,000514852
20,35	0,000514679
20,36	0,000515386
20,37	0,000515992
20,38	0,000516518
20,39	0,000516987
20,4	0,000517418
20,41	0,000517834
20,42	0,000518254
20,43	0,000518701
20,44	0,000519196
20,45	0,00051976
20,46	0,000519415
20,47	0,00052018
20,48	0,000521079
20,49	0,000521133
20,5	0,000521362
20,51	0,000521789
20,52	0,000522435
20,53	0,000522321
20,54	0,000522469
20,55	0,000522901
20,56	0,000522637
20,57	0,0005237
20,58	0,000523112
20,59	0,000523894
20,6	0,000524067
20,61	0,000523654
20,62	0,000523676
20,63	0,000524154
20,64	0,000524112
20,65	0,000524569
20,66	0,000524549
20,67	0,000524073
20,68	0,000524163
20,69	0,00052384
20,7	0,000524127
20,71	0,000524045
20,72	0,000523617
20,73	0,000523863
20,74	0,000522807
20,75	0,000522469
20,76	0,000522873
20,77	0,000522039
20,78	0,00052199
20,79	0,000521748
20,8	0,000521334
20,81	0,000520771
20,82	0,000520081
20,83	0,000520285
20,84	0,000519405
20,85	0,000518464
20,86	0,000518484
20,87	0,000517486
20,88	0,000517492
20,89	0,000516525
20,9	0,000515606
20,91	0,000514757
20,92	0,000515001
20,93	0,000513359
20,94	0,000512853
20,95	0,000512506
20,96	0,000511338
20,97	0,000510373
20,98	0,000509632
20,99	0,000509136
21	0,000507909
21,01	0,000506971
21,02	0,000506346
21,03	0,000505054
21,04	0,000504117
21,05	0,000503558
21,06	0,000502398
21,07	0,000501659
21,08	0,000500363
21,09	0,000499532
21,1	0,000498188
21,11	0,000497351
21,12	0,000496045
21,13	0,000495291
21,14	0,00049411
21,15	0,000492525
21,16	0,000491557
21,17	0,000490227
21,18	0,000489558
21,19	0,000487571
21,2	0,000486287
21,21	0,000485728
21,22	0,000483916
21,23	0,000482873
21,24	0,000481619
21,25	0,000480176
21,26	0,000479566
21,27	0,00047781
21,28	0,00047693
21,29	0,000475946
21,3	0,000473881
21,31	0,000472755
21,32	0,00047159
21,33	0,000470407
21,34	0,000469228
21,35	0,000468072
21,36	0,000466963
21,37	0,00046492
21,38	0,000463964
21,39	0,000462118
21,4	0,000461401
21,41	0,000459835
21,42	0,000458441
21,43	0,000457239
21,44	0,000456251
21,45	0,000454497
21,46	0,000452998
21,47	0,000451775
21,48	0,000450848
21,49	0,000449238
21,5	0,000447966
21,51	0,000447052
21,52	0,000445517
21,53	0,000444381
21,54	0,000442664
21,55	0,000441388
21,56	0,000440572
21,57	0,000439236
21,58	0,000437402
21,59	0,000436088
21,6	0,000435316
21,61	0,000434104
21,62	0,000432474
21,63	0,000431446
21,64	0,000430038
21,65	0,000428272
21,66	0,000427167
21,67	0,000425742
21,68	0,000425018
21,69	0,000423013
21,7	0,000421749
21,71	0,000421244
21,72	0,000419518
21,73	0,000418589
21,74	0,000416479
21,75	0,000415206
21,76	0,000413788
21,77	0,000413247
21,78	0,000411599
21,79	0,000409866
21,8	0,000409066
21,81	0,000407217
21,82	0,000406339
21,83	0,00040445
21,84	0,00040357
21,85	0,000401717
21,86	0,00040091
21,87	0,000399167
21,88	0,000397507
21,89	0,000395949
21,9	0,000394511
21,91	0,00039321
21,92	0,000392067
21,93	0,000390098
21,94	0,000388322
21,95	0,000386757
21,96	0,000385421
21,97	0,000383332
21,98	0,000381508
21,99	0,000379967
22	0,000378727
22,01	0,000376805
22,02	0,000375218
22,03	0,000372985
22,04	0,000371123
22,05	0,000368649
22,06	0,000366581
22,07	0,000364936
22,08	0,000362731
22,09	0,000360983
22,1	0,00035871
22,11	0,000356928
22,12	0,000354654
22,13	0,000352906
22,14	0,000350699
22,15	0,000349051
22,16	0,000346978
22,17	0,000345497
22,18	0,000343625
22,19	0,000341377
22,2	0,00033977
22,21	0,00033782
22,22	0,000335544
22,23	0,000333957
22,24	0,000332076
22,25	0,000329917
22,26	0,000328495
22,27	0,000326826
22,28	0,000324927
22,29	0,000322812
22,3	0,000321497
22,31	0,000318998
22,32	0,000317331
22,33	0,000315509
22,34	0,00031355
22,35	0,000311468
22,36	0,000310277
22,37	0,000307994
22,38	0,000306633
22,39	0,000304209
22,4	0,000302737
22,41	0,000301231
22,42	0,000298707
22,43	0,000297178
22,44	0,00029566
22,45	0,000293166
22,46	0,000291711
22,47	0,000289309
22,48	0,000287975
22,49	0,000285722
22,5	0,000283564
22,51	0,000281516
22,52	0,000279591
22,53	0,000277804
22,54	0,000276167
22,55	0,000273694
22,56	0,000272399
22,57	0,000270296
22,58	0,000268397
22,59	0,000265716
22,6	0,000264266
22,61	0,000262061
22,62	0,000260113
22,63	0,000257435
22,64	0,000256041
22,65	0,000253943
22,66	0,000251153
22,67	0,000249684
22,68	0,00024755
22,69	0,000244762
22,7	0,000243333
22,71	0,000241275
22,72	0,0002386
22,73	0,000236321
22,74	0,000234449
22,75	0,000231997
22,76	0,000229976
22,77	0,000227399
22,78	0,000225277
22,79	0,000222621
22,8	0,000220444
22,81	0,000217757
22,82	0,00021557
22,83	0,000212897
22,84	0,000210747
22,85	0,000208132
22,86	0,000206064
22,87	0,000203552
22,88	0,000200609
22,89	0,000198245
22,9	0,00019647
22,91	0,000193296
22,92	0,000190732
22,93	0,000188791
22,94	0,000185481
22,95	0,000182814
22,96	0,000180799
22,97	0,000178447
22,98	0,000175768
22,99	0,000172772
23	0,00016947
23,01	0,00016687
23,02	0,000164982
23,03	0,000161818
23,04	0,000159385
23,05	0,000156694
23,06	0,000153754
23,07	0,000150575
23,08	0,000148165
23,09	0,000144535
23,1	0,000141693
23,11	0,000139648
23,12	0,00013641
23,13	0,000133987
23,14	0,000130388
23,15	0,000127622
23,16	0,000124698
23,17	0,000121624
23,18	0,000118408
23,19	0,00011606
23,2	0,000112588
23,21	0,000109999
23,22	0,000106303
23,23	0,000103507
23,24	0,000100619
23,25	9,76477e-05
23,26	9,46006e-05
23,27	9,14854e-05
23,28	8,83101e-05
23,29	8,50823e-05
23,3	8,18096e-05
23,31	7,94995e-05
23,32	7,61595e-05
23,33	7,27969e-05
23,34	6,9419e-05
23,35	6,6033e-05
23,36	6,36461e-05
23,37	6,02654e-05
23,38	5,68977e-05
23,39	5,355e-05
23,4	5,02292e-05
23,41	4,7942e-05
23,42	4,4695e-05
23,43	4,14949e-05
23,44	3,83483e-05
23,45	3,52615e-05
23,46	3,12409e-05
23,47	2,82928e-05
23,48	2,54235e-05
23,49	2,16391e-05
23,5	1,89457e-05
23,51	1,53493e-05
23,52	1,28558e-05
23,53	9,47099e-06
23,54	6,20075e-06
23,55	3,05075e-06
23,56	2,66196e-08
23,57	-2,8661e-06
23,58	-6,62192e-06
23,59	-9,23543e-06
23,6	-1,27013e-05
23,61	-1,60143e-05
23,62	-1,81692e-05
23,63	-2,21609e-05
23,64	-2,49844e-05
23,65	-2,76347e-05
23,66	-3,11069e-05
23,67	-3,33962e-05
23,68	-3,64978e-05
23,69	-3,94071e-05
23,7	-4,21195e-05
23,71	-4,56304e-05
23,72	-4,79354e-05
23,73	-5,10301e-05
23,74	-5,39101e-05
23,75	-5,65713e-05
23,76	-5,90095e-05
23,77	-6,22206e-05
23,78	-6,52005e-05
23,79	-6,69453e-05
23,8	-6,94511e-05
23,81	-7,27141e-05
23,82	-7,47306e-05
23,83	-7,74968e-05
23,84	-8,00092e-05
23,85	-8,22643e-05
23,86	-8,42586e-05
23,87	-8,69888e-05
23,88	-8,94514e-05
23,89	-9,16433e-05
23,9	-9,35612e-05
23,91	-9,52022e-05
23,92	-9,7563e-05
23,93	-9,96409e-05
23,94	-0,000102433
23,95	-0,000103936
23,96	-0,000106148
23,97	-0,000108065
23,98	-0,000110686
23,99	-0,000112007
24	-0,000114027
24,01	-0,000116742
24,02	-0,000118151
24,03	-0,000120251
24,04	-0,00012204
24,05	-0,000124516
24,06	-0,000126676
24,07	-0,00012852
24,08	-0,000130044
24,09	-0,000132247
24,1	-0,000134127
24,11	-0,000136683
24,12	-0,000137913
24,13	-0,000139815
24,14	-0,000142388
24,15	-0,000143631
24,16	-0,000145541
24,17	-0,000148118
24,18	-0,00014936
24,19	-0,000151267
24,2	-0,000153836
24,21	-0,000156068
24,22	-0,000157961
24,23	-0,000159515
24,24	-0,000161727
24,25	-0,000163599
24,26	-0,000165128
24,27	-0,000167315
24,28	-0,000169159
24,29	-0,000171659
24,3	-0,000173815
24,31	-0,000175627
24,32	-0,000178094
24,33	-0,000180216
24,34	-0,000181993
24,35	-0,000184425
24,36	-0,000186512
24,37	-0,000188253
24,38	-0,00019065
24,39	-0,000192702
24,4	-0,00019441
24,41	-0,000196773
24,42	-0,000198793
24,43	-0,000201469
24,44	-0,000203803
24,45	-0,000205795
24,46	-0,000208445
24,47	-0,000210755
24,48	-0,000212724
24,49	-0,000215355
24,5	-0,000217647
24,51	-0,000219603
24,52	-0,000222222
24,53	-0,000224507
24,54	-0,000227458
24,55	-0,000230077
24,56	-0,000232365
24,57	-0,000234323
24,58	-0,000236954
24,59	-0,000240258
24,6	-0,000242237
24,61	-0,000244893
24,62	-0,000247227
24,63	-0,000250243
24,64	-0,00025294
24,65	-0,000255322
24,66	-0,00025839
24,67	-0,000261147
24,68	-0,000263595
24,69	-0,000266736
24,7	-0,000269571
24,71	-0,000272105
24,72	-0,000275339
24,73	-0,000277275
24,74	-0,000280917
24,75	-0,000283267
24,76	-0,000286327
24,77	-0,000289101
24,78	-0,000292592
24,79	-0,000294801
24,8	-0,000297733
24,81	-0,000301391
24,82	-0,000303777
24,83	-0,000306895
24,84	-0,000310748
24,85	-0,00031334
24,86	-0,000316674
24,87	-0,000319753
24,88	-0,000322581
24,89	-0,000326162
24,9	-0,000328499
24,91	-0,000331597
24,92	-0,000335458
24,93	-0,000338088
24,94	-0,00034149
24,95	-0,000344668
24,96	-0,000347626
24,97	-0,000351369
24,98	-0,000354901
24,99	-0,000358226
25	-0,000361348
25,01	-0,000364273
25,02	-0,000368004
25,03	-0,000370547
25,04	-0,000373906
25,05	-0,000377086
25,06	-0,000381092
25,07	-0,000383928
25,08	-0,000387601
25,09	-0,000391114
25,1	-0,000394473
25,11	-0,000397684
25,12	-0,000400751
25,13	-0,00040468
25,14	-0,000407477
25,15	-0,000411147
25,16	-0,000414695
25,17	-0,000417128
25,18	-0,000420451
25,19	-0,00042467
25,2	-0,00042779
25,21	-0,000430819
25,22	-0,000434761
25,23	-0,000437623
25,24	-0,000440412
25,25	-0,000444133
25,26	-0,000447793
25,27	-0,000450398
25,28	-0,000453955
25,29	-0,000457471
25,3	-0,000460951
25,31	-0,000463403
25,32	-0,000466834
25,33	-0,000470251
25,34	-0,00047366
25,35	-0,000477068
25,36	-0,000479483
25,37	-0,000482912
25,38	-0,000486362
25,39	-0,000488841
25,4	-0,000492355
25,41	-0,000494913
25,42	-0,000498522
25,43	-0,00050119
25,44	-0,000503924
25,45	-0,000506732
25,46	-0,000509622
25,47	-0,000512602
25,48	-0,00051568
25,49	-0,000518865
25,5	-0,000521164
25,51	-0,000524586
25,52	-0,000527139
25,53	-0,000529831
25,54	-0,000531672
25,55	-0,000534669
25,56	-0,000536831
25,57	-0,000540168
25,58	-0,000542687
25,59	-0,000544398
25,6	-0,000547311
25,61	-0,000549433
25,62	-0,000551774
25,63	-0,000554343
25,64	-0,00055615
25,65	-0,000558204
25,66	-0,000560514
25,67	-0,000563091
25,68	-0,000564943
25,69	-0,00056708
25,7	-0,000568513
25,71	-0,00057025
25,72	-0,000572303
25,73	-0,00057468
25,74	-0,000576393
25,75	-0,000578451
25,76	-0,000580864
25,77	-0,000582644
25,78	-0,0005848
25,79	-0,000586342
25,8	-0,000588283
25,81	-0,000590631
25,82	-0,000592398
25,83	-0,000594595
25,84	-0,000596233
25,85	-0,000598323
25,86	-0,000599875
25,87	-0,000601901
25,88	-0,000603412
25,89	-0,00060542
25,9	-0,000606935
25,91	-0,000608971
25,92	-0,000610537
25,93	-0,000612645
25,94	-0,000614308
25,95	-0,000616537
25,96	-0,000618345
25,97	-0,000619742
25,98	-0,000621741
25,99	-0,000623355
26	-0,000624594
26,01	-0,000626473
26,02	-0,000628003
26,03	-0,000630196
26,04	-0,000631066
26,05	-0,000632624
26,06	-0,000634884
26,07	-0,000635858
26,08	-0,000637559
26,09	-0,00064
26,1	-0,000641195
26,11	-0,000642155
26,12	-0,000643895
26,13	-0,000645428
26,14	-0,000646766
26,15	-0,000648924
26,16	-0,000649915
26,17	-0,000651753
26,18	-0,00065345
26,19	-0,000655022
26,2	-0,000656482
26,21	-0,000657843
26,22	-0,00065912
26,23	-0,000660327
26,24	-0,000661478
26,25	-0,000662587
26,26	-0,000664669
26,27	-0,000665737
26,28	-0,000666807
26,29	-0,000667893
26,3	-0,000670009
26,31	-0,000671171
26,32	-0,000672393
26,33	-0,000673689
26,34	-0,000675076
26,35	-0,000675567
26,36	-0,000677178
26,37	-0,000677925
26,38	-0,000679822
26,39	-0,000680885
26,4	-0,000682129
26,41	-0,000682569
26,42	-0,000684222
26,43	-0,000685103
26,44	-0,000686227
26,45	-0,00068761
26,46	-0,000688269
26,47	-0,000689219
26,48	-0,000690476
26,49	-0,000692057
26,5	-0,000692977
26,51	-0,000694253
26,52	-0,000694901
26,53	-0,000695937
26,54	-0,000697378
26,55	-0,000698241
26,56	-0,000699541
26,57	-0,000700297
26,58	-0,000701524
26,59	-0,000702239
26,6	-0,00070346
26,61	-0,000704202
26,62	-0,000704485
26,63	-0,000706323
26,64	-0,000706735
26,65	-0,000707738
26,66	-0,00070835
26,67	-0,000709587
26,68	-0,000710467
26,69	-0,000711007
26,7	-0,000712226
26,71	-0,000713141
26,72	-0,00071377
26,73	-0,00071513
26,74	-0,000715239
26,75	-0,000716116
26,76	-0,000717778
26,77	-0,000718244
26,78	-0,000718531
26,79	-0,000719658
26,8	-0,000720643
26,81	-0,000721505
26,82	-0,000722261
26,83	-0,000722931
26,84	-0,000723533
26,85	-0,000724085
26,86	-0,000725606
26,87	-0,000726116
26,88	-0,000726632
26,89	-0,000727173
26,9	-0,000727759
26,91	-0,000729409
26,92	-0,00073014
26,93	-0,000729974
26,94	-0,000730928
26,95	-0,000732022
26,96	-0,000732275
26,97	-0,000732707
26,98	-0,000734336
26,99	-0,000734183
27	-0,000735267
27,01	-0,000735607
27,02	-0,000736223
27,03	-0,000737135
27,04	-0,000737362
27,05	-0,000737924
27,06	-0,000738842
27,07	-0,000739134
27,08	-0,000739821
27,09	-0,000740922
27,1	-0,000741458
27,11	-0,00074145
27,12	-0,000741916
27,13	-0,000742877
27,14	-0,000743354
27,15	-0,000743366
27,16	-0,000743934
27,17	-0,000744079
27,18	-0,00074482
27,19	-0,000745178
27,2	-0,000746175
27,21	-0,000745829
27,22	-0,000746162
27,23	-0,000747195
27,24	-0,000746948
27,25	-0,000747442
27,26	-0,000747698
27,27	-0,000747735
27,28	-0,000748577
27,29	-0,000748242
27,3	-0,000748752
27,31	-0,000748129
27,32	-0,000748392
27,33	-0,000748564
27,34	-0,000748665
27,35	-0,000748715
27,36	-0,000748738
27,37	-0,000748753
27,38	-0,000748781
27,39	-0,000748845
27,4	-0,000747964
27,41	-0,000748162
27,42	-0,000747458
27,43	-0,000746874
27,44	-0,000747432
27,45	-0,000746154
27,46	-0,000746059
27,47	-0,000746171
27,48	-0,00074551
27,49	-0,000745098
27,5	-0,000744957
27,51	-0,000745108
27,52	-0,000744572
27,53	-0,000744372
27,54	-0,000744529
27,55	-0,000744065
27,56	-0,000744001
27,57	-0,000744359
27,58	-0,000744161
27,59	-0,000744428
27,6	-0,000744183
27,61	-0,000744447
27,62	-0,000744242
27,63	-0,000743589
27,64	-0,000743511
27,65	-0,00074403
27,66	-0,000743166
27,67	-0,000743943
27,68	-0,000743382
27,69	-0,000743505
27,7	-0,000743333
27,71	-0,00074289
27,72	-0,000743195
27,73	-0,000743273
27,74	-0,000742144
27,75	-0,00074283
27,76	-0,000742354
27,77	-0,000741738
27,78	-0,000742002
27,79	-0,00074117
27,8	-0,000741264
27,81	-0,000741304
27,82	-0,000740314
27,83	-0,000740315
27,84	-0,000739329
27,85	-0,000739379
27,86	-0,000738485
27,87	-0,000738671
27,88	-0,000737958
27,89	-0,000737368
27,9	-0,000736923
27,91	-0,000736644
27,92	-0,000735555
27,93	-0,000734677
27,94	-0,000734032
27,95	-0,000733641
27,96	-0,000732527
27,97	-0,000731712
27,98	-0,000731217
27,99	-0,000730064
28	-0,000729276
28,01	-0,000728874
28,02	-0,00072788
28,03	-0,000726316
28,04	-0,000725203
28,05	-0,000724564
28,06	-0,00072342
28,07	-0,000722794
28,08	-0,000721706
28,09	-0,000720179
28,1	-0,000719234
28,11	-0,000717893
28,12	-0,000716177
28,13	-0,000715109
28,14	-0,00071371
28,15	-0,000712002
28,16	-0,000711006
28,17	-0,000709744
28,18	-0,000708236
28,19	-0,000706506
28,2	-0,000705574
28,21	-0,000703462
28,22	-0,000702192
28,23	-0,000700784
28,24	-0,00069926
28,25	-0,000697641
28,26	-0,000695949
28,27	-0,000694205
28,28	-0,000692431
28,29	-0,000690647
28,3	-0,000688874
28,31	-0,000687135
28,32	-0,000685449
28,33	-0,000682839
28,34	-0,000681325
28,35	-0,000678928
28,36	-0,00067767
28,37	-0,00067557
28,38	-0,00067365
28,39	-0,000671932
28,4	-0,000669435
28,41	-0,000667181
28,42	-0,00066519
28,43	-0,000663483
28,44	-0,000661081
28,45	-0,000659004
28,46	-0,000657272
28,47	-0,000654908
28,48	-0,00065293
28,49	-0,00065036
28,5	-0,000648217
28,51	-0,000646522
28,52	-0,000644296
28,53	-0,000641559
28,54	-0,000639331
28,55	-0,000636631
28,56	-0,000634481
28,57	-0,0006329
28,58	-0,000629909
28,59	-0,000627527
28,6	-0,000625774
28,61	-0,000622669
28,62	-0,000621234
28,63	-0,000618488
28,64	-0,000616449
28,65	-0,000614139
28,66	-0,000611576
28,67	-0,000608781
28,68	-0,000606772
28,69	-0,000603568
28,7	-0,000601191
28,71	-0,000598658
28,72	-0,000596989
28,73	-0,000594203
28,74	-0,000591319
28,75	-0,000589357
28,76	-0,000586335
28,77	-0,000584273
28,78	-0,000582189
28,79	-0,000579102
28,8	-0,000577031
28,81	-0,000573994
28,82	-0,000572011
28,83	-0,000569099
28,84	-0,000567278
28,85	-0,000564566
28,86	-0,000561981
28,87	-0,000559542
28,88	-0,000556266
28,89	-0,000554173
28,9	-0,000551279
28,91	-0,000548604
28,92	-0,000546165
28,93	-0,000543981
28,94	-0,000541068
28,95	-0,000538446
28,96	-0,000536131
28,97	-0,000533141
28,98	-0,000530494
28,99	-0,000528208
29	-0,000525299
29,01	-0,000522786
29,02	-0,000520686
29,03	-0,000518015
29,04	-0,000514791
29,05	-0,000512032
29,06	-0,000509753
29,07	-0,000506973
29,08	-0,000503708
29,09	-0,000500974
29,1	-0,00049879
29,11	-0,00049617
29,12	-0,000493133
29,13	-0,000490693
29,14	-0,000487869
29,15	-0,000484676
29,16	-0,000482131
29,17	-0,000479249
29,18	-0,000476047
29,19	-0,000473541
29,2	-0,000470747
29,21	-0,000467682
29,22	-0,00046436
29,23	-0,000461797
29,24	-0,00045801
29,25	-0,000455014
29,26	-0,000451824
29,27	-0,000449456
29,28	-0,000445926
29,29	-0,000443248
29,3	-0,000439438
29,31	-0,000436511
29,32	-0,000433483
29,33	-0,000429367
29,34	-0,00042618
29,35	-0,000422935
29,36	-0,000419648
29,37	-0,000416334
29,38	-0,000414006
29,39	-0,00041068
29,4	-0,000407371
29,41	-0,000404091
29,42	-0,000400856
29,43	-0,00039768
29,44	-0,000394577
29,45	-0,000391561
29,46	-0,000388647
29,47	-0,000384847
29,48	-0,000382176
29,49	-0,000378647
29,5	-0,000375275
29,51	-0,000373072
29,52	-0,000370053
29,53	-0,00036623
29,54	-0,000363618
29,55	-0,000360228
29,56	-0,000357075
29,57	-0,000354172
29,58	-0,000351531
29,59	-0,000348166
29,6	-0,000345089
29,61	-0,000342313
29,62	-0,00033885
29,63	-0,000335715
29,64	-0,000332918
29,65	-0,000329473
29,66	-0,000326391
29,67	-0,000323685
29,68	-0,000320368
29,69	-0,000317451
29,7	-0,000313946
29,71	-0,000310866
29,72	-0,000308222
29,73	-0,000305025
29,74	-0,000302289
29,75	-0,000299024
29,76	-0,000295242
29,77	-0,000291954
29,78	-0,000289173
29,79	-0,000285908
29,8	-0,000283171
29,81	-0,000279974
29,82	-0,000276328
29,83	-0,000273243
29,84	-0,000269731
29,85	-0,000266801
29,86	-0,000263466
29,87	-0,000260736
29,88	-0,00025762
29,89	-0,000254131
29,9	-0,000250277
29,91	-0,000247071
29,92	-0,00024352
29,93	-0,000240637
29,94	-0,000237431
29,95	-0,000233912
29,96	-0,00023009
29,97	-0,000226974
29,98	-0,000223575
29,99	-0,000219903
30	-0,000216966
30,01	-0,000213775
30,02	-0,000210339
30,03	-0,000206667
30,04	-0,000202769
30,05	-0,000199653
30,06	-0,00019633
30,07	-0,000192807
30,08	-0,000189095
30,09	-0,000185201
30,1	-0,000181135
30,11	-0,000177905
30,12	-0,000174521
30,13	-0,00017099
30,14	-0,000167321
30,15	-0,000163523
30,16	-0,000159604
30,17	-0,000155572
30,18	-0,000151435
30,19	-0,000148202
30,2	-0,000143881
30,21	-0,000140479
30,22	-0,000137004
30,23	-0,000132465
30,24	-0,000128868
30,25	-0,000125222
30,26	-0,000121534
30,27	-0,000116812
30,28	-0,000113063
30,29	-0,000109294
30,3	-0,000105513
30,31	-0,000101726
30,32	-9,69414e-05
30,33	-9,31657e-05
30,34	-8,94059e-05
30,35	-8,46689e-05
30,36	-8,09614e-05
30,37	-7,72902e-05
30,38	-7,26619e-05
30,39	-6,80831e-05
30,4	-6,45603e-05
30,41	-6,00999e-05
30,42	-5,57082e-05
30,43	-5,13916e-05
30,44	-4,71563e-05
30,45	-4,30083e-05
30,46	-3,89536e-05
30,47	-3,49983e-05
30,48	-3,01483e-05
30,49	-2,64094e-05
30,5	-2,17873e-05
30,51	-1,72877e-05
30,52	-1,29161e-05
30,53	-8,67824e-06
30,54	-4,57941e-06
30,55	-6,25024e-07
30,56	4,17961e-06
30,57	8,82927e-06
30,58	1,33188e-05
30,59	1,76431e-05
30,6	2,17972e-05
30,61	2,57761e-05
30,62	3,0575e-05
30,63	3,51891e-05
30,64	3,96136e-05
30,65	4,3844e-05
30,66	4,88756e-05
30,67	5,27039e-05
30,68	5,73246e-05
30,69	6,17332e-05
30,7	6,59255e-05
30,71	7,08973e-05
30,72	7,56444e-05
30,73	8,01627e-05
30,74	8,44484e-05
30,75	8,84973e-05
30,76	9,33057e-05
30,77	9,78698e-05
30,78	0,000102186
30,79	0,00010625
30,8	0,00011106
30,81	0,00011561
30,82	0,000119898
30,83	0,000123921
30,84	0,000128675
30,85	0,000133157
30,86	0,000137364
30,87	0,000141292
30,88	0,00014594
30,89	0,000150303
30,9	0,000154379
30,91	0,000159165
30,92	0,000163659
30,93	0,000167857
30,94	0,000171757
30,95	0,000176358
30,96	0,000179655
30,97	0,000184647
30,98	0,000188332
30,99	0,000192707
31	0,00019677
31,01	0,000200519
31,02	0,000204953
31,03	0,000208068
31,04	0,000212863
31,05	0,000216337
31,06	0,000220487
31,07	0,000223312
31,08	0,00022781
31,09	0,00023098
31,1	0,00023482
31,11	0,000238329
31,12	0,000241505
31,13	0,000245348
31,14	0,000248855
31,15	0,000252026
31,16	0,00025586
31,17	0,000259356
31,18	0,000262512
31,19	0,000265329
31,2	0,000268805
31,21	0,000271939
31,22	0,00027473
31,23	0,000278179
31,24	0,000281285
31,25	0,000285047
31,26	0,000287464
31,27	0,000290537
31,28	0,000294266
31,29	0,000296649
31,3	0,000299687
31,31	0,00030338
31,32	0,000305728
31,33	0,000308731
31,34	0,00031139
31,35	0,000314703
31,36	0,000317672
31,37	0,000320297
31,38	0,000323579
31,39	0,000326517
31,4	0,000329114
31,41	0,000332368
31,42	0,000335281
31,43	0,000337854
31,44	0,000341087
31,45	0,000343981
31,46	0,000346538
31,47	0,000349758
31,48	0,000352643
31,49	0,000355193
31,5	0,000358411
31,51	0,000361296
31,52	0,000363851
31,53	0,000367078
31,54	0,000369977
31,55	0,00037255
31,56	0,000375799
31,57	0,000378725
31,58	0,000381331
31,59	0,000384618
31,6	0,000387588
31,61	0,000390244
31,62	0,000393587
31,63	0,000396619
31,64	0,000399343
31,65	0,000402761
31,66	0,000405875
31,67	0,000408687
31,68	0,000411201
31,69	0,000414419
31,7	0,000417342
31,71	0,000420975
31,72	0,00042432
31,73	0,00042738
31,74	0,000430157
31,75	0,000433654
31,76	0,000436875
31,77	0,000439823
31,78	0,000442501
31,79	0,000445912
31,8	0,000449059
31,81	0,000452947
31,82	0,000455577
31,83	0,000458955
31,84	0,000462083
31,85	0,000465965
31,86	0,000468606
31,87	0,000472008
31,88	0,000476175
31,89	0,000479113
31,9	0,000482824
31,91	0,000486313
31,92	0,000489584
31,93	0,000492641
31,94	0,000496488
31,95	0,000500131
31,96	0,000503573
31,97	0,000506819
31,98	0,000509874
31,99	0,000513742
32	0,000517428
32,01	0,000520937
32,02	0,000524274
32,03	0,000528443
32,04	0,000531451
32,05	0,000535301
32,06	0,000539
32,07	0,000542551
32,08	0,000546962
32,09	0,000550237
32,1	0,000554382
32,11	0,000557401
32,12	0,000561302
32,13	0,00056509
32,14	0,000568769
32,15	0,000573347
32,16	0,00057683
32,17	0,000580222
32,18	0,000584531
32,19	0,000588762
32,2	0,000591923
32,21	0,000596018
32,22	0,000600054
32,23	0,000604039
32,24	0,000607978
32,25	0,000611878
32,26	0,000615745
32,27	0,000619588
32,28	0,000623411
32,29	0,000627223
32,3	0,00063103
32,31	0,00063484
32,32	0,000638659
32,33	0,000643495
32,34	0,000647355
32,35	0,000651246
32,36	0,000655177
32,37	0,000659153
32,38	0,000663184
32,39	0,000667276
32,4	0,000670438
32,41	0,000674678
32,42	0,000679002
32,43	0,00068242
32,44	0,000686939
32,45	0,000690568
32,46	0,000694314
32,47	0,000698187
32,48	0,000702194
32,49	0,000706344
32,5	0,000710645
32,51	0,000714107
32,52	0,000718737
32,53	0,000722545
32,54	0,00072554
32,55	0,00072973
32,56	0,000734124
32,57	0,000737732
32,58	0,000741562
32,59	0,000745625
32,6	0,000748929
32,61	0,000752484
32,62	0,000756299
32,63	0,000760384
32,64	0,000763748
32,65	0,000767402
32,66	0,000771354
32,67	0,000775616
32,68	0,000779197
32,69	0,000782107
32,7	0,000786355
32,71	0,000789954
32,72	0,000792912
32,73	0,00079724
32,74	0,000799949
32,75	0,000804048
32,76	0,00080755
32,77	0,000810464
32,78	0,000813801
32,79	0,000817573
32,8	0,000820789
32,81	0,000823462
32,82	0,000826602
32,83	0,00083022
32,84	0,000833328
32,85	0,000836937
32,86	0,000840058
32,87	0,000842704
32,88	0,000845885
32,89	0,000848613
32,9	0,0008519
32,91	0,000853759
32,92	0,0008572
32,93	0,000860236
32,94	0,000862879
32,95	0,000865141
32,96	0,000868034
32,97	0,000870571
32,98	0,000872765
32,99	0,000875626
33	0,000877169
33,01	0,000879406
33,02	0,000882349
33,03	0,000884012
33,04	0,000886407
33,05	0,000888548
33,06	0,000890446
33,07	0,000893116
33,08	0,000895571
33,09	0,000897824
33,1	0,000899888
33,11	0,000901777
33,12	0,000904505
33,13	0,000906084
33,14	0,000908529
33,15	0,000910854
33,16	0,000913072
33,17	0,000915197
33,18	0,000917244
33,19	0,000919227
33,2	0,000921158
33,21	0,000923054
33,22	0,000924928
33,23	0,000927795
33,24	0,000929669
33,25	0,000931565
33,26	0,000933497
33,27	0,000935481
33,28	0,00093753
33,29	0,00093966
33,3	0,000940886
33,31	0,000943223
33,32	0,000944686
33,33	0,000947291
33,34	0,000949052
33,35	0,000950985
33,36	0,000952105
33,37	0,000954428
33,38	0,000955969
33,39	0,000957745
33,4	0,000959771
33,41	0,000961062
33,42	0,000962635
33,43	0,000964506
33,44	0,00096569
33,45	0,000967204
33,46	0,000969064
33,47	0,000970286
33,48	0,000971886
33,49	0,000973882
33,5	0,00097529
33,51	0,000976125
33,52	0,000978405
33,53	0,000979147
33,54	0,000980367
33,55	0,000982082
33,56	0,000983309
33,57	0,000984065
33,58	0,000985367
33,59	0,000987232
33,6	0,000988679
33,61	0,000989722
33,62	0,000990381
33,63	0,000991673
33,64	0,000992615
33,65	0,000994224
33,66	0,000994519
33,67	0,000995517
33,68	0,000997235
33,69	0,000997693
33,7	0,000998907
33,71	0,000999895
33,72	0,00100068
33,73	0,00100127
33,74	0,00100269
33,75	0,00100296
33,76	0,00100409
33,77	0,00100411
33,78	0,00100503
33,79	0,00100587
33,8	0,00100664
33,81	0,00100738
33,82	0,0010081
33,83	0,00100881
33,84	0,00100953
33,85	0,00101029
33,86	0,00101009
33,87	0,00101097
33,88	0,00101094
33,89	0,00101202
33,9	0,00101223
33,91	0,00101259
33,92	0,00101311
33,93	0,00101382
33,94	0,00101373
33,95	0,00101487
33,96	0,00101525
33,97	0,0010149
33,98	0,00101583
33,99	0,00101607
34	0,00101663
34,01	0,00101653
34,02	0,00101679
34,03	0,00101644
34,04	0,00101749
34,05	0,00101696
34,06	0,00101788
34,07	0,00101826
34,08	0,00101812
34,09	0,00101848
34,1	0,00101837
34,11	0,0010188
34,12	0,0010188
34,13	0,00101838
34,14	0,00101856
34,15	0,00101838
34,16	0,00101883
34,17	0,00101896
34,18	0,00101877
34,19	0,00101928
34,2	0,00101853
34,21	0,00101853
34,22	0,00101929
34,23	0,00101885
34,24	0,00101922
34,25	0,00101942
34,26	0,00101847
34,27	0,0010184
34,28	0,00101922
34,29	0,00101896
34,3	0,00101864
34,31	0,00101828
34,32	0,0010189
34,33	0,00101851
34,34	0,00101815
34,35	0,00101784
34,36	0,00101758
34,37	0,00101742
34,38	0,00101736
34,39	0,00101743
34,4	0,00101765
34,41	0,00101704
34,42	0,00101663
34,43	0,00101643
34,44	0,00101646
34,45	0,00101576
34,46	0,00101633
34,47	0,00101521
34,48	0,0010154
34,49	0,00101494
34,5	0,00101485
34,51	0,00101414
34,52	0,00101384
34,53	0,00101397
34,54	0,00101356
34,55	0,00101262
34,56	0,00101218
34,57	0,00101225
34,58	0,00101186
34,59	0,00101104
34,6	0,0010108
34,61	0,00101016
34,62	0,00100915
34,63	0,00100879
34,64	0,0010081
34,65	0,0010081
34,66	0,00100682
34,67	0,00100627
34,68	0,00100548
34,69	0,00100447
34,7	0,00100427
34,71	0,00100289
34,72	0,00100235
34,73	0,00100169
34,74	0,00100091
34,75	0,00100004
34,76	0,000998114
34,77	0,000997139
34,78	0,000996143
34,79	0,000995147
34,8	0,000994172
34,81	0,000993242
34,82	0,000991377
34,83	0,000990601
34,84	0,000988934
34,85	0,0009874
34,86	0,000986019
34,87	0,000983814
34,88	0,000982806
34,89	0,000981018
34,9	0,000979472
34,91	0,00097819
34,92	0,000976193
34,93	0,000975503
34,94	0,000974142
34,95	0,000972133
34,96	0,000971497
34,97	0,000969255
34,98	0,000968431
34,99	0,000967045
35	0,000965119
35,01	0,000963676
35,02	0,000962736
35,03	0,000961322
35,04	0,000960456
35,05	0,000959159
35,06	0,000957454
35,07	0,00095636
35,08	0,000954902
35,09	0,000953099
35,1	0,000951973
35,11	0,000950548
35,12	0,000948842
35,13	0,00094788
35,14	0,000945681
35,15	0,000944268
35,16	0,000942661
35,17	0,000941883
35,18	0,000939955
35,19	0,000937898
35,2	0,000936734
35,21	0,000935484
35,22	0,000933169
35,23	0,00093181
35,24	0,000930429
35,25	0,000928048
35,26	0,000926686
35,27	0,000925366
35,28	0,000923108
35,29	0,000920934
35,3	0,000919865
35,31	0,000917921
35,32	0,000916123
35,33	0,000913494
35,34	0,000912052
35,35	0,00090982
35,36	0,000907818
35,37	0,000906067
35,38	0,000903587
35,39	0,0009014
35,4	0,000899525
35,41	0,000896984
35,42	0,000894798
35,43	0,000892985
35,44	0,000890568
35,45	0,000887567
35,46	0,000886001
35,47	0,000882892
35,48	0,000881259
35,49	0,000878123
35,5	0,000875505
35,51	0,000873423
35,52	0,000870898
35,53	0,000867951
35,54	0,000865601
35,55	0,000862868
35,56	0,000859773
35,57	0,000857334
35,58	0,000854572
35,59	0,000851507
35,6	0,000849158
35,61	0,000846544
35,62	0,000842686
35,63	0,000840603
35,64	0,000837315
35,65	0,00083384
35,66	0,000831198
35,67	0,000828409
35,68	0,000825491
35,69	0,000821464
35,7	0,000818347
35,71	0,000815159
35,72	0,000811919
35,73	0,000808646
35,74	0,000805359
35,75	0,000802076
35,76	0,000798817
35,77	0,0007956
35,78	0,000792444
35,79	0,000788366
35,8	0,000785387
35,81	0,000781524
35,82	0,000778795
35,83	0,00077522
35,84	0,000770815
35,85	0,0007676
35,86	0,000763592
35,87	0,00076081
35,88	0,000756271
35,89	0,000752993
35,9	0,000748995
35,91	0,000745294
35,92	0,000741907
35,93	0,000737853
35,94	0,000734149
35,95	0,000729812
35,96	0,00072586
35,97	0,00072231
35,98	0,000718179
35,99	0,000714486
36	0,000710246
36,01	0,000706478
36,02	0,000702197
36,03	0,000698421
36,04	0,000694167
36,05	0,000690451
36,06	0,000686291
36,07	0,000682703
36,08	0,000678703
36,09	0,000674308
36,1	0,000669535
36,11	0,0006654
36,12	0,000661918
36,13	0,000657107
36,14	0,000652982
36,15	0,000648559
36,16	0,000644855
36,17	0,000640886
36,18	0,000636666
36,19	0,000632213
36,2	0,00062754
36,21	0,000623665
36,22	0,000618603
36,23	0,000614369
36,24	0,000609978
36,25	0,000605446
36,26	0,000601788
36,27	0,000597019
36,28	0,000592155
36,29	0,000588209
36,3	0,000584197
36,31	0,000579135
36,32	0,000575035
36,33	0,000569915
36,34	0,000565787
36,35	0,000561666
36,36	0,000556567
36,37	0,000552504
36,38	0,000547491
36,39	0,000543544
36,4	0,000538674
36,41	0,000533898
36,42	0,000529228
36,43	0,000524678
36,44	0,000520263
36,45	0,000515996
36,46	0,00051089
36,47	0,00050596
36,48	0,000502218
36,49	0,000496679
36,5	0,000492354
36,51	0,000487258
36,52	0,000483404
36,53	0,000477805
36,54	0,000473473
36,55	0,000468422
36,56	0,000463665
36,57	0,000459213
36,58	0,000454081
36,59	0,00044928
36,6	0,000444823
36,61	0,000439722
36,62	0,00043499
36,63	0,000430638
36,64	0,00042568
36,65	0,000421127
36,66	0,000415991
36,67	0,000411285
36,68	0,000406019
36,69	0,000401206
36,7	0,000395857
36,71	0,000390985
36,72	0,0003866
36,73	0,000381714
36,74	0,000376338
36,75	0,000371484
36,76	0,000366162
36,77	0,000361385
36,78	0,000357162
36,79	0,000352506
36,8	0,000347426
36,81	0,000342934
36,82	0,00033804
36,83	0,000332755
36,84	0,000328089
36,85	0,000323053
36,86	0,000318658
36,87	0,000313913
36,88	0,000308829
36,89	0,000304416
36,9	0,000299684
36,91	0,000295643
36,92	0,000290303
36,93	0,000285674
36,94	0,000281765
36,95	0,000276587
36,96	0,000272148
36,97	0,000267458
36,98	0,000262527
36,99	0,000258364
37	0,000253979
37,01	0,000249379
37,02	0,000244576
37,03	0,000239577
37,04	0,000235391
37,05	0,000231028
37,06	0,000226496
37,07	0,000221804
37,08	0,000216961
37,09	0,000211975
37,1	0,000207854
37,11	0,000202607
37,12	0,000198242
37,13	0,000193768
37,14	0,000189193
37,15	0,000184524
37,16	0,00017977
37,17	0,000174939
37,18	0,000171038
37,19	0,000166075
37,2	0,000161059
37,21	0,000156996
37,22	0,000151894
37,23	0,000147761
37,24	0,000142603
37,25	0,000137429
37,26	0,000133246
37,27	0,00012806
37,28	0,000123879
37,29	0,000118709
37,3	0,000114558
37,31	0,000109433
37,32	0,00010434
37,33	0,000100286
37,34	9,52772e-05
37,35	9,03207e-05
37,36	8,54228e-05
37,37	8,05898e-05
37,38	7,58282e-05
37,39	7,1144e-05
37,4	6,55436e-05
37,41	6,10329e-05
37,42	5,5618e-05
37,43	5,13048e-05
37,44	4,60993e-05
37,45	4,10071e-05
37,46	3,6034e-05
37,47	3,11856e-05
37,48	2,64676e-05
37,49	2,08854e-05
37,5	1,64444e-05
37,51	1,115e-05
37,52	6,00745e-06
37,53	1,02195e-06
37,54	-4,80138e-06
37,55	-9,45748e-06
37,56	-1,49414e-05
37,57	-2,02481e-05
37,58	-2,5373e-05
37,59	-3,03111e-05
37,6	-3,60578e-05
37,61	-4,06085e-05
37,62	-4,59586e-05
37,63	-5,11037e-05
37,64	-5,70393e-05
37,65	-6,17612e-05
37,66	-6,72651e-05
37,67	-7,25467e-05
37,68	-7,86021e-05
37,69	-8,34271e-05
37,7	-8,90178e-05
37,71	-9,43702e-05
37,72	-9,94806e-05
37,73	-0,000105345
37,74	-0,00011096
37,75	-0,000116322
37,76	-0,000122428
37,77	-0,000127273
37,78	-0,000132855
37,79	-0,00013817
37,8	-0,000144215
37,81	-0,000149986
37,82	-0,000155481
37,83	-0,000160697
37,84	-0,00016663
37,85	-0,000172278
37,86	-0,000178638
37,87	-0,000183706
37,88	-0,000189481
37,89	-0,00019496
37,9	-0,00020114
37,91	-0,000207019
37,92	-0,000212594
37,93	-0,000217863
37,94	-0,000223823
37,95	-0,000229473
37,96	-0,00023581
37,97	-0,000241832
37,98	-0,000247538
37,99	-0,000252924
38	-0,00025899
38,01	-0,000264734
38,02	-0,000270154
38,03	-0,000276247
38,04	-0,000282014
38,05	-0,000288451
38,06	-0,000293558
38,07	-0,000300333
38,08	-0,000305775
38,09	-0,000311883
38,1	-0,000317656
38,11	-0,000323091
38,12	-0,000329189
38,13	-0,000334949
38,14	-0,000341369
38,15	-0,000346448
38,16	-0,000352187
38,17	-0,000358583
38,18	-0,000364637
38,19	-0,000370348
38,2	-0,000375715
38,21	-0,000381739
38,22	-0,000387418
38,23	-0,000392752
38,24	-0,000398742
38,25	-0,000404386
38,26	-0,000410686
38,27	-0,00041664
38,28	-0,000422249
38,29	-0,000427514
38,3	-0,000433433
38,31	-0,000439008
38,32	-0,000444239
38,33	-0,000450126
38,34	-0,000455669
38,35	-0,00046087
38,36	-0,000466729
38,37	-0,000472246
38,38	-0,000477422
38,39	-0,000483258
38,4	-0,000488755
38,41	-0,000493913
38,42	-0,000498734
38,43	-0,00050422
38,44	-0,00050937
38,45	-0,000515186
38,46	-0,00051967
38,47	-0,000524822
38,48	-0,000529645
38,49	-0,000535139
38,5	-0,000540307
38,51	-0,000545149
38,52	-0,000549668
38,53	-0,000554866
38,54	-0,000559743
38,55	-0,000564302
38,56	-0,000568546
38,57	-0,000573475
38,58	-0,000578093
38,59	-0,000583401
38,6	-0,000587401
38,61	-0,000592096
38,62	-0,000596489
38,63	-0,000600581
38,64	-0,000605375
38,65	-0,000609874
38,66	-0,000614081
38,67	-0,000618997
38,68	-0,000622627
38,69	-0,000626972
38,7	-0,000631036
38,71	-0,000635822
38,72	-0,000640333
38,73	-0,000644572
38,74	-0,000648541
38,75	-0,000652246
38,76	-0,000656688
38,77	-0,000660872
38,78	-0,0006648
38,79	-0,000669476
38,8	-0,000672905
38,81	-0,000677089
38,82	-0,000681033
38,83	-0,00068574
38,84	-0,000689215
38,85	-0,00069346
38,86	-0,000697481
38,87	-0,000701282
38,88	-0,000704866
38,89	-0,000709238
38,9	-0,000713403
38,91	-0,000717364
38,92	-0,000721126
38,93	-0,000724694
38,94	-0,000729073
38,95	-0,000733267
38,96	-0,000737281
38,97	-0,00074112
38,98	-0,000744788
38,99	-0,000749292
39	-0,000752635
39,01	-0,000756823
39,02	-0,000760862
39,03	-0,000764756
39,04	-0,000768511
39,05	-0,000772132
39,06	-0,000776625
39,07	-0,000779996
39,08	-0,00078425
39,09	-0,000788393
39,1	-0,000792431
39,11	-0,000796369
39,12	-0,000800214
39,13	-0,000803972
39,14	-0,000807648
39,15	-0,00081125
39,16	-0,000815782
39,17	-0,000819253
39,18	-0,000823667
39,19	-0,000828032
39,2	-0,000831353
39,21	-0,000835639
39,22	-0,000839895
39,23	-0,000843128
39,24	-0,000847346
39,25	-0,000851554
39,26	-0,000855761
39,27	-0,000858973
39,28	-0,000863197
39,29	-0,000867441
39,3	-0,000871712
39,31	-0,000875017
39,32	-0,000879364
39,33	-0,000883761
39,34	-0,000887215
39,35	-0,000891734
39,36	-0,000895325
39,37	-0,000899997
39,38	-0,000903757
39,39	-0,000907614
39,4	-0,000911575
39,41	-0,000915649
39,42	-0,000919844
39,43	-0,000924169
39,44	-0,000927632
39,45	-0,00093224
39,46	-0,000936004
39,47	-0,000939932
39,48	-0,000944031
39,49	-0,000948312
39,5	-0,000952783
39,51	-0,000956453
39,52	-0,000960331
39,53	-0,000964426
39,54	-0,000968748
39,55	-0,000972305
39,56	-0,000977108
39,57	-0,000981165
39,58	-0,000985486
39,59	-0,000989081
39,6	-0,000992959
39,61	-0,000997131
39,62	-0,00100161
39,63	-0,00100539
39,64	-0,0010095
39,65	-0,00101395
39,66	-0,00101773
39,67	-0,00102187
39,68	-0,00102538
39,69	-0,00103026
39,7	-0,00103352
39,71	-0,00103818
39,72	-0,00104224
39,73	-0,00104572
39,74	-0,00105063
39,75	-0,00105398
39,76	-0,00105778
39,77	-0,00106204
39,78	-0,00106576
39,79	-0,00106998
39,8	-0,00107468
39,81	-0,00107789
39,82	-0,00108262
39,83	-0,00108588
39,84	-0,00108968
39,85	-0,00109403
39,86	-0,00109794
39,87	-0,00110143
39,88	-0,00110551
39,89	-0,00110919
39,9	-0,00111348
39,91	-0,00111739
39,92	-0,00112094
39,93	-0,00112513
39,94	-0,00112899
39,95	-0,00113252
39,96	-0,00113674
39,97	-0,00113966
39,98	-0,00114429
39,99	-0,00114764
40	-0,00115173
40,01	-0,00115458
40,02	-0,00115818
40,03	-0,00116256
40,04	-0,00116573
40,05	-0,00116971
40,06	-0,0011725
40,07	-0,00117612
40,08	-0,00117959
40,09	-0,00118291
40,1	-0,00118711
40,11	-0,00119019
40,12	-0,00119317
40,13	-0,00119706
40,14	-0,00119988
40,15	-0,00120364
40,16	-0,00120635
40,17	-0,00121004
40,18	-0,00121271
40,19	-0,00121637
40,2	-0,00121905
40,21	-0,00122276
40,22	-0,00122551
40,23	-0,00122832
40,24	-0,0012312
40,25	-0,00123417
40,26	-0,00123723
40,27	-0,00123942
40,28	-0,00124274
40,29	-0,0012452
40,3	-0,00124783
40,31	-0,00125063
40,32	-0,00125363
40,33	-0,00125584
40,34	-0,00125827
40,35	-0,00126095
40,36	-0,00126288
40,37	-0,00126508
40,38	-0,00126757
40,39	-0,00126936
40,4	-0,00127148
40,41	-0,00127393
40,42	-0,00127573
40,43	-0,0012779
40,44	-0,00127946
40,45	-0,00128141
40,46	-0,00128379
40,47	-0,0012846
40,48	-0,00128686
40,49	-0,00128859
40,5	-0,00129081
40,51	-0,00129253
40,52	-0,00129376
40,53	-0,00129553
40,54	-0,00129786
40,55	-0,00129975
40,56	-0,00130124
40,57	-0,00130332
40,58	-0,00130503
40,59	-0,00130638
40,6	-0,00130839
40,61	-0,00131007
40,62	-0,00131144
40,63	-0,00131353
40,64	-0,00131534
40,65	-0,0013169
40,66	-0,00131822
40,67	-0,00132032
40,68	-0,00132122
40,69	-0,00132294
40,7	-0,0013245
40,71	-0,00132591
40,72	-0,0013272
40,73	-0,00132937
40,74	-0,00133046
40,75	-0,00133147
40,76	-0,00133343
40,77	-0,00133436
40,78	-0,00133626
40,79	-0,00133718
40,8	-0,00133811
40,81	-0,00134009
40,82	-0,00134112
40,83	-0,00134223
40,84	-0,00134344
40,85	-0,00134477
40,86	-0,00134524
40,87	-0,00134586
40,88	-0,00134765
40,89	-0,00134864
40,9	-0,00134884
40,91	-0,00135027
40,92	-0,00135096
40,93	-0,00135192
40,94	-0,00135217
40,95	-0,00135273
40,96	-0,00135362
40,97	-0,00135387
40,98	-0,00135448
40,99	-0,00135549
41	-0,0013559
41,01	-0,00135575
41,02	-0,00135705
41,03	-0,00135682
41,04	-0,00135708
41,05	-0,00135785
41,06	-0,00135815
41,07	-0,00135801
41,08	-0,00135844
41,09	-0,00135846
41,1	-0,00135809
41,11	-0,00135836
41,12	-0,00135828
41,13	-0,00135787
41,14	-0,00135816
41,15	-0,00135817
41,16	-0,00135791
41,17	-0,00135741
41,18	-0,00135769
41,19	-0,00135677
41,2	-0,00135667
41,21	-0,00135641
41,22	-0,00135601
41,23	-0,00135549
41,24	-0,00135488
41,25	-0,0013542
41,26	-0,00135445
41,27	-0,00135368
41,28	-0,00135289
41,29	-0,00135212
41,3	-0,00135137
41,31	-0,00135068
41,32	-0,00135006
41,33	-0,00134953
41,34	-0,00134812
41,35	-0,00134785
41,36	-0,00134674
41,37	-0,0013458
41,38	-0,00134507
41,39	-0,00134356
41,4	-0,0013423
41,41	-0,0013413
41,42	-0,00134059
41,43	-0,00133919
41,44	-0,00133812
41,45	-0,00133741
41,46	-0,00133607
41,47	-0,00133512
41,48	-0,00133359
41,49	-0,0013325
41,5	-0,00133088
41,51	-0,00132973
41,52	-0,00132909
41,53	-0,00132698
41,54	-0,00132641
41,55	-0,00132442
41,56	-0,00132302
41,57	-0,00132223
41,58	-0,00132007
41,59	-0,00131858
41,6	-0,00131776
41,61	-0,00131565
41,62	-0,00131426
41,63	-0,00131261
41,64	-0,00131173
41,65	-0,00130964
41,66	-0,00130836
41,67	-0,00130692
41,68	-0,00130533
41,69	-0,00130362
41,7	-0,0013018
41,71	-0,00129991
41,72	-0,00129896
41,73	-0,00129697
41,74	-0,00129497
41,75	-0,00129298
41,76	-0,00129202
41,77	-0,00129012
41,78	-0,00128828
41,79	-0,00128655
41,8	-0,00128493
41,81	-0,00128246
41,82	-0,00128114
41,83	-0,00127901
41,84	-0,00127709
41,85	-0,0012754
41,86	-0,00127396
41,87	-0,00127178
41,88	-0,00126991
41,89	-0,00126835
41,9	-0,00126612
41,91	-0,00126426
41,92	-0,00126178
41,93	-0,0012597
41,94	-0,00125805
41,95	-0,00125585
41,96	-0,00125411
41,97	-0,00125187
41,98	-0,00125014
41,99	-0,00124794
42	-0,0012463
42,01	-0,00124423
42,02	-0,00124177
42,03	-0,00123993
42,04	-0,00123773
42,05	-0,0012352
42,06	-0,00123335
42,07	-0,00123021
42,08	-0,0012288
42,09	-0,00122614
42,1	-0,00122325
42,11	-0,00122116
42,12	-0,00121888
42,13	-0,00121644
42,14	-0,00121386
42,15	-0,00121116
42,16	-0,00120936
42,17	-0,00120648
42,18	-0,00120354
42,19	-0,00120157
42,2	-0,00119859
42,21	-0,00119561
42,22	-0,00119267
42,23	-0,00118977
42,24	-0,00118694
42,25	-0,00118421
42,26	-0,00118158
42,27	-0,0011781
42,28	-0,00117476
42,29	-0,00117161
42,3	-0,00116865
42,31	-0,00116591
42,32	-0,0011624
42,33	-0,00115916
42,34	-0,00115519
42,35	-0,00115153
42,36	-0,00114818
42,37	-0,00114418
42,38	-0,00114154
42,39	-0,00113729
42,4	-0,00113443
42,41	-0,001131
42,42	-0,00112702
42,43	-0,0011235
42,44	-0,00112046
42,45	-0,00111693
42,46	-0,00111292
42,47	-0,00110946
42,48	-0,00110657
42,49	-0,00110326
42,5	-0,00109955
42,51	-0,00109647
42,52	-0,00109304
42,53	-0,00108927
42,54	-0,00108518
42,55	-0,0010818
42,56	-0,00107814
42,57	-0,00107523
42,58	-0,00107108
42,59	-0,00106771
42,6	-0,00106415
42,61	-0,0010604
42,62	-0,0010575
42,63	-0,00105346
42,64	-0,0010503
42,65	-0,00104603
42,66	-0,00104268
42,67	-0,00103927
42,68	-0,00103482
42,69	-0,00103134
42,7	-0,00102785
42,71	-0,00102337
42,72	-0,00101993
42,73	-0,00101654
42,74	-0,00101221
42,75	-0,00100797
42,76	-0,00100483
42,77	-0,00100082
42,78	-0,000995954
42,79	-0,000992245
42,8	-0,000988714
42,81	-0,00098438
42,82	-0,000980261
42,83	-0,000976374
42,84	-0,000971738
42,85	-0,000967371
42,86	-0,000963289
42,87	-0,000959512
42,88	-0,000955057
42,89	-0,000950941
42,9	-0,000946182
42,91	-0,000941797
42,92	-0,000937804
42,93	-0,000933221
42,94	-0,000929064
42,95	-0,00092435
42,96	-0,000920097
42,97	-0,000915322
42,98	-0,000911041
42,99	-0,000906273
43	-0,000901033
43,01	-0,000896338
43,02	-0,000892205
43,03	-0,00088765
43,04	-0,000882691
43,05	-0,000877343
43,06	-0,000872623
43,07	-0,000867548
43,08	-0,000863133
43,09	-0,000858395
43,1	-0,00085335
43,11	-0,000848013
43,12	-0,000843401
43,13	-0,00083853
43,14	-0,000833416
43,15	-0,000828073
43,16	-0,000822519
43,17	-0,000817767
43,18	-0,000812835
43,19	-0,000806737
43,2	-0,000801488
43,21	-0,000796104
43,22	-0,000791601
43,23	-0,000785992
43,24	-0,000780294
43,25	-0,000774521
43,26	-0,000769687
43,27	-0,000763809
43,28	-0,0007589
43,29	-0,000752975
43,3	-0,000747048
43,31	-0,000742135
43,32	-0,000736249
43,33	-0,000730405
43,34	-0,000724618
43,35	-0,0007189
43,36	-0,000713267
43,37	-0,000707731
43,38	-0,000702309
43,39	-0,000696012
43,4	-0,000689855
43,41	-0,000683851
43,42	-0,000678015
43,43	-0,000672359
43,44	-0,000666897
43,45	-0,000660642
43,46	-0,000654608
43,47	-0,000648808
43,48	-0,000642255
43,49	-0,000636961
43,5	-0,000629941
43,51	-0,000624206
43,52	-0,00061777
43,53	-0,000611646
43,54	-0,000605845
43,55	-0,00059938
43,56	-0,000593265
43,57	-0,00058751
43,58	-0,00058113
43,59	-0,000575135
43,6	-0,000568538
43,61	-0,000562351
43,62	-0,000555586
43,63	-0,000549255
43,64	-0,000543369
43,65	-0,000536941
43,66	-0,000529982
43,67	-0,000523504
43,68	-0,000517518
43,69	-0,000511035
43,7	-0,000504067
43,71	-0,000497625
43,72	-0,000491721
43,73	-0,000485365
43,74	-0,000478568
43,75	-0,000472341
43,76	-0,000465696
43,77	-0,000458642
43,78	-0,000452191
43,79	-0,000446353
43,8	-0,000439139
43,81	-0,000432559
43,82	-0,000426623
43,83	-0,000419342
43,84	-0,000412726
43,85	-0,000406784
43,86	-0,000399528
43,87	-0,000392967
43,88	-0,000386111
43,89	-0,000379969
43,9	-0,000373552
43,91	-0,000366869
43,92	-0,000359929
43,93	-0,000352743
43,94	-0,000346319
43,95	-0,000339666
43,96	-0,000332795
43,97	-0,000326713
43,98	-0,000320431
43,99	-0,000312957
44	-0,0003063
44,01	-0,000300469
44,02	-0,000293473
44,03	-0,00028632
44,04	-0,000280019
44,05	-0,000273578
44,06	-0,000267007
44,07	-0,000260312
44,08	-0,000253504
44,09	-0,000246589
44,1	-0,000240576
44,11	-0,000233473
44,12	-0,000227287
44,13	-0,000221028
44,14	-0,000213702
44,15	-0,000207318
44,16	-0,000200883
44,17	-0,000194404
44,18	-0,000188889
44,19	-0,000182346
44,2	-0,000175782
44,21	-0,000169204
44,22	-0,000163619
44,23	-0,000157035
44,24	-0,000150458
44,25	-0,000144896
44,26	-0,000138355
44,27	-0,000131843
44,28	-0,000126365
44,29	-0,000119929
44,3	-0,000113541
44,31	-0,000107208
44,32	-0,000100936
44,33	-9,57318e-05
44,34	-8,96011e-05
44,35	-8,35504e-05
44,36	-7,65858e-05
44,37	-7,07134e-05
44,38	-6,49392e-05
44,39	-5,92691e-05
44,4	-5,27089e-05
44,41	-4,72644e-05
44,42	-4,09412e-05
44,43	-3,4745e-05
44,44	-2,86814e-05
44,45	-2,27557e-05
44,46	-1,69734e-05
44,47	-1,13399e-05
44,48	-4,86022e-06
44,49	1,46032e-06
44,5	6,61664e-06
44,51	1,26037e-05
44,52	1,94166e-05
44,53	2,50505e-05
44,54	3,15005e-05
44,55	3,67619e-05
44,56	4,283e-05
44,57	4,87003e-05
44,58	5,53682e-05
44,59	6,08293e-05
44,6	6,70792e-05
44,61	7,31137e-05
44,62	7,89285e-05
44,63	8,55194e-05
44,64	9,08823e-05
44,65	9,70134e-05
44,66	0,000102908
44,67	0,000109564
44,68	0,000115976
44,69	0,00012114
44,7	0,000128054
44,71	0,000133713
44,72	0,000140114
44,73	0,000146253
44,74	0,000152128
44,75	0,000158735
44,76	0,00016507
44,77	0,00017113
44,78	0,000176913
44,79	0,000183416
44,8	0,000189634
44,81	0,000195567
44,82	0,000202209
44,83	0,00020856
44,84	0,000214616
44,85	0,000220375
44,86	0,000226834
44,87	0,000232991
44,88	0,000239843
44,89	0,000246388
44,9	0,000252624
44,91	0,000258548
44,92	0,000265159
44,93	0,000271454
44,94	0,000278431
44,95	0,000285089
44,96	0,000291426
44,97	0,000297439
44,98	0,000304128
44,99	0,00031049
45	0,000317524
45,01	0,000324229
45,02	0,000330602
45,03	0,000336644
45,04	0,000343352
45,05	0,000350725
45,06	0,000356762
45,07	0,000363462
45,08	0,000370824
45,09	0,000376847
45,1	0,00038353
45,11	0,000390872
45,12	0,000396873
45,13	0,000403532
45,14	0,000410848
45,15	0,000417821
45,16	0,00042445
45,17	0,000430735
45,18	0,000437675
45,19	0,000445271
45,2	0,000451522
45,21	0,000458428
45,22	0,000464988
45,23	0,000472204
45,24	0,000479074
45,25	0,0004866
45,26	0,000492781
45,27	0,000499618
45,28	0,00050711
45,29	0,000514259
45,3	0,000521064
45,31	0,000527527
45,32	0,000534648
45,33	0,000541428
45,34	0,000548867
45,35	0,000555967
45,36	0,000562728
45,37	0,00057015
45,38	0,000577236
45,39	0,000583987
45,4	0,000591402
45,41	0,000597485
45,42	0,000605235
45,43	0,000611655
45,44	0,000618745
45,45	0,000626508
45,46	0,000632944
45,47	0,000640057
45,48	0,000646846
45,49	0,000654314
45,5	0,000661464
45,51	0,000668296
45,52	0,000674812
45,53	0,000682016
45,54	0,000688909
45,55	0,000696493
45,56	0,00070277
45,57	0,000709743
45,58	0,000717414
45,59	0,000723786
45,6	0,000730861
45,61	0,000737642
45,62	0,000744132
45,63	0,000751332
45,64	0,000758247
45,65	0,000764879
45,66	0,000772231
45,67	0,000778305
45,68	0,000785106
45,69	0,000792636
45,7	0,000798899
45,71	0,000805897
45,72	0,000812635
45,73	0,000819115
45,74	0,000825342
45,75	0,000832318
45,76	0,000839048
45,77	0,000845534
45,78	0,000851782
45,79	0,000857795
45,8	0,000864577
45,81	0,000871132
45,82	0,000877463
45,83	0,000883576
45,84	0,000889474
45,85	0,000896162
45,86	0,000901644
45,87	0,000907924
45,88	0,000914008
45,89	0,000919899
45,9	0,000926602
45,91	0,000932123
45,92	0,000938465
45,93	0,000943635
45,94	0,000949636
45,95	0,000955474
45,96	0,000961154
45,97	0,000966681
45,98	0,00097206
45,99	0,000978297
46	0,000983397
46,01	0,000989366
46,02	0,000995209
46,03	0,000999932
46,04	0,00100554
46,05	0,00101104
46,06	0,00101644
46,07	0,00102174
46,08	0,00102694
46,09	0,00103307
46,1	0,00103811
46,11	0,00104309
46,12	0,00104899
46,13	0,00105384
46,14	0,00105863
46,15	0,00106438
46,16	0,00106908
46,17	0,00107476
46,18	0,0010794
46,19	0,00108503
46,2	0,00108964
46,21	0,00109524
46,22	0,00109985
46,23	0,00110547
46,24	0,0011101
46,25	0,00111475
46,26	0,00112043
46,27	0,00112515
46,28	0,00112992
46,29	0,00113474
46,3	0,00113962
46,31	0,00114456
46,32	0,00114958
46,33	0,00115469
46,34	0,00115989
46,35	0,00116418
46,36	0,00116959
46,37	0,00117411
46,38	0,00117875
46,39	0,00118353
46,4	0,00118845
46,41	0,00119252
46,42	0,00119775
46,43	0,00120214
46,44	0,00120671
46,45	0,00121147
46,46	0,00121642
46,47	0,00122057
46,48	0,00122593
46,49	0,00123052
46,5	0,00123433
46,51	0,00123938
46,52	0,00124369
46,53	0,00124825
46,54	0,00125308
46,55	0,00125718
46,56	0,00126158
46,57	0,00126627
46,58	0,00127127
46,59	0,00127558
46,6	0,00127922
46,61	0,0012842
46,62	0,00128853
46,63	0,00129321
46,64	0,00129726
46,65	0,00130169
46,66	0,00130551
46,67	0,00131073
46,68	0,00131436
46,69	0,00131841
46,7	0,0013229
46,71	0,00132782
46,72	0,0013312
46,73	0,00133604
46,74	0,00134036
46,75	0,00134417
46,76	0,00134848
46,77	0,0013523
46,78	0,00135663
46,79	0,00136051
46,8	0,00136492
46,81	0,0013689
46,82	0,00137344
46,83	0,00137756
46,84	0,00138128
46,85	0,0013856
46,86	0,00138953
46,87	0,0013931
46,88	0,0013973
46,89	0,00140116
46,9	0,00140469
46,91	0,00140889
46,92	0,00141279
46,93	0,00141639
46,94	0,00142071
46,95	0,00142475
46,96	0,00142854
46,97	0,00143209
46,98	0,0014354
46,99	0,00143949
47	0,00144339
47,01	0,00144709
47,02	0,00145061
47,03	0,00145497
47,04	0,00145817
47,05	0,00146224
47,06	0,00146519
47,07	0,00146903
47,08	0,00147277
47,09	0,00147643
47,1	0,00148002
47,11	0,00148356
47,12	0,00148706
47,13	0,00149054
47,14	0,001494
47,15	0,00149747
47,16	0,00149996
47,17	0,00150349
47,18	0,00150706
47,19	0,00151069
47,2	0,0015134
47,21	0,00151721
47,22	0,00152012
47,23	0,00152316
47,24	0,00152633
47,25	0,00152966
47,26	0,00153315
47,27	0,00153583
47,28	0,00153871
47,29	0,00154181
47,3	0,00154514
47,31	0,00154771
47,32	0,00155055
47,33	0,00155366
47,34	0,00155707
47,35	0,00155979
47,36	0,00156283
47,37	0,00156522
47,38	0,00156797
47,39	0,00157109
47,4	0,00157361
47,41	0,00157653
47,42	0,00157888
47,43	0,00158167
47,44	0,00158391
47,45	0,00158664
47,46	0,00158885
47,47	0,00159157
47,48	0,00159382
47,49	0,00159561
47,5	0,00159796
47,51	0,00160089
47,52	0,00160241
47,53	0,00160555
47,54	0,00160731
47,55	0,00160972
47,56	0,00161179
47,57	0,00161355
47,58	0,001615
47,59	0,00161717
47,6	0,00161908
47,61	0,00162074
47,62	0,00162317
47,63	0,00162439
47,64	0,00162642
47,65	0,00162727
47,66	0,00162897
47,67	0,00163053
47,68	0,00163197
47,69	0,0016333
47,7	0,00163456
47,71	0,00163575
47,72	0,00163789
47,73	0,00163901
47,74	0,00164011
47,75	0,00164123
47,76	0,00164338
47,77	0,00164458
47,78	0,00164584
47,79	0,00164719
47,8	0,00164864
47,81	0,00164922
47,82	0,00165095
47,83	0,00165183
47,84	0,0016539
47,85	0,00165517
47,86	0,00165566
47,87	0,0016574
47,88	0,00165839
47,89	0,00165966
47,9	0,00166124
47,91	0,00166213
47,92	0,00166336
47,93	0,00166395
47,94	0,00166492
47,95	0,00166628
47,96	0,00166707
47,97	0,00166829
47,98	0,00166898
47,99	0,00167014
48	0,0016708
48,01	0,00167098
48,02	0,00167271
48,03	0,00167299
48,04	0,00167385
48,05	0,00167431
48,06	0,00167439
48,07	0,00167512
48,08	0,00167551
48,09	0,00167658
48,1	0,00167635
48,11	0,00167685
48,12	0,0016771
48,13	0,00167811
48,14	0,0016779
48,15	0,00167851
48,16	0,00167794
48,17	0,00167822
48,18	0,00167837
48,19	0,00167841
48,2	0,00167837
48,21	0,00167826
48,22	0,0016781
48,23	0,00167792
48,24	0,00167773
48,25	0,00167657
48,26	0,00167644
48,27	0,00167637
48,28	0,00167539
48,29	0,00167551
48,3	0,00167475
48,31	0,00167414
48,32	0,00167269
48,33	0,00167244
48,34	0,00167139
48,35	0,00167058
48,36	0,00167002
48,37	0,00166873
48,38	0,00166775
48,39	0,00166708
48,4	0,00166574
48,41	0,00166478
48,42	0,00166319
48,43	0,00166201
48,44	0,00166125
48,45	0,00165895
48,46	0,00165811
48,47	0,00165676
48,48	0,00165493
48,49	0,00165363
48,5	0,00165189
48,51	0,00165073
48,52	0,00164917
48,53	0,00164724
48,54	0,00164494
48,55	0,00164332
48,56	0,00164138
48,57	0,00164015
48,58	0,00163766
48,59	0,00163591
48,6	0,00163395
48,61	0,00163178
48,62	0,00162943
48,63	0,00162793
48,64	0,00162529
48,65	0,00162353
48,66	0,00162068
48,67	0,00161876
48,68	0,00161679
48,69	0,0016138
48,7	0,0016118
48,71	0,00160982
48,72	0,00160688
48,73	0,001604
48,74	0,00160221
48,75	0,00159952
48,76	0,00159695
48,77	0,00159454
48,78	0,0015913
48,79	0,00158925
48,8	0,00158641
48,81	0,00158382
48,82	0,00158048
48,83	0,00157843
48,84	0,00157567
48,85	0,00157225
48,86	0,00157016
48,87	0,00156645
48,88	0,00156413
48,89	0,00156122
48,9	0,00155774
48,91	0,00155473
48,92	0,00155218
48,93	0,00154914
48,94	0,00154562
48,95	0,00154264
48,96	0,00154023
48,97	0,00153641
48,98	0,00153419
48,99	0,0015306
49	0,00152767
49,01	0,0015244
49,02	0,00152084
49,03	0,00151799
49,04	0,00151487
49,05	0,00151152
49,06	0,00150795
49,07	0,00150518
49,08	0,00150123
49,09	0,00149813
49,1	0,0014949
49,11	0,00149156
49,12	0,00148812
49,13	0,00148462
49,14	0,00148107
49,15	0,00147749
49,16	0,00147491
49,17	0,00147134
49,18	0,00146781
49,19	0,00146434
49,2	0,00145995
49,21	0,00145666
49,22	0,00145349
49,23	0,00144946
49,24	0,00144559
49,25	0,00144191
49,26	0,00143844
49,27	0,00143519
49,28	0,00143119
49,29	0,00142745
49,3	0,001424
49,31	0,00141987
49,32	0,00141606
49,33	0,0014116
49,34	0,00140851
49,35	0,00140381
49,36	0,00140053
49,37	0,00139567
49,38	0,00139227
49,39	0,00138834
49,4	0,00138391
49,41	0,00137998
49,42	0,00137559
49,43	0,00137175
49,44	0,00136649
49,45	0,00136282
49,46	0,00135876
49,47	0,00135434
49,48	0,00134957
49,49	0,00134447
49,5	0,00134006
49,51	0,00133537
49,52	0,00133141
49,53	0,0013262
49,54	0,00132176
49,55	0,00131611
49,56	0,00131127
49,57	0,00130626
49,58	0,0013011
49,59	0,00129681
49,6	0,0012914
49,61	0,0012859
49,62	0,00128033
49,63	0,0012757
49,64	0,00127003
49,65	0,00126435
49,66	0,00125966
49,67	0,001254
49,68	0,00124837
49,69	0,0012428
49,7	0,00123731
49,71	0,00123191
49,72	0,00122662
49,73	0,00122147
49,74	0,00121546
49,75	0,00120962
49,76	0,00120397
49,77	0,00119852
49,78	0,00119329
49,79	0,0011873
49,8	0,00118157
49,81	0,00117611
49,82	0,00116995
49,83	0,0011641
49,84	0,00115858
49,85	0,00115241
49,86	0,0011466
49,87	0,00114117
49,88	0,00113514
49,89	0,00112852
49,9	0,00112334
49,91	0,00111661
49,92	0,00111134
49,93	0,00110457
49,94	0,00109829
49,95	0,00109253
49,96	0,00108631
49,97	0,00108063
49,98	0,00107453
49,99	0,00106801
50	0,0010621
