0	0
0.01	0
0.02	0
0.03	-2.1978e-08
0.04	-8.79116e-08
0.05	-2.19778e-07
0.06	5.60449e-07
0.07	2.30796e-07
0.08	7.69294e-07
0.09	1.15398e-06
0.1	1.36289e-06
0.11	1.37407e-06
0.12	1.16557e-06
0.13	1.71545e-06
0.14	2.00177e-06
0.15	2.00262e-06
0.16	2.69607e-06
0.17	3.06022e-06
0.18	3.07317e-06
0.19	3.71304e-06
0.2	3.95795e-06
0.21	4.78605e-06
0.22	5.17549e-06
0.23	5.10444e-06
0.24	6.55108e-06
0.25	6.49361e-06
0.26	6.91025e-06
0.27	7.77924e-06
0.28	8.07881e-06
0.29	8.78725e-06
0.3	9.88285e-06
0.31	1.03439e-05
0.32	1.11488e-05
0.33	1.12758e-05
0.34	1.17033e-05
0.35	1.34097e-05
0.36	1.33735e-05
0.37	1.45731e-05
0.38	1.49869e-05
0.39	1.55935e-05
0.4	1.73713e-05
0.41	1.8299e-05
0.42	1.83551e-05
0.43	1.95182e-05
0.44	2.0767e-05
0.45	2.10801e-05
0.46	2.24362e-05
0.47	2.3814e-05
0.48	2.41924e-05
0.49	2.555e-05
0.5	2.68658e-05
0.51	2.81185e-05
0.52	2.92872e-05
0.53	3.03507e-05
0.54	3.12879e-05
0.55	3.2078e-05
0.56	3.36998e-05
0.57	3.51326e-05
0.58	3.63554e-05
0.59	3.73474e-05
0.6	3.80878e-05
0.61	3.95558e-05
0.62	4.07306e-05
0.63	4.25918e-05
0.64	4.41185e-05
0.65	4.52901e-05
0.66	4.60863e-05
0.67	4.74864e-05
0.68	4.94699e-05
0.69	5.10165e-05
0.7	5.21058e-05
0.71	5.37175e-05
0.72	5.48313e-05
0.73	5.64269e-05
0.74	5.84842e-05
0.75	5.99831e-05
0.76	6.09035e-05
0.77	6.32253e-05
0.78	6.49286e-05
0.79	6.59935e-05
0.8	6.74e-05
0.81	6.91283e-05
0.82	7.11588e-05
0.83	7.24716e-05
0.84	7.40471e-05
0.85	7.58657e-05
0.86	7.69078e-05
0.87	7.91539e-05
0.88	8.05847e-05
0.89	8.21807e-05
0.9	8.39225e-05
0.91	8.5791e-05
0.92	8.67668e-05
0.93	8.88309e-05
0.94	9.09642e-05
0.95	9.21475e-05
0.96	9.3362e-05
0.97	9.55888e-05
0.98	9.68089e-05
0.99	9.90036e-05
1	0.000101154
1.01	0.000102242
1.02	0.000104248
1.03	0.000106154
1.04	0.000107942
1.05	0.000109593
1.06	0.000111089
1.07	0.000113411
1.08	0.000115542
1.09	0.000117463
1.1	0.000119156
1.11	0.000120602
1.12	0.000122785
1.13	0.000124686
1.14	0.000126288
1.15	0.000128572
1.16	0.000130521
1.17	0.000132117
1.18	0.000134343
1.19	0.000137181
1.2	0.000138615
1.21	0.000140625
1.22	0.000143196
1.23	0.000145311
1.24	0.000146951
1.25	0.0001491
1.26	0.000151741
1.27	0.000153857
1.28	0.000156431
1.29	0.000158447
1.3	0.000160887
1.31	0.000162735
1.32	0.000164975
1.33	0.000167591
1.34	0.000170564
1.35	0.000172881
1.36	0.000174523
1.37	0.000177475
1.38	0.000179722
1.39	0.000182246
1.4	0.000185032
1.41	0.000187064
1.42	0.000190326
1.43	0.000192803
1.44	0.000195479
1.45	0.000197338
1.46	0.000200365
1.47	0.000202544
1.48	0.00020586
1.49	0.000208299
1.5	0.000210844
1.51	0.00021348
1.52	0.000216193
1.53	0.000218968
1.54	0.000221789
1.55	0.000224642
1.56	0.000227513
1.57	0.000230386
1.58	0.000233247
1.59	0.000236082
1.6	0.000238876
1.61	0.000241615
1.62	0.000245285
1.63	0.000247871
1.64	0.000250359
1.65	0.000253736
1.66	0.000256988
1.67	0.0002601
1.68	0.000263059
1.69	0.000265851
1.7	0.000268463
1.71	0.000271881
1.72	0.000275092
1.73	0.000278082
1.74	0.000280839
1.75	0.000284348
1.76	0.000287597
1.77	0.000290573
1.78	0.000293263
1.79	0.000296653
1.8	0.000299732
1.81	0.000303486
1.82	0.000305904
1.83	0.000309971
1.84	0.000312677
1.85	0.000316007
1.86	0.000318951
1.87	0.000322496
1.88	0.00032563
1.89	0.000329341
1.9	0.000332616
1.91	0.000335445
1.92	0.000338814
1.93	0.000341713
1.94	0.000345129
1.95	0.000349052
1.96	0.000351469
1.97	0.00035537
1.98	0.000358742
1.99	0.000361576
2	0.000364859
2.01	0.00036858
2.02	0.000371729
2.03	0.000375294
2.04	0.000378265
2.05	0.000381631
2.06	0.000385381
2.07	0.000388505
2.08	0.000391992
2.09	0.000394832
2.1	0.000398015
2.11	0.000401529
2.12	0.000405365
2.13	0.000408514
2.14	0.000411964
2.15	0.000414706
2.16	0.00041773
2.17	0.000421026
2.18	0.000424584
2.19	0.000428396
2.2	0.00043145
2.21	0.000434739
2.22	0.000438252
2.23	0.00044098
2.24	0.000443915
2.25	0.000447046
2.26	0.000450364
2.27	0.000453862
2.28	0.000456529
2.29	0.000459357
2.3	0.000462338
2.31	0.000465462
2.32	0.000468721
2.33	0.000472106
2.34	0.00047461
2.35	0.000477223
2.36	0.000479937
2.37	0.000482745
2.38	0.000485638
2.39	0.000488608
2.4	0.000491646
2.41	0.000494746
2.42	0.0004969
2.43	0.000500099
2.44	0.000502336
2.45	0.000504603
2.46	0.000507893
2.47	0.000510199
2.48	0.000513512
2.49	0.000515827
2.5	0.000518135
2.51	0.00052043
2.52	0.000523704
2.53	0.000525951
2.54	0.000528163
2.55	0.000531335
2.56	0.000533458
2.57	0.000536527
2.58	0.000538535
2.59	0.000541475
2.6	0.000544341
2.61	0.000546126
2.62	0.000548825
2.63	0.000551431
2.64	0.000553938
2.65	0.000556339
2.66	0.00055863
2.67	0.000561804
2.68	0.000563854
2.69	0.000566777
2.7	0.000568565
2.71	0.000571213
2.72	0.000573715
2.73	0.000576067
2.74	0.000579263
2.75	0.000581297
2.76	0.000584164
2.77	0.000586859
2.78	0.000589378
2.79	0.000591714
2.8	0.000593863
2.81	0.00059682
2.82	0.00059958
2.83	0.00060214
2.84	0.000604493
2.85	0.000606635
2.86	0.000609562
2.87	0.000612269
2.88	0.000614753
2.89	0.000618008
2.9	0.000620031
2.91	0.000622817
2.92	0.000625362
2.93	0.000627663
2.94	0.000630715
2.95	0.000633514
2.96	0.000636057
2.97	0.00063934
2.98	0.00064136
2.99	0.000644112
3	0.000647593
3.01	0.0006498
3.02	0.000652729
3.03	0.000655378
3.04	0.000657742
3.05	0.000660819
3.06	0.000663606
3.07	0.000667099
3.08	0.000669296
3.09	0.000672194
3.1	0.00067579
3.11	0.000678081
3.12	0.000681064
3.13	0.000683738
3.14	0.000687099
3.15	0.000690145
3.16	0.000692873
3.17	0.000696282
3.18	0.000698369
3.19	0.000702132
3.2	0.000704568
3.21	0.000707677
3.22	0.000710455
3.23	0.0007139
3.24	0.000717012
3.25	0.000719788
3.26	0.000723227
3.27	0.000726326
3.28	0.000729085
3.29	0.000732501
3.3	0.000735574
3.31	0.000739302
3.32	0.000741684
3.33	0.000744718
3.34	0.000748404
3.35	0.00075174
3.36	0.000754726
3.37	0.000758359
3.38	0.000760641
3.39	0.000764569
3.4	0.000767142
3.41	0.000770362
3.42	0.000774225
3.43	0.000777733
3.44	0.000780885
3.45	0.00078368
3.46	0.000787118
3.47	0.000790198
3.48	0.000793921
3.49	0.000797286
3.5	0.000800294
3.51	0.000802944
3.52	0.000806236
3.53	0.000810171
3.54	0.000812749
3.55	0.000816969
3.56	0.000819833
3.57	0.000823341
3.58	0.000826493
3.59	0.00082929
3.6	0.000832732
3.61	0.000835821
3.62	0.000839556
3.63	0.00084294
3.64	0.000845971
3.65	0.000848653
3.66	0.000851985
3.67	0.000854969
3.68	0.000858605
3.69	0.000861896
3.7	0.000864842
3.71	0.000868445
3.72	0.000870707
3.73	0.000874628
3.74	0.00087721
3.75	0.000880456
3.76	0.000883366
3.77	0.000885943
3.78	0.000889188
3.79	0.000892104
3.8	0.000895691
3.81	0.000897953
3.82	0.000900892
3.83	0.000904509
3.84	0.000906808
3.85	0.000909789
3.86	0.000912456
3.87	0.000914812
3.88	0.000917858
3.89	0.000920598
3.9	0.000923034
3.91	0.000926168
3.92	0.000928004
3.93	0.000930545
3.94	0.000933793
3.95	0.000935752
3.96	0.000938424
3.97	0.000940813
3.98	0.000942923
3.99	0.000944756
4	0.000947315
4.01	0.000949605
4.02	0.000951629
4.03	0.00095339
4.04	0.000955892
4.05	0.000957139
4.06	0.000959134
4.07	0.000960882
4.08	0.000962387
4.09	0.000964652
4.1	0.000966682
4.11	0.00096748
4.12	0.000969052
4.13	0.000971401
4.14	0.000972532
4.15	0.000974448
4.16	0.000975156
4.17	0.000976659
4.18	0.000977962
4.19	0.00098007
4.2	0.000980988
4.21	0.00098272
4.22	0.000983272
4.23	0.000984648
4.24	0.000985854
4.25	0.000986894
4.26	0.000988775
4.27	0.000989502
4.28	0.000990079
4.29	0.000991513
4.3	0.000992808
4.31	0.000993971
4.32	0.000995008
4.33	0.000995923
4.34	0.000996724
4.35	0.000997415
4.36	0.000998003
4.37	0.000999494
4.38	0.000999895
4.39	0.00100121
4.4	0.00100145
4.41	0.00100261
4.42	0.00100271
4.43	0.00100375
4.44	0.00100474
4.45	0.00100469
4.46	0.00100559
4.47	0.00100646
4.48	0.00100731
4.49	0.00100714
4.5	0.00100796
4.51	0.00100877
4.52	0.00100959
4.53	0.00100942
4.54	0.00101026
4.55	0.00101114
4.56	0.00101104
4.57	0.00101199
4.58	0.00101198
4.59	0.00101203
4.6	0.00101314
4.61	0.00101333
4.62	0.00101359
4.63	0.00101395
4.64	0.0010144
4.65	0.00101495
4.66	0.00101462
4.67	0.00101541
4.68	0.00101532
4.69	0.00101538
4.7	0.00101558
4.71	0.00101594
4.72	0.00101646
4.73	0.00101616
4.74	0.00101603
4.75	0.0010161
4.76	0.00101637
4.77	0.00101685
4.78	0.00101655
4.79	0.00101647
4.8	0.00101663
4.81	0.00101704
4.82	0.00101671
4.83	0.00101664
4.84	0.00101685
4.85	0.00101734
4.86	0.00101713
4.87	0.00101723
4.88	0.00101664
4.89	0.00101638
4.9	0.00101645
4.91	0.00101687
4.92	0.00101665
4.93	0.00101579
4.94	0.00101632
4.95	0.00101523
4.96	0.00101554
4.97	0.00101526
4.98	0.0010154
4.99	0.00101497
5	0.00101399
5.01	0.00101446
5.02	0.0010134
5.03	0.00101381
5.04	0.00101271
5.05	0.00101311
5.06	0.00101203
5.07	0.00101146
5.08	0.00101143
5.09	0.00101095
5.1	0.00101002
5.11	0.00100966
5.12	0.00100889
5.13	0.00100871
5.14	0.00100813
5.15	0.00100718
5.16	0.00100685
5.17	0.00100617
5.18	0.00100615
5.19	0.00100479
5.2	0.00100412
5.21	0.00100314
5.22	0.00100286
5.23	0.00100231
5.24	0.00100149
5.25	0.00100041
5.26	0.000999096
5.27	0.000998552
5.28	0.000997793
5.29	0.000996834
5.3	0.000995688
5.31	0.000995367
5.32	0.000993887
5.33	0.00099326
5.34	0.0009915
5.35	0.000990622
5.36	0.000989639
5.37	0.000988566
5.38	0.000987416
5.39	0.000986204
5.4	0.000984944
5.41	0.00098365
5.42	0.000982337
5.43	0.00098102
5.44	0.000979713
5.45	0.00097843
5.46	0.000977188
5.47	0.000974999
5.48	0.00097388
5.49	0.000971846
5.5	0.000970911
5.51	0.000969091
5.52	0.0009674
5.53	0.000965855
5.54	0.000964471
5.55	0.000962263
5.56	0.000960246
5.57	0.000958438
5.58	0.000956852
5.59	0.000954505
5.6	0.000953413
5.61	0.000950592
5.62	0.000949058
5.63	0.000946827
5.64	0.000944914
5.65	0.000942338
5.66	0.000940113
5.67	0.000938256
5.68	0.000935783
5.69	0.000933712
5.7	0.000931059
5.71	0.00092884
5.72	0.000926073
5.73	0.000923774
5.74	0.00092096
5.75	0.000918648
5.76	0.000915855
5.77	0.000913599
5.78	0.000909896
5.79	0.000907764
5.8	0.00090422
5.81	0.000901282
5.82	0.000898967
5.83	0.000895293
5.84	0.000892278
5.85	0.000888938
5.86	0.000886292
5.87	0.000882358
5.88	0.000879154
5.89	0.000875698
5.9	0.000872007
5.91	0.0008691
5.92	0.000864995
5.93	0.00086171
5.94	0.000858265
5.95	0.000854676
5.96	0.000851962
5.97	0.000848143
5.98	0.000844236
5.99	0.000841261
6	0.000837236
6.01	0.000834179
6.02	0.00083011
6.03	0.000827048
6.04	0.000823011
6.05	0.000820018
6.06	0.00081609
6.07	0.000812244
6.08	0.000808499
6.09	0.000804877
6.1	0.000801395
6.11	0.000798072
6.12	0.00079393
6.13	0.000789986
6.14	0.00078626
6.15	0.000782773
6.16	0.000778544
6.17	0.000774592
6.18	0.000770937
6.19	0.0007666
6.2	0.000762599
6.21	0.000758956
6.22	0.000754689
6.23	0.00074982
6.24	0.000746368
6.25	0.000741353
6.26	0.000737796
6.27	0.000732716
6.28	0.000728135
6.29	0.000724071
6.3	0.000719547
6.31	0.000715582
6.32	0.000710197
6.33	0.000705413
6.34	0.000701249
6.35	0.000696727
6.36	0.000691867
6.37	0.00068669
6.38	0.000682216
6.39	0.000677468
6.4	0.000672465
6.41	0.000667228
6.42	0.000661778
6.43	0.000657137
6.44	0.000651325
6.45	0.000646363
6.46	0.000641273
6.47	0.000636075
6.48	0.000630791
6.49	0.000625442
6.5	0.000620049
6.51	0.000613634
6.52	0.000608217
6.53	0.00060282
6.54	0.000597465
6.55	0.000591173
6.56	0.000585966
6.57	0.000579864
6.58	0.000573889
6.59	0.000568064
6.6	0.000562408
6.61	0.000555945
6.62	0.000549696
6.63	0.000543682
6.64	0.000537924
6.65	0.000531446
6.66	0.000525268
6.67	0.000519412
6.68	0.0005129
6.69	0.000506754
6.7	0.000499995
6.71	0.000493646
6.72	0.000487728
6.73	0.000481263
6.74	0.000474273
6.75	0.00046778
6.76	0.000460806
6.77	0.000454373
6.78	0.000447502
6.79	0.000441217
6.8	0.000434538
6.81	0.000427488
6.82	0.000421088
6.83	0.000414362
6.84	0.00040733
6.85	0.000400016
6.86	0.00039344
6.87	0.000385625
6.88	0.000379594
6.89	0.000372368
6.9	0.000364969
6.91	0.00035742
6.92	0.000350742
6.93	0.000343958
6.94	0.00033609
6.95	0.00032916
6.96	0.00032219
6.97	0.000315202
6.98	0.000307219
6.99	0.000300261
7	0.000293353
7.01	0.000285515
7.02	0.000277771
7.03	0.000271141
7.04	0.000263648
7.05	0.000256315
7.06	0.000248162
7.07	0.000241214
7.08	0.000233491
7.09	0.000226015
7.1	0.000218809
7.11	0.000210895
7.12	0.000203295
7.13	0.000196031
7.14	0.000189125
7.15	0.000181599
7.16	0.000173475
7.17	0.000165775
7.18	0.000158521
7.19	0.000150735
7.2	0.000143439
7.21	0.000135655
7.22	0.000127404
7.23	0.00012071
7.24	0.000112593
7.25	0.000105076
7.26	9.71801e-05
7.27	8.99275e-05
7.28	8.134e-05
7.29	7.44393e-05
7.3	6.62472e-05
7.31	5.87856e-05
7.32	5.1076e-05
7.33	4.31402e-05
7.34	3.49998e-05
7.35	2.76766e-05
7.36	2.0192e-05
7.37	1.15678e-05
7.38	3.82549e-06
7.39	-4.01344e-06
7.4	-1.09275e-05
7.41	-1.88951e-05
7.42	-2.68949e-05
7.43	-3.49055e-05
7.44	-4.29054e-05
7.45	-5.08734e-05
7.46	-5.87881e-05
7.47	-6.66283e-05
7.48	-7.43727e-05
7.49	-8.20001e-05
7.5	-9.04894e-05
7.51	-9.88194e-05
7.52	-0.000105969
7.53	-0.000113917
7.54	-0.000122643
7.55	-0.000130125
7.56	-0.000138343
7.57	-0.000146276
7.58	-0.000154902
7.59	-0.000163202
7.6	-0.000171154
7.61	-0.000179738
7.62	-0.000187932
7.63	-0.000195717
7.64	-0.000204072
7.65	-0.000212975
7.66	-0.000220408
7.67	-0.000229349
7.68	-0.000237777
7.69	-0.000246673
7.7	-0.000255016
7.71	-0.000263786
7.72	-0.000271963
7.73	-0.000280526
7.74	-0.000289456
7.75	-0.000297732
7.76	-0.000307335
7.77	-0.000316244
7.78	-0.00032444
7.79	-0.000333903
7.8	-0.000342612
7.81	-0.000351549
7.82	-0.000360693
7.83	-0.000370026
7.84	-0.000378527
7.85	-0.000387177
7.86	-0.000395956
7.87	-0.000404845
7.88	-0.000413826
7.89	-0.000422877
7.9	-0.000431981
7.91	-0.000440119
7.92	-0.00044927
7.93	-0.000458417
7.94	-0.000466539
7.95	-0.000475619
7.96	-0.000484637
7.97	-0.000493575
7.98	-0.000502414
7.99	-0.000511135
8	-0.00051972
8.01	-0.00052815
8.02	-0.000537406
8.03	-0.000546471
8.04	-0.000555326
8.05	-0.000563953
8.06	-0.000572334
8.07	-0.00058145
8.08	-0.000590283
8.09	-0.000598816
8.1	-0.00060803
8.11	-0.000616908
8.12	-0.000625432
8.13	-0.000634584
8.14	-0.000643347
8.15	-0.000651702
8.16	-0.000660634
8.17	-0.000669123
8.18	-0.000678153
8.19	-0.000687707
8.2	-0.000695766
8.21	-0.000705315
8.22	-0.000714336
8.23	-0.000722812
8.24	-0.000731726
8.25	-0.000741062
8.26	-0.000749802
8.27	-0.00075893
8.28	-0.000767429
8.29	-0.000776282
8.3	-0.000785474
8.31	-0.000794988
8.32	-0.000803807
8.33	-0.000812916
8.34	-0.000821297
8.35	-0.000830935
8.36	-0.000839815
8.37	-0.000848919
8.38	-0.000857233
8.39	-0.000866739
8.4	-0.000875424
8.41	-0.00088527
8.42	-0.000894263
8.43	-0.000903387
8.44	-0.000911627
8.45	-0.000920967
8.46	-0.000930391
8.47	-0.000939886
8.48	-0.000948435
8.49	-0.000958024
8.5	-0.000966638
8.51	-0.000976262
8.52	-0.000984881
8.53	-0.000994481
8.54	-0.00100405
8.55	-0.00101256
8.56	-0.00102202
8.57	-0.00103139
8.58	-0.00104068
8.59	-0.00104986
8.6	-0.00105892
8.61	-0.00106784
8.62	-0.00107762
8.63	-0.00108723
8.64	-0.00109567
8.65	-0.00110492
8.66	-0.00111497
8.67	-0.0011238
8.68	-0.0011334
8.69	-0.00114275
8.7	-0.00115185
8.71	-0.00116068
8.72	-0.00117023
8.73	-0.00117948
8.74	-0.00118942
8.75	-0.00119803
8.76	-0.00120732
8.77	-0.00121725
8.78	-0.00122683
8.79	-0.00123603
8.8	-0.00124484
8.81	-0.00125426
8.82	-0.00126327
8.83	-0.00127285
8.84	-0.001282
8.85	-0.00129171
8.86	-0.00130095
8.87	-0.00131072
8.88	-0.00132002
8.89	-0.00132881
8.9	-0.0013381
8.91	-0.00134788
8.92	-0.00135712
8.93	-0.00136582
8.94	-0.00137597
8.95	-0.00138456
8.96	-0.00139457
8.97	-0.001404
8.98	-0.00141283
8.99	-0.00142206
9	-0.00143166
9.01	-0.00144064
9.02	-0.00144998
9.03	-0.00145866
9.04	-0.00146869
9.05	-0.00147804
9.06	-0.00148671
9.07	-0.00149569
9.08	-0.00150497
9.09	-0.00151453
9.1	-0.00152337
9.11	-0.00153248
9.12	-0.00154185
9.13	-0.00155046
9.14	-0.00156032
9.15	-0.0015694
9.16	-0.0015777
9.17	-0.00158721
9.18	-0.00159592
9.19	-0.00160482
9.2	-0.0016139
9.21	-0.00162315
9.22	-0.00163257
9.23	-0.00164114
9.24	-0.00164985
9.25	-0.0016587
9.26	-0.00166768
9.27	-0.00167678
9.28	-0.00168499
9.29	-0.0016943
9.3	-0.00170271
9.31	-0.00171219
9.32	-0.00172076
9.33	-0.00172939
9.34	-0.00173809
9.35	-0.00174583
9.36	-0.00175462
9.37	-0.00176345
9.38	-0.0017723
9.39	-0.00178018
9.4	-0.00178907
9.41	-0.00179696
9.42	-0.00180586
9.43	-0.00181374
9.44	-0.0018226
9.45	-0.00183045
9.46	-0.00183826
9.47	-0.00184703
9.48	-0.00185476
9.49	-0.00186343
9.5	-0.00187104
9.51	-0.00187859
9.52	-0.00188707
9.53	-0.00189447
9.54	-0.00190178
9.55	-0.00190999
9.56	-0.00191711
9.57	-0.00192513
9.58	-0.00193303
9.59	-0.00193981
9.6	-0.00194747
9.61	-0.001955
9.62	-0.00196239
9.63	-0.00196964
9.64	-0.00197675
9.65	-0.00198369
9.66	-0.00199048
9.67	-0.00199811
9.68	-0.00200456
9.69	-0.00201184
9.7	-0.00201894
9.71	-0.00202585
9.72	-0.00203257
9.73	-0.00203909
9.74	-0.00204641
9.75	-0.00205352
9.76	-0.00205942
9.77	-0.00206611
9.78	-0.00207357
9.79	-0.0020798
9.8	-0.00208681
9.81	-0.00209257
9.82	-0.0020991
9.83	-0.00210638
9.84	-0.00211242
9.85	-0.0021192
9.86	-0.00212572
9.87	-0.00213198
9.88	-0.00213798
9.89	-0.0021447
9.9	-0.00215115
9.91	-0.00215732
9.92	-0.00216322
9.93	-0.00216982
9.94	-0.00217514
9.95	-0.00218217
9.96	-0.0021879
9.97	-0.00219433
9.98	-0.00220045
9.99	-0.00220628
10	-0.00221279
10.01	-0.00221799
10.02	-0.00222387
10.03	-0.00223044
10.04	-0.00223668
10.05	-0.0022426
10.06	-0.00224819
10.07	-0.00225446
10.08	-0.00226039
10.09	-0.00226598
10.1	-0.00227224
10.11	-0.00227815
10.12	-0.00228373
10.13	-0.00228896
10.14	-0.00229484
10.15	-0.00230137
10.16	-0.00230656
10.17	-0.00231238
10.18	-0.00231786
10.19	-0.00232397
10.2	-0.00232973
10.21	-0.00233512
10.22	-0.00234116
10.23	-0.00234682
10.24	-0.00235213
10.25	-0.00235806
10.26	-0.00236363
10.27	-0.00236883
10.28	-0.00237465
10.29	-0.0023801
10.3	-0.00238618
10.31	-0.00239189
10.32	-0.00239721
10.33	-0.00240216
10.34	-0.00240774
10.35	-0.00241393
10.36	-0.00241875
10.37	-0.00242418
10.38	-0.00243024
10.39	-0.00243591
10.4	-0.00244121
10.41	-0.00244612
10.42	-0.00245165
10.43	-0.00245679
10.44	-0.00246256
10.45	-0.00246794
10.46	-0.00247294
10.47	-0.00247855
10.48	-0.00248378
10.49	-0.00248863
10.5	-0.0024941
10.51	-0.00249919
10.52	-0.00250489
10.53	-0.00251021
10.54	-0.00251515
10.55	-0.00252071
10.56	-0.00252589
10.57	-0.0025307
10.58	-0.00253612
10.59	-0.00254117
10.6	-0.00254584
10.61	-0.00255113
10.62	-0.00255605
10.63	-0.0025606
10.64	-0.00256577
10.65	-0.00257057
10.66	-0.00257601
10.67	-0.00258107
10.68	-0.00258577
10.69	-0.0025911
10.7	-0.00259507
10.71	-0.00260068
10.72	-0.00260493
10.73	-0.00260981
10.74	-0.00261434
10.75	-0.00261952
10.76	-0.00262434
10.77	-0.00262881
10.78	-0.00263294
10.79	-0.00263772
10.8	-0.00264215
10.81	-0.00264624
10.82	-0.00265099
10.83	-0.00265541
10.84	-0.00266049
10.85	-0.00266423
10.86	-0.00266865
10.87	-0.00267275
10.88	-0.00267752
10.89	-0.00268096
10.9	-0.00268509
10.91	-0.00268991
10.92	-0.00269342
10.93	-0.00269761
10.94	-0.0027015
10.95	-0.00270509
10.96	-0.00270938
10.97	-0.00271338
10.98	-0.00271709
10.99	-0.0027205
11	-0.00272464
11.01	-0.00272849
11.02	-0.00273107
11.03	-0.00273537
11.04	-0.0027384
11.05	-0.00274217
11.06	-0.00274568
11.07	-0.00274894
11.08	-0.00275194
11.09	-0.00275469
11.1	-0.0027582
11.11	-0.00276047
11.12	-0.00276351
11.13	-0.00276632
11.14	-0.0027699
11.15	-0.00277226
11.16	-0.0027754
11.17	-0.00277734
11.18	-0.00278007
11.19	-0.0027826
11.2	-0.00278493
11.21	-0.00278707
11.22	-0.00278903
11.23	-0.00279181
11.24	-0.00279342
11.25	-0.00279585
11.26	-0.00279712
11.27	-0.00279924
11.28	-0.0028012
11.29	-0.00280202
11.3	-0.00280369
11.31	-0.00280524
11.32	-0.00280665
11.33	-0.00280794
11.34	-0.00280912
11.35	-0.00281019
11.36	-0.00281115
11.37	-0.00281202
11.38	-0.00281379
11.39	-0.00281448
11.4	-0.0028151
11.41	-0.00281564
11.42	-0.00281712
11.43	-0.00281754
11.44	-0.00281792
11.45	-0.00281824
11.46	-0.00281854
11.47	-0.0028198
11.48	-0.00282005
11.49	-0.00282027
11.5	-0.0028205
11.51	-0.00282072
11.52	-0.00282095
11.53	-0.00282019
11.54	-0.00282046
11.55	-0.00282076
11.56	-0.0028201
11.57	-0.00282049
11.58	-0.00281993
11.59	-0.00281944
11.6	-0.00281901
11.61	-0.00281867
11.62	-0.00281841
11.63	-0.00281825
11.64	-0.00281719
11.65	-0.00281725
11.66	-0.00281643
11.67	-0.00281574
11.68	-0.00281519
11.69	-0.00281379
11.7	-0.00281255
11.71	-0.00281247
11.72	-0.00281057
11.73	-0.00280985
11.74	-0.00280832
11.75	-0.002808
11.76	-0.0028059
11.77	-0.00280501
11.78	-0.00280336
11.79	-0.00280195
11.8	-0.00280079
11.81	-0.00279889
11.82	-0.00279726
11.83	-0.00279592
11.84	-0.00279386
11.85	-0.00279211
11.86	-0.00279067
11.87	-0.00278855
11.88	-0.00278677
11.89	-0.00278532
11.9	-0.00278323
11.91	-0.00278051
11.92	-0.00277916
11.93	-0.0027762
11.94	-0.00277463
11.95	-0.00277147
11.96	-0.00276973
11.97	-0.00276742
11.98	-0.00276455
11.99	-0.00276214
12	-0.00275919
12.01	-0.00275671
12.02	-0.00275372
12.03	-0.00275123
12.04	-0.00274825
12.05	-0.00274579
12.06	-0.00274287
12.07	-0.0027395
12.08	-0.00273668
12.09	-0.00273343
12.1	-0.00273076
12.11	-0.0027277
12.12	-0.00272423
12.13	-0.00272039
12.14	-0.00271718
12.15	-0.00271362
12.16	-0.00271071
12.17	-0.00270647
12.18	-0.00270292
12.19	-0.00269906
12.2	-0.00269592
12.21	-0.00269149
12.22	-0.00268781
12.23	-0.00268387
12.24	-0.00267969
12.25	-0.00267629
12.26	-0.00267168
12.27	-0.00266787
12.28	-0.00266389
12.29	-0.00265973
12.3	-0.00265541
12.31	-0.00265096
12.32	-0.00264637
12.33	-0.00264168
12.34	-0.00263688
12.35	-0.002633
12.36	-0.00262805
12.37	-0.00262305
12.38	-0.002618
12.39	-0.00261392
12.4	-0.00260884
12.41	-0.00260375
12.42	-0.00259869
12.43	-0.00259365
12.44	-0.00258867
12.45	-0.00258274
12.46	-0.0025779
12.47	-0.00257214
12.48	-0.0025675
12.49	-0.00256198
12.5	-0.00255659
12.51	-0.00255037
12.52	-0.00254531
12.53	-0.00253944
12.54	-0.00253377
12.55	-0.00252732
12.56	-0.0025221
12.57	-0.00251613
12.58	-0.00250943
12.59	-0.00250401
12.6	-0.00249789
12.61	-0.00249108
12.62	-0.0024846
12.63	-0.00247847
12.64	-0.00247271
12.65	-0.00246632
12.66	-0.00245934
12.67	-0.00245277
12.68	-0.00244562
12.69	-0.00243893
12.7	-0.0024327
12.71	-0.00242596
12.72	-0.00241871
12.73	-0.00241198
12.74	-0.00240478
12.75	-0.00239714
12.76	-0.00239006
12.77	-0.00238257
12.78	-0.00237568
12.79	-0.00236842
12.8	-0.00236079
12.81	-0.00235282
12.82	-0.00234553
12.83	-0.00233793
12.84	-0.00233004
12.85	-0.00232187
12.86	-0.00231446
12.87	-0.00230681
12.88	-0.00229794
12.89	-0.00228988
12.9	-0.00228164
12.91	-0.00227323
12.92	-0.00226568
12.93	-0.00225701
12.94	-0.00224824
12.95	-0.00223937
12.96	-0.00223044
12.97	-0.00222246
12.98	-0.00221345
12.99	-0.00220443
13	-0.00219542
13.01	-0.00218644
13.02	-0.0021765
13.03	-0.00216763
13.04	-0.00215884
13.05	-0.00214916
13.06	-0.0021396
13.07	-0.00213018
13.08	-0.00212093
13.09	-0.00211186
13.1	-0.002102
13.11	-0.00209235
13.12	-0.00208295
13.13	-0.00207381
13.14	-0.00206395
13.15	-0.00205439
13.16	-0.00204415
13.17	-0.00203426
13.18	-0.00202472
13.19	-0.00201557
13.2	-0.00200482
13.21	-0.0019955
13.22	-0.00198561
13.23	-0.00197519
13.24	-0.00196526
13.25	-0.00195482
13.26	-0.00194491
13.27	-0.00193455
13.28	-0.00192475
13.29	-0.00191454
13.3	-0.00190394
13.31	-0.00189296
13.32	-0.00188263
13.33	-0.00187198
13.34	-0.00186101
13.35	-0.00185075
13.36	-0.00184023
13.37	-0.00182946
13.38	-0.00181847
13.39	-0.00180727
13.4	-0.00179588
13.41	-0.00178534
13.42	-0.00177365
13.43	-0.00176285
13.44	-0.00175095
13.45	-0.00173997
13.46	-0.00172793
13.47	-0.00171686
13.48	-0.00170478
13.49	-0.00169371
13.5	-0.00168166
13.51	-0.00166967
13.52	-0.00165776
13.53	-0.00164593
13.54	-0.00163323
13.55	-0.00162166
13.56	-0.00160926
13.57	-0.00159703
13.58	-0.00158501
13.59	-0.00157222
13.6	-0.00155967
13.61	-0.00154739
13.62	-0.0015344
13.63	-0.00152173
13.64	-0.00150939
13.65	-0.0014964
13.66	-0.0014828
13.67	-0.00147059
13.68	-0.00145681
13.69	-0.00144448
13.7	-0.00143061
13.71	-0.00141723
13.72	-0.00140436
13.73	-0.00139102
13.74	-0.00137724
13.75	-0.00136403
13.76	-0.00135043
13.77	-0.00133645
13.78	-0.00132311
13.79	-0.00130943
13.8	-0.00129545
13.81	-0.00128117
13.82	-0.00126763
13.83	-0.00125385
13.84	-0.00123883
13.85	-0.00122562
13.86	-0.00121123
13.87	-0.00119669
13.88	-0.00118201
13.89	-0.00116822
13.9	-0.00115334
13.91	-0.00113939
13.92	-0.0011244
13.93	-0.00111038
13.94	-0.00109537
13.95	-0.00108038
13.96	-0.00106543
13.97	-0.00105154
13.98	-0.00103575
13.99	-0.00102107
14	-0.00100652
14.01	-0.000991128
14.02	-0.000976913
14.03	-0.000960899
14.04	-0.000946107
14.05	-0.00093156
14.06	-0.000916279
14.07	-0.000900289
14.08	-0.000885609
14.09	-0.000870263
14.1	-0.000855274
14.11	-0.000839662
14.12	-0.00082445
14.13	-0.000808661
14.14	-0.000793317
14.15	-0.000777439
14.16	-0.00076205
14.17	-0.000746172
14.18	-0.000730827
14.19	-0.000715037
14.2	-0.000699824
14.21	-0.00068421
14.22	-0.000668218
14.23	-0.000652869
14.24	-0.000637184
14.25	-0.000621187
14.26	-0.000604899
14.27	-0.000589342
14.28	-0.000573538
14.29	-0.000557508
14.3	-0.000541275
14.31	-0.00052586
14.32	-0.000509285
14.33	-0.000493572
14.34	-0.000477742
14.35	-0.000461818
14.36	-0.00044582
14.37	-0.000429771
14.38	-0.000413692
14.39	-0.000397605
14.4	-0.000381531
14.41	-0.000365491
14.42	-0.000349508
14.43	-0.000332602
14.44	-0.000316795
14.45	-0.000301108
14.46	-0.000284563
14.47	-0.000268181
14.48	-0.000251983
14.49	-0.00023599
14.5	-0.000219224
14.51	-0.000203706
14.52	-0.000186456
14.53	-0.000170496
14.54	-0.000153846
14.55	-0.000137528
14.56	-0.000121563
14.57	-0.000104972
14.58	-8.87746e-05
14.59	-7.19924e-05
14.6	-5.56461e-05
14.61	-3.97562e-05
14.62	-2.33435e-05
14.63	-6.42858e-06
14.64	9.96811e-06
14.65	2.6826e-05
14.66	4.31247e-05
14.67	5.98438e-05
14.68	7.59629e-05
14.69	9.24618e-05
14.7	0.00010932
14.71	0.000125518
14.72	0.000142035
14.73	0.000158851
14.74	0.000175946
14.75	0.0001923
14.76	0.000209894
14.77	0.000225706
14.78	0.000242719
14.79	0.000259911
14.8	0.000277263
14.81	0.000293756
14.82	0.000310369
14.83	0.000328084
14.84	0.000344881
14.85	0.00036174
14.86	0.000378642
14.87	0.000395569
14.88	0.0004135
14.89	0.000430416
14.9	0.000447299
14.91	0.00046513
14.92	0.000482889
14.93	0.000499557
14.94	0.000517116
14.95	0.000534547
14.96	0.000551832
14.97	0.00056995
14.98	0.000586885
14.99	0.000604618
15	0.000622129
15.01	0.000639402
15.02	0.000656416
15.03	0.000673155
15.04	0.0006906
15.05	0.000707732
15.06	0.000725535
15.07	0.000742989
15.08	0.000760078
15.09	0.000776782
15.1	0.000794085
15.11	0.000810969
15.12	0.000828415
15.13	0.000845408
15.14	0.000862928
15.15	0.000879959
15.16	0.000897484
15.17	0.000914484
15.18	0.000931944
15.19	0.000948845
15.2	0.000966172
15.21	0.000982906
15.22	0.00100003
15.23	0.00101753
15.24	0.00103439
15.25	0.00105158
15.26	0.00106911
15.27	0.00108594
15.28	0.00110306
15.29	0.00111945
15.3	0.00113711
15.31	0.001154
15.32	0.00117113
15.33	0.00118846
15.34	0.00120499
15.35	0.00122269
15.36	0.00123956
15.37	0.00125658
15.38	0.00127373
15.39	0.00129099
15.4	0.00130735
15.41	0.0013248
15.42	0.00134132
15.43	0.00135889
15.44	0.0013755
15.45	0.00139313
15.46	0.00140978
15.47	0.00142741
15.48	0.00144403
15.49	0.00146061
15.5	0.00147814
15.51	0.0014946
15.52	0.00151199
15.53	0.00152928
15.54	0.00154646
15.55	0.00156352
15.56	0.00158044
15.57	0.00159722
15.58	0.00161382
15.59	0.00163125
15.6	0.00164749
15.61	0.00166451
15.62	0.00168232
15.63	0.00169889
15.64	0.00171622
15.65	0.00173228
15.66	0.00175007
15.67	0.00176658
15.68	0.00178378
15.69	0.00180066
15.7	0.00181722
15.71	0.00183444
15.72	0.00185131
15.73	0.00186781
15.74	0.00188493
15.75	0.00190166
15.76	0.00191898
15.77	0.00193489
15.78	0.00195237
15.79	0.00196941
15.8	0.00198599
15.81	0.00200311
15.82	0.00201975
15.83	0.00203591
15.84	0.00205256
15.85	0.00206969
15.86	0.00208631
15.87	0.00210338
15.88	0.00211991
15.89	0.00213687
15.9	0.00215327
15.91	0.00217008
15.92	0.0021863
15.93	0.00220291
15.94	0.00221991
15.95	0.00223627
15.96	0.00225301
15.97	0.00226909
15.98	0.00228551
15.99	0.00230226
16	0.00231933
16.01	0.00233571
16.02	0.00235139
16.03	0.00236835
16.04	0.00238459
16.05	0.0024011
16.06	0.00241787
16.07	0.00243388
16.08	0.00245013
16.09	0.00246661
16.1	0.00248231
16.11	0.00249921
16.12	0.00251531
16.13	0.0025316
16.14	0.00254707
16.15	0.0025637
16.16	0.0025795
16.17	0.00259545
16.18	0.00261154
16.19	0.00262777
16.2	0.00264412
16.21	0.00265958
16.22	0.00267515
16.23	0.00269182
16.24	0.00270758
16.25	0.00272341
16.26	0.00273832
16.27	0.00275429
16.28	0.00277032
16.29	0.0027854
16.3	0.00280151
16.31	0.00281665
16.32	0.00283282
16.33	0.002848
16.34	0.00286319
16.35	0.00287837
16.36	0.00289455
16.37	0.00290971
16.38	0.00292485
16.39	0.00293996
16.4	0.00295502
16.41	0.00297005
16.42	0.00298501
16.43	0.00299992
16.44	0.00301476
16.45	0.00302952
16.46	0.00304521
16.47	0.0030598
16.48	0.0030743
16.49	0.0030887
16.5	0.00310299
16.51	0.00311816
16.52	0.00313221
16.53	0.00314714
16.54	0.00316093
16.55	0.00317558
16.56	0.00319008
16.57	0.00320343
16.58	0.00321762
16.59	0.00323165
16.6	0.0032455
16.61	0.00325918
16.62	0.00327268
16.63	0.00328699
16.64	0.00330011
16.65	0.00331402
16.66	0.00332674
16.67	0.00334024
16.68	0.00335353
16.69	0.00336659
16.7	0.00337944
16.71	0.00339305
16.72	0.00340543
16.73	0.00341856
16.74	0.00343146
16.75	0.0034441
16.76	0.00345648
16.77	0.00346861
16.78	0.00348148
16.79	0.00349407
16.8	0.0035064
16.81	0.00351844
16.82	0.00353021
16.83	0.00354269
16.84	0.00355488
16.85	0.00356678
16.86	0.00357938
16.87	0.00359068
16.88	0.00360267
16.89	0.00361436
16.9	0.00362573
16.91	0.00363779
16.92	0.00364952
16.93	0.00366094
16.94	0.00367302
16.95	0.00368378
16.96	0.00369521
16.97	0.00370629
16.98	0.00371804
16.99	0.00372945
17	0.00374051
17.01	0.00375122
17.02	0.00376258
17.03	0.00377358
17.04	0.00378423
17.05	0.00379552
17.06	0.00380645
17.07	0.00381702
17.08	0.00382821
17.09	0.00383904
17.1	0.0038495
17.11	0.00386058
17.12	0.00387129
17.13	0.00388162
17.14	0.00389157
17.15	0.00390213
17.16	0.00391232
17.17	0.00392312
17.18	0.00393353
17.19	0.00394355
17.2	0.00395418
17.21	0.00396442
17.22	0.00397427
17.23	0.00398472
17.24	0.00399478
17.25	0.00400444
17.26	0.0040147
17.27	0.00402456
17.28	0.00403502
17.29	0.00404408
17.3	0.00405474
17.31	0.00406399
17.32	0.00407384
17.33	0.00408328
17.34	0.00409332
17.35	0.00410295
17.36	0.00411218
17.37	0.004122
17.38	0.00413141
17.39	0.00414141
17.4	0.00415001
17.41	0.0041602
17.42	0.00416898
17.43	0.00417835
17.44	0.00418731
17.45	0.00419687
17.46	0.00420602
17.47	0.00421476
17.48	0.00422409
17.49	0.00423302
17.5	0.00424254
17.51	0.00425166
17.52	0.00426037
17.53	0.00426867
17.54	0.00427758
17.55	0.00428707
17.56	0.00429517
17.57	0.00430387
17.58	0.00431316
17.59	0.00432106
17.6	0.00432956
17.61	0.00433866
17.62	0.00434736
17.63	0.00435568
17.64	0.0043636
17.65	0.00437212
17.66	0.00438026
17.67	0.00438901
17.68	0.00439638
17.69	0.00440536
17.7	0.00441295
17.71	0.00442117
17.72	0.00442901
17.73	0.00443747
17.74	0.00444455
17.75	0.00445326
17.76	0.00446061
17.77	0.00446858
17.78	0.00447619
17.79	0.00448343
17.8	0.00449132
17.81	0.00449885
17.82	0.00450602
17.83	0.00451383
17.84	0.0045203
17.85	0.00452842
17.86	0.0045352
17.87	0.00454264
17.88	0.00454974
17.89	0.0045565
17.9	0.00456293
17.91	0.00457004
17.92	0.00457681
17.93	0.00458327
17.94	0.00459041
17.95	0.00459723
17.96	0.00460375
17.97	0.00460995
17.98	0.00461686
17.99	0.00462246
18	0.00462877
18.01	0.00463478
18.02	0.00464151
18.03	0.00464696
18.04	0.00465313
18.05	0.00465902
18.06	0.00466464
18.07	0.00467099
18.08	0.00467609
18.09	0.00468193
18.1	0.00468751
18.11	0.00469285
18.12	0.00469794
18.13	0.0047028
18.14	0.00470842
18.15	0.00471282
18.16	0.00471799
18.17	0.00472295
18.18	0.00472769
18.19	0.00473223
18.2	0.00473656
18.21	0.0047417
18.22	0.00474565
18.23	0.00474941
18.24	0.00475399
18.25	0.0047584
18.26	0.00476165
18.27	0.00476573
18.28	0.00476965
18.29	0.00477343
18.3	0.00477706
18.31	0.00478055
18.32	0.00478291
18.33	0.00478615
18.34	0.00478927
18.35	0.00479228
18.36	0.00479518
18.37	0.00479798
18.38	0.0048007
18.39	0.00480332
18.4	0.00480587
18.41	0.00480735
18.42	0.00480976
18.43	0.00481212
18.44	0.00481343
18.45	0.00481569
18.46	0.00481692
18.47	0.00481813
18.48	0.00482031
18.49	0.00482148
18.5	0.00482264
18.51	0.00482381
18.52	0.00482399
18.53	0.00482519
18.54	0.00482641
18.55	0.00482667
18.56	0.00482797
18.57	0.00482833
18.58	0.00482874
18.59	0.00482922
18.6	0.00482978
18.61	0.00482942
18.62	0.00482916
18.63	0.00483
18.64	0.00482895
18.65	0.00482902
18.66	0.00482921
18.67	0.00482855
18.68	0.00482803
18.69	0.00482767
18.7	0.00482648
18.71	0.00482646
18.72	0.00482562
18.73	0.00482398
18.74	0.00482354
18.75	0.00482232
18.76	0.00482032
18.77	0.00481955
18.78	0.00481802
18.79	0.00481674
18.8	0.00481473
18.81	0.00481299
18.82	0.00481154
18.83	0.00480938
18.84	0.00480752
18.85	0.00480497
18.86	0.00480275
18.87	0.00480087
18.88	0.00479834
18.89	0.00479616
18.9	0.00479334
18.91	0.00479091
18.92	0.00478787
18.93	0.00478523
18.94	0.004782
18.95	0.0047792
18.96	0.00477583
18.97	0.00477191
18.98	0.00476944
18.99	0.00476545
19	0.00476194
19.01	0.00475792
19.02	0.00475441
19.03	0.00475041
19.04	0.00474695
19.05	0.00474302
19.06	0.00473865
19.07	0.00473485
19.08	0.00472962
19.09	0.00472599
19.1	0.00472096
19.11	0.00471655
19.12	0.00471176
19.13	0.00470662
19.14	0.00470213
19.15	0.00469731
19.16	0.00469217
19.17	0.00468673
19.18	0.00468099
19.19	0.00467597
19.2	0.00467069
19.21	0.00466515
19.22	0.00465938
19.23	0.00465338
19.24	0.00464717
19.25	0.00464176
19.26	0.00463517
19.27	0.0046294
19.28	0.00462248
19.29	0.00461642
19.3	0.00461024
19.31	0.00460293
19.32	0.00459653
19.33	0.00459005
19.34	0.0045835
19.35	0.00457589
19.36	0.00456924
19.37	0.00456156
19.38	0.00455487
19.39	0.00454719
19.4	0.00453953
19.41	0.0045319
19.42	0.00452432
19.43	0.00451681
19.44	0.00450937
19.45	0.00450103
19.46	0.00449281
19.47	0.0044847
19.48	0.00447675
19.49	0.00446795
19.5	0.00446032
19.51	0.00445088
19.52	0.00444265
19.53	0.00443364
19.54	0.00442487
19.55	0.00441635
19.56	0.00440711
19.57	0.00439815
19.58	0.00438849
19.59	0.00437916
19.6	0.00437016
19.61	0.00436051
19.62	0.00435124
19.63	0.00434135
19.64	0.00433086
19.65	0.0043218
19.66	0.00431117
19.67	0.004301
19.68	0.0042913
19.69	0.00428109
19.7	0.00427039
19.71	0.00426021
19.72	0.00424957
19.73	0.00423849
19.74	0.00422799
19.75	0.00421708
19.76	0.00420579
19.77	0.00419513
19.78	0.00418311
19.79	0.00417176
19.8	0.0041611
19.81	0.00414914
19.82	0.0041379
19.83	0.00412539
19.84	0.00411365
19.85	0.00410168
19.86	0.00408951
19.87	0.00407814
19.88	0.00406562
19.89	0.00405294
19.9	0.00404113
19.91	0.0040282
19.92	0.00401519
19.93	0.0040031
19.94	0.00398995
19.95	0.00397677
19.96	0.00396357
19.97	0.00395038
19.98	0.0039372
19.99	0.00392407
20	0.00390999
20.01	0.003897
20.02	0.0038831
20.03	0.00386933
20.04	0.00385569
20.05	0.00384121
20.06	0.00382691
20.07	0.0038128
20.08	0.00379792
20.09	0.00378327
20.1	0.00376888
20.11	0.00375477
20.12	0.00373895
20.13	0.00372445
20.14	0.00370929
20.15	0.00369449
20.16	0.00367907
20.17	0.00366305
20.18	0.00364744
20.19	0.00363228
20.2	0.00361657
20.21	0.00360035
20.22	0.00358463
20.23	0.00356943
20.24	0.00355278
20.25	0.00353669
20.26	0.00352118
20.27	0.00350528
20.28	0.00348901
20.29	0.00347238
20.3	0.00345642
20.31	0.00344015
20.32	0.00342359
20.33	0.00340677
20.34	0.0033907
20.35	0.0033734
20.36	0.00335689
20.37	0.00334021
20.38	0.00332336
20.39	0.00330637
20.4	0.00328926
20.41	0.00327206
20.42	0.00325478
20.43	0.00323744
20.44	0.00322007
20.45	0.00320269
20.46	0.00318433
20.47	0.00316699
20.48	0.0031497
20.49	0.0031315
20.5	0.00311339
20.51	0.00309539
20.52	0.00307754
20.53	0.00305885
20.54	0.00304035
20.55	0.00302205
20.56	0.00300299
20.57	0.00298517
20.58	0.00296562
20.59	0.00294737
20.6	0.00292844
20.61	0.00290884
20.62	0.00288961
20.63	0.00287076
20.64	0.00285131
20.65	0.00283229
20.66	0.00281272
20.67	0.00279262
20.68	0.00277302
20.69	0.00275293
20.7	0.00273338
20.71	0.00271339
20.72	0.00269298
20.73	0.00267318
20.74	0.00265201
20.75	0.00263148
20.76	0.00261163
20.77	0.00259047
20.78	0.00257003
20.79	0.00254933
20.8	0.00252839
20.81	0.00250724
20.82	0.00248589
20.83	0.00246537
20.84	0.0024437
20.85	0.00242191
20.86	0.00240101
20.87	0.00237903
20.88	0.00235799
20.89	0.00233592
20.9	0.00231383
20.91	0.00229175
20.92	0.0022707
20.93	0.0022477
20.94	0.00222578
20.95	0.00220395
20.96	0.00218125
20.97	0.00215869
20.98	0.0021363
20.99	0.00211409
21	0.0020911
21.01	0.00206833
21.02	0.00204583
21.03	0.00202259
21.04	0.00199966
21.05	0.00197705
21.06	0.00195379
21.07	0.00193089
21.08	0.00190739
21.09	0.00188429
21.1	0.00186063
21.11	0.00183742
21.12	0.00181369
21.13	0.00179047
21.14	0.00176676
21.15	0.0017426
21.16	0.00171901
21.17	0.00169501
21.18	0.00167162
21.19	0.00164687
21.2	0.00162277
21.21	0.00159935
21.22	0.00157462
21.23	0.00155063
21.24	0.00152637
21.25	0.00150188
21.26	0.00147819
21.27	0.0014533
21.28	0.00142924
21.29	0.00140504
21.3	0.00137971
21.31	0.00135528
21.32	0.00133078
21.33	0.00130621
21.34	0.00128161
21.35	0.00125699
21.36	0.00123238
21.37	0.00120679
21.38	0.00118226
21.39	0.0011568
21.4	0.00113243
21.41	0.00110718
21.42	0.00108206
21.43	0.0010571
21.44	0.00103232
21.45	0.00100675
21.46	0.000981387
21.47	0.000956273
21.48	0.000931423
21.49	0.000905858
21.5	0.0008806
21.51	0.00085567
21.52	0.000830089
21.53	0.000804878
21.54	0.000779058
21.55	0.00075365
21.56	0.000728674
21.57	0.000703153
21.58	0.000677105
21.59	0.000651553
21.6	0.000626517
21.61	0.000601017
21.62	0.000575075
21.63	0.00054971
21.64	0.000523944
21.65	0.000497796
21.66	0.000472287
21.67	0.000446438
21.68	0.000421268
21.69	0.000394799
21.7	0.00036905
21.71	0.000344041
21.72	0.000317792
21.73	0.000292324
21.74	0.000265656
21.75	0.000239809
21.76	0.000213802
21.77	0.000188654
21.78	0.000162387
21.79	0.000136019
21.8	0.000110569
21.81	8.40586e-05
21.82	5.85059e-05
21.83	3.19306e-05
21.84	6.35217e-06
21.85	-2.02101e-05
21.86	-4.5737e-05
21.87	-7.22093e-05
21.88	-9.86079e-05
21.89	-0.000124914
21.9	-0.000151108
21.91	-0.000177171
21.92	-0.000203085
21.93	-0.000229831
21.94	-0.00025639
21.95	-0.000282742
21.96	-0.000308871
21.97	-0.000335757
21.98	-0.000362381
21.99	-0.000388726
22	-0.000414772
22.01	-0.000441503
22.02	-0.000467899
22.03	-0.000494942
22.04	-0.000521615
22.05	-0.000548899
22.06	-0.000575777
22.07	-0.00060223
22.08	-0.000629242
22.09	-0.000655793
22.1	-0.000682867
22.11	-0.000709447
22.12	-0.000736514
22.13	-0.000763051
22.14	-0.000790041
22.15	-0.000816467
22.16	-0.000843311
22.17	-0.000869557
22.18	-0.000896187
22.19	-0.000923184
22.2	-0.000949532
22.21	-0.000976214
22.22	-0.00100321
22.23	-0.00102951
22.24	-0.00105609
22.25	-0.00108294
22.26	-0.00110905
22.27	-0.00113538
22.28	-0.00116194
22.29	-0.00118869
22.3	-0.00121463
22.31	-0.00124175
22.32	-0.00126801
22.33	-0.00129442
22.34	-0.00132095
22.35	-0.00134758
22.36	-0.0013733
22.37	-0.00140011
22.38	-0.00142597
22.39	-0.00145287
22.4	-0.00147881
22.41	-0.00150475
22.42	-0.0015317
22.43	-0.00155763
22.44	-0.00158354
22.45	-0.00161039
22.46	-0.00163618
22.47	-0.0016629
22.48	-0.00168853
22.49	-0.00171506
22.5	-0.00174146
22.51	-0.00176773
22.52	-0.00179385
22.53	-0.00181981
22.54	-0.0018456
22.55	-0.00187219
22.56	-0.00189758
22.57	-0.00192375
22.58	-0.00194969
22.59	-0.00197638
22.6	-0.00200181
22.61	-0.00202797
22.62	-0.00205385
22.63	-0.00208042
22.64	-0.00210568
22.65	-0.00213161
22.66	-0.0021582
22.67	-0.00218344
22.68	-0.00220931
22.69	-0.0022358
22.7	-0.00226091
22.71	-0.0022866
22.72	-0.00231288
22.73	-0.00233873
22.74	-0.00236414
22.75	-0.00239009
22.76	-0.00241557
22.77	-0.00244158
22.78	-0.00246709
22.79	-0.0024931
22.8	-0.0025186
22.81	-0.00254456
22.82	-0.00256999
22.83	-0.00259586
22.84	-0.00262118
22.85	-0.00264691
22.86	-0.00267206
22.87	-0.00269762
22.88	-0.00272356
22.89	-0.00274889
22.9	-0.00277358
22.91	-0.00279963
22.92	-0.00282502
22.93	-0.00284976
22.94	-0.00287581
22.95	-0.00290118
22.96	-0.00292586
22.97	-0.00295082
22.98	-0.00297607
22.99	-0.00300159
23	-0.00302737
23.01	-0.00305241
23.02	-0.00307668
23.03	-0.00310218
23.04	-0.00312691
23.05	-0.00315184
23.06	-0.00317698
23.07	-0.0032023
23.08	-0.00322681
23.09	-0.00325249
23.1	-0.00327733
23.11	-0.00330133
23.12	-0.00332647
23.13	-0.00335074
23.14	-0.00337613
23.15	-0.00340065
23.16	-0.00342527
23.17	-0.00344998
23.18	-0.00347479
23.19	-0.00349867
23.2	-0.00352363
23.21	-0.00354765
23.22	-0.00357272
23.23	-0.00359684
23.24	-0.00362099
23.25	-0.00364517
23.26	-0.00366938
23.27	-0.00369359
23.28	-0.00371782
23.29	-0.00374203
23.3	-0.00376624
23.31	-0.00378942
23.32	-0.00381358
23.33	-0.0038377
23.34	-0.00386178
23.35	-0.00388581
23.36	-0.00390878
23.37	-0.00393269
23.38	-0.00395652
23.39	-0.00398027
23.4	-0.00400394
23.41	-0.00402651
23.42	-0.00404998
23.43	-0.00407335
23.44	-0.0040966
23.45	-0.00411972
23.46	-0.00414372
23.47	-0.00416659
23.48	-0.00418931
23.49	-0.00421288
23.5	-0.0042353
23.51	-0.00425856
23.52	-0.00428066
23.53	-0.00430358
23.54	-0.00432632
23.55	-0.00434888
23.56	-0.00437124
23.57	-0.00439341
23.58	-0.00441637
23.59	-0.00443813
23.6	-0.00446067
23.61	-0.004483
23.62	-0.0045041
23.63	-0.00452696
23.64	-0.00454859
23.65	-0.00456999
23.66	-0.00459213
23.67	-0.00461302
23.68	-0.00463466
23.69	-0.00465604
23.7	-0.00467714
23.71	-0.00469898
23.72	-0.00471954
23.73	-0.00474083
23.74	-0.00476182
23.75	-0.00478253
23.76	-0.00480294
23.77	-0.00482405
23.78	-0.00484486
23.79	-0.00486437
23.8	-0.00488456
23.81	-0.00490544
23.82	-0.004925
23.83	-0.00494523
23.84	-0.00496514
23.85	-0.00498471
23.86	-0.00500395
23.87	-0.00502386
23.88	-0.00504342
23.89	-0.00506263
23.9	-0.0050815
23.91	-0.00510001
23.92	-0.00511917
23.93	-0.00513797
23.94	-0.00515741
23.95	-0.00517548
23.96	-0.00519418
23.97	-0.00521251
23.98	-0.00523147
23.99	-0.00524905
24	-0.00526725
24.01	-0.00528607
24.02	-0.0053035
24.03	-0.00532155
24.04	-0.00533921
24.05	-0.00535747
24.06	-0.00537534
24.07	-0.00539281
24.08	-0.00540988
24.09	-0.00542755
24.1	-0.00544482
24.11	-0.00546268
24.12	-0.00547914
24.13	-0.00549619
24.14	-0.00551382
24.15	-0.00553004
24.16	-0.00554685
24.17	-0.00556424
24.18	-0.00558022
24.19	-0.00559677
24.2	-0.00561391
24.21	-0.00563062
24.22	-0.00564691
24.23	-0.00566278
24.24	-0.00567922
24.25	-0.00569524
24.26	-0.00571083
24.27	-0.00572699
24.28	-0.00574272
24.29	-0.00575903
24.3	-0.0057749
24.31	-0.00579034
24.32	-0.00580635
24.33	-0.00582193
24.34	-0.00583708
24.35	-0.00585279
24.36	-0.00586807
24.37	-0.00588292
24.38	-0.00589834
24.39	-0.00591332
24.4	-0.00592787
24.41	-0.00594299
24.42	-0.00595767
24.43	-0.00597292
24.44	-0.00598773
24.45	-0.00600212
24.46	-0.00601707
24.47	-0.00603159
24.48	-0.00604568
24.49	-0.00606034
24.5	-0.00607457
24.51	-0.00608838
24.52	-0.00610275
24.53	-0.0061167
24.54	-0.00613122
24.55	-0.00614531
24.56	-0.00615898
24.57	-0.00617223
24.58	-0.00618606
24.59	-0.00620046
24.6	-0.00621345
24.61	-0.00622702
24.62	-0.00624017
24.63	-0.00625391
24.64	-0.00626723
24.65	-0.00628015
24.66	-0.00629365
24.67	-0.00630675
24.68	-0.00631944
24.69	-0.00633273
24.7	-0.00634561
24.71	-0.0063581
24.72	-0.00637119
24.73	-0.00638288
24.74	-0.00639618
24.75	-0.00640809
24.76	-0.00642061
24.77	-0.00643275
24.78	-0.0064455
24.79	-0.00645688
24.8	-0.00646887
24.81	-0.00648149
24.82	-0.00649274
24.83	-0.00650462
24.84	-0.00651714
24.85	-0.00652829
24.86	-0.00654008
24.87	-0.00655152
24.88	-0.0065626
24.89	-0.00657433
24.9	-0.00658472
24.91	-0.00659577
24.92	-0.00660747
24.93	-0.00661784
24.94	-0.00662888
24.95	-0.00663959
24.96	-0.00664998
24.97	-0.00666104
24.98	-0.00667179
24.99	-0.00668223
25	-0.00669236
25.01	-0.00670219
25.02	-0.00671272
25.03	-0.00672195
25.04	-0.00673189
25.05	-0.00674155
25.06	-0.00675192
25.07	-0.00676102
25.08	-0.00677085
25.09	-0.00678041
25.1	-0.0067897
25.11	-0.00679874
25.12	-0.00680753
25.13	-0.00681707
25.14	-0.00682537
25.15	-0.00683443
25.16	-0.00684326
25.17	-0.00685087
25.18	-0.00685925
25.19	-0.00686842
25.2	-0.00687638
25.21	-0.00688414
25.22	-0.0068927
25.23	-0.00690006
25.24	-0.00690724
25.25	-0.00691524
25.26	-0.00692307
25.27	-0.00692973
25.28	-0.00693723
25.29	-0.00694457
25.3	-0.00695176
25.31	-0.00695781
25.32	-0.00696473
25.33	-0.00697152
25.34	-0.00697818
25.35	-0.00698473
25.36	-0.00699017
25.37	-0.0069965
25.38	-0.00700275
25.39	-0.0070079
25.4	-0.00701397
25.41	-0.00701897
25.42	-0.00702491
25.43	-0.00702978
25.44	-0.00703461
25.45	-0.00703939
25.46	-0.00704413
25.47	-0.00704884
25.48	-0.00705354
25.49	-0.00705822
25.5	-0.0070619
25.51	-0.00706658
25.52	-0.00707027
25.53	-0.00707398
25.54	-0.00707672
25.55	-0.00708049
25.56	-0.00708331
25.57	-0.00708718
25.58	-0.00709012
25.59	-0.00709212
25.6	-0.0070952
25.61	-0.00709737
25.62	-0.00709964
25.63	-0.00710201
25.64	-0.0071035
25.65	-0.00710511
25.66	-0.00710685
25.67	-0.00710874
25.68	-0.00710978
25.69	-0.00711098
25.7	-0.00711135
25.71	-0.0071119
25.72	-0.00711264
25.73	-0.00711358
25.74	-0.00711373
25.75	-0.0071141
25.76	-0.0071147
25.77	-0.00711454
25.78	-0.00711463
25.79	-0.00711398
25.8	-0.0071136
25.81	-0.0071135
25.82	-0.0071127
25.83	-0.00711219
25.84	-0.007111
25.85	-0.00711014
25.86	-0.0071086
25.87	-0.00710742
25.88	-0.00710559
25.89	-0.00710413
25.9	-0.00710204
25.91	-0.00710035
25.92	-0.00709806
25.93	-0.00709618
25.94	-0.00709373
25.95	-0.00709172
25.96	-0.00708915
25.97	-0.00708604
25.98	-0.0070834
25.99	-0.00708025
26	-0.00707659
26.01	-0.00707344
26.02	-0.00706981
26.03	-0.00706671
26.04	-0.00706216
26.05	-0.00705817
26.06	-0.00705474
26.07	-0.00704989
26.08	-0.00704565
26.09	-0.007042
26.1	-0.00703698
26.11	-0.0070316
26.12	-0.00702686
26.13	-0.00702178
26.14	-0.00701637
26.15	-0.00701165
26.16	-0.00700562
26.17	-0.00700032
26.18	-0.00699473
26.19	-0.00698889
26.2	-0.0069828
26.21	-0.00697648
26.22	-0.00696994
26.23	-0.0069632
26.24	-0.00695627
26.25	-0.00694916
26.26	-0.00694288
26.27	-0.00693547
26.28	-0.00692791
26.29	-0.00692024
26.3	-0.00691346
26.31	-0.0069056
26.32	-0.00689766
26.33	-0.00688965
26.34	-0.00688161
26.35	-0.00687253
26.36	-0.00686444
26.37	-0.00685534
26.38	-0.00684726
26.39	-0.00683821
26.4	-0.00682921
26.41	-0.00681927
26.42	-0.0068104
26.43	-0.00680063
26.44	-0.00679096
26.45	-0.00678142
26.46	-0.00677101
26.47	-0.00676077
26.48	-0.00675069
26.49	-0.0067408
26.5	-0.00673011
26.51	-0.00671964
26.52	-0.00670841
26.53	-0.00669743
26.54	-0.00668672
26.55	-0.0066753
26.56	-0.00666417
26.57	-0.00665237
26.58	-0.0066409
26.59	-0.00662878
26.6	-0.00661704
26.61	-0.00660468
26.62	-0.00659172
26.63	-0.00658018
26.64	-0.00656708
26.65	-0.00655443
26.66	-0.00654126
26.67	-0.00652858
26.68	-0.0065154
26.69	-0.00650175
26.7	-0.00648864
26.71	-0.0064751
26.72	-0.00646113
26.73	-0.00644776
26.74	-0.006433
26.75	-0.00641887
26.76	-0.00640539
26.77	-0.00639058
26.78	-0.00637546
26.79	-0.00636105
26.8	-0.00634635
26.81	-0.0063314
26.82	-0.00631621
26.83	-0.0063008
26.84	-0.00628519
26.85	-0.00626939
26.86	-0.00625443
26.87	-0.00623832
26.88	-0.00622208
26.89	-0.00620574
26.9	-0.00618931
26.91	-0.00617381
26.92	-0.00615726
26.93	-0.00613967
26.94	-0.00612308
26.95	-0.00610649
26.96	-0.00608893
26.97	-0.00607142
26.98	-0.00605497
26.99	-0.00603661
27	-0.00601935
27.01	-0.00600122
27.02	-0.00598323
27.03	-0.00596541
27.04	-0.00594677
27.05	-0.00592834
27.06	-0.00591014
27.07	-0.00589117
27.08	-0.00587248
27.09	-0.00585407
27.1	-0.00583496
27.11	-0.00581518
27.12	-0.00579575
27.13	-0.00577669
27.14	-0.00575701
27.15	-0.00573674
27.16	-0.0057169
27.17	-0.0056965
27.18	-0.00567658
27.19	-0.00565615
27.2	-0.00563623
27.21	-0.00561484
27.22	-0.00559401
27.23	-0.00557375
27.24	-0.00555209
27.25	-0.00553104
27.26	-0.00550963
27.27	-0.00548788
27.28	-0.00546681
27.29	-0.00544444
27.3	-0.00542279
27.31	-0.00539989
27.32	-0.00537775
27.33	-0.0053554
27.34	-0.00533285
27.35	-0.00531014
27.36	-0.00528727
27.37	-0.00526428
27.38	-0.00524119
27.39	-0.005218
27.4	-0.00519376
27.41	-0.00517048
27.42	-0.00514617
27.43	-0.00512187
27.44	-0.0050986
27.45	-0.00507337
27.46	-0.00504921
27.47	-0.00502514
27.48	-0.00500018
27.49	-0.00497535
27.5	-0.00495068
27.51	-0.00492619
27.52	-0.0049009
27.53	-0.00487584
27.54	-0.00485102
27.55	-0.00482546
27.56	-0.00480019
27.57	-0.00477524
27.58	-0.00474961
27.59	-0.00472435
27.6	-0.00469846
27.61	-0.00467297
27.62	-0.0046469
27.63	-0.00462028
27.64	-0.00459413
27.65	-0.00456846
27.66	-0.00454131
27.67	-0.00451569
27.68	-0.00448863
27.69	-0.00446215
27.7	-0.00443527
27.71	-0.00440801
27.72	-0.0043814
27.73	-0.00435446
27.74	-0.00432622
27.75	-0.00429968
27.76	-0.00427188
27.77	-0.00424385
27.78	-0.00421659
27.79	-0.00418814
27.8	-0.00416051
27.81	-0.00413274
27.82	-0.00410383
27.83	-0.00407582
27.84	-0.00404673
27.85	-0.00401858
27.86	-0.00398939
27.87	-0.00396119
27.88	-0.00393199
27.89	-0.00390283
27.9	-0.00387371
27.91	-0.00384468
27.92	-0.00381474
27.93	-0.00378492
27.94	-0.00375524
27.95	-0.00372573
27.96	-0.00369541
27.97	-0.0036653
27.98	-0.00363542
27.99	-0.0036048
28	-0.00357446
28.01	-0.00354442
28.02	-0.0035137
28.03	-0.00348233
28.04	-0.00345133
28.05	-0.00342072
28.06	-0.00338952
28.07	-0.00335876
28.08	-0.00332746
28.09	-0.00329564
28.1	-0.00326432
28.11	-0.00323253
28.12	-0.00320028
28.13	-0.00316861
28.14	-0.00313653
28.15	-0.00310407
28.16	-0.00307224
28.17	-0.00304007
28.18	-0.00300759
28.19	-0.00297481
28.2	-0.00294275
28.21	-0.00290945
28.22	-0.00287691
28.23	-0.00284417
28.24	-0.00281125
28.25	-0.00277816
28.26	-0.00274493
28.27	-0.00271159
28.28	-0.00267814
28.29	-0.00264462
28.3	-0.00261105
28.31	-0.00257745
28.32	-0.00254384
28.33	-0.00250924
28.34	-0.00247568
28.35	-0.00244118
28.36	-0.00240775
28.37	-0.00237342
28.38	-0.00233922
28.39	-0.00230515
28.4	-0.00227026
28.41	-0.00223555
28.42	-0.00220104
28.43	-0.00216677
28.44	-0.00213175
28.45	-0.002097
28.46	-0.00206254
28.47	-0.0020274
28.48	-0.0019926
28.49	-0.00195715
28.5	-0.00192208
28.51	-0.00188741
28.52	-0.00185216
28.53	-0.00181636
28.54	-0.00178102
28.55	-0.00174516
28.56	-0.0017098
28.57	-0.00167497
28.58	-0.00163869
28.59	-0.00160297
28.6	-0.00156785
28.61	-0.00153133
28.62	-0.00149644
28.63	-0.0014602
28.64	-0.00142463
28.65	-0.00138875
28.66	-0.00135258
28.67	-0.00131614
28.68	-0.00128045
28.69	-0.00124354
28.7	-0.00120741
28.71	-0.0011711
28.72	-0.00113562
28.73	-0.001099
28.74	-0.00106224
28.75	-0.00102638
28.76	-0.000989424
28.77	-0.000953403
28.78	-0.000917333
28.79	-0.000880234
28.8	-0.000844125
28.81	-0.000807025
28.82	-0.000770955
28.83	-0.000733932
28.84	-0.000697978
28.85	-0.00066111
28.86	-0.000624349
28.87	-0.000587713
28.88	-0.000550221
28.89	-0.000513892
28.9	-0.000476746
28.91	-0.000439801
28.92	-0.000403075
28.93	-0.000366588
28.94	-0.000329358
28.95	-0.000292404
28.96	-0.000255744
28.97	-0.000218397
28.98	-0.000181381
28.99	-0.000144714
29	-0.000107414
29.01	-7.05007e-05
29.02	-3.39908e-05
29.03	3.0973e-06
29.04	4.07457e-05
29.05	7.79365e-05
29.06	0.000114652
29.07	0.000151874
29.08	0.000189586
29.09	0.000226769
29.1	0.000263406
29.11	0.000300481
29.12	0.000337974
29.13	0.00037487
29.14	0.000412151
29.15	0.0004498
29.16	0.000486799
29.17	0.000524132
29.18	0.000561782
29.19	0.000598733
29.2	0.000635966
29.21	0.000673467
29.22	0.000711217
29.23	0.000748201
29.24	0.000786403
29.25	0.000823805
29.26	0.000861392
29.27	0.000898147
29.28	0.000936054
29.29	0.000973098
29.3	0.00101126
29.31	0.00104853
29.32	0.00108589
29.33	0.00112432
29.34	0.00116181
29.35	0.00119933
29.36	0.00123689
29.37	0.00127446
29.38	0.00131102
29.39	0.00134856
29.4	0.00138607
29.41	0.00142352
29.42	0.00146092
29.43	0.00149823
29.44	0.00153545
29.45	0.00157256
29.46	0.00160954
29.47	0.00164739
29.48	0.00168408
29.49	0.00172161
29.5	0.00175895
29.51	0.0017951
29.52	0.00183204
29.53	0.00186975
29.54	0.00190623
29.55	0.00194345
29.56	0.00198041
29.57	0.00201709
29.58	0.00205347
29.59	0.00209055
29.6	0.00212731
29.61	0.00216373
29.62	0.00220081
29.63	0.00223752
29.64	0.00227387
29.65	0.00231082
29.66	0.00234738
29.67	0.00238352
29.68	0.00242024
29.69	0.00245652
29.7	0.00249335
29.71	0.00252972
29.72	0.00256561
29.73	0.00260201
29.74	0.00263791
29.75	0.0026743
29.76	0.00271116
29.77	0.00274749
29.78	0.00278326
29.79	0.00281948
29.8	0.00285512
29.81	0.00289118
29.82	0.00292765
29.83	0.0029635
29.84	0.00299974
29.85	0.00303534
29.86	0.00307131
29.87	0.00310662
29.88	0.00314226
29.89	0.00317824
29.9	0.00321452
29.91	0.00325011
29.92	0.00328599
29.93	0.00332115
29.94	0.00335658
29.95	0.00339227
29.96	0.00342821
29.97	0.00346339
29.98	0.0034988
29.99	0.00353443
30	0.00356926
30.01	0.0036043
30.02	0.00363952
30.03	0.00367492
30.04	0.00371049
30.05	0.00374522
30.06	0.00378009
30.07	0.00381511
30.08	0.00385026
30.09	0.00388552
30.1	0.0039209
30.11	0.00395538
30.12	0.00398996
30.13	0.00402461
30.14	0.00405935
30.15	0.00409415
30.16	0.004129
30.17	0.0041639
30.18	0.00419885
30.19	0.00423282
30.2	0.00426782
30.21	0.00430183
30.22	0.00433585
30.23	0.00437086
30.24	0.00440486
30.25	0.00443885
30.26	0.0044728
30.27	0.00450772
30.28	0.0045416
30.29	0.00457543
30.3	0.0046092
30.31	0.0046429
30.32	0.00467753
30.33	0.00471108
30.34	0.00474454
30.35	0.0047789
30.36	0.00481216
30.37	0.00484532
30.38	0.00487935
30.39	0.00491326
30.4	0.00494603
30.41	0.00497967
30.42	0.00501316
30.43	0.00504651
30.44	0.00507969
30.45	0.00511271
30.46	0.00514555
30.47	0.00517822
30.48	0.00521171
30.49	0.005244
30.5	0.0052771
30.51	0.00530999
30.52	0.00534267
30.53	0.00537514
30.54	0.00540739
30.55	0.00543942
30.56	0.00547221
30.57	0.00550476
30.58	0.00553707
30.59	0.00556913
30.6	0.00560093
30.61	0.00563248
30.62	0.00566476
30.63	0.00569677
30.64	0.0057285
30.65	0.00575996
30.66	0.00579213
30.67	0.005823
30.68	0.00585459
30.69	0.00588587
30.7	0.00591685
30.71	0.00594852
30.72	0.00597987
30.73	0.00601091
30.74	0.00604162
30.75	0.00607201
30.76	0.00610307
30.77	0.00613379
30.78	0.00616417
30.79	0.0061942
30.8	0.00622489
30.81	0.00625523
30.82	0.00628521
30.83	0.00631483
30.84	0.00634509
30.85	0.00637498
30.86	0.00640451
30.87	0.00643366
30.88	0.00646343
30.89	0.00649282
30.9	0.00652183
30.91	0.00655145
30.92	0.00658069
30.93	0.00660953
30.94	0.00663797
30.95	0.00666701
30.96	0.00669466
30.97	0.0067239
30.98	0.00675173
30.99	0.00678015
31	0.00680816
31.01	0.00683576
31.02	0.00686394
31.03	0.0068907
31.04	0.00691903
31.05	0.00694595
31.06	0.00697343
31.07	0.00699949
31.08	0.00702712
31.09	0.00705332
31.1	0.00708008
31.11	0.00710641
31.12	0.0071323
31.13	0.00715875
31.14	0.00718476
31.15	0.00721032
31.16	0.00723645
31.17	0.00726212
31.18	0.00728736
31.19	0.00731214
31.2	0.00733747
31.21	0.00736236
31.22	0.00738679
31.23	0.00741178
31.24	0.0074363
31.25	0.00746138
31.26	0.007485
31.27	0.00750917
31.28	0.00753388
31.29	0.00755713
31.3	0.00758093
31.31	0.00760527
31.32	0.00762815
31.33	0.00765157
31.34	0.00767453
31.35	0.00769804
31.36	0.00772109
31.37	0.00774368
31.38	0.00776681
31.39	0.00778948
31.4	0.0078117
31.41	0.00783445
31.42	0.00785675
31.43	0.00787859
31.44	0.00790098
31.45	0.00792291
31.46	0.00794438
31.47	0.0079664
31.48	0.00798796
31.49	0.00800907
31.5	0.00803073
31.51	0.00805193
31.52	0.00807269
31.53	0.008094
31.54	0.00811485
31.55	0.00813526
31.56	0.00815623
31.57	0.00817674
31.58	0.00819682
31.59	0.00821745
31.6	0.00823765
31.61	0.0082574
31.62	0.00827772
31.63	0.0082976
31.64	0.00831705
31.65	0.00833707
31.66	0.00835666
31.67	0.00837582
31.68	0.00839455
31.69	0.00841387
31.7	0.00843276
31.71	0.00845223
31.72	0.00847129
31.73	0.00848993
31.74	0.00850816
31.75	0.00852698
31.76	0.0085454
31.77	0.00856341
31.78	0.00858102
31.79	0.00859923
31.8	0.00861705
31.81	0.00863548
31.82	0.00865252
31.83	0.00867017
31.84	0.00868744
31.85	0.00870533
31.86	0.00872185
31.87	0.00873899
31.88	0.00875677
31.89	0.00877318
31.9	0.00879022
31.91	0.00880691
31.92	0.00882325
31.93	0.00883923
31.94	0.00885587
31.95	0.00887217
31.96	0.00888813
31.97	0.00890375
31.98	0.00891905
31.99	0.00893502
32	0.00895066
32.01	0.00896599
32.02	0.00898101
32.03	0.00899672
32.04	0.00901113
32.05	0.00902624
32.06	0.00904105
32.07	0.00905558
32.08	0.00907082
32.09	0.00908479
32.1	0.00909948
32.11	0.0091129
32.12	0.00912706
32.13	0.00914096
32.14	0.00915461
32.15	0.00916901
32.16	0.00918217
32.17	0.00919509
32.18	0.00920878
32.19	0.00922225
32.2	0.0092345
32.21	0.00924754
32.22	0.00926037
32.23	0.009273
32.24	0.00928544
32.25	0.00929769
32.26	0.00930975
32.27	0.00932164
32.28	0.00933336
32.29	0.00934492
32.3	0.00935632
32.31	0.00936757
32.32	0.00937868
32.33	0.00939066
32.34	0.0094015
32.35	0.00941222
32.36	0.00942283
32.37	0.00943333
32.38	0.00944373
32.39	0.00945404
32.4	0.00946326
32.41	0.00947341
32.42	0.00948348
32.43	0.00949249
32.44	0.00950244
32.45	0.00951135
32.46	0.00952021
32.47	0.00952904
32.48	0.00953785
32.49	0.00954665
32.5	0.00955544
32.51	0.00956322
32.52	0.00957202
32.53	0.00957983
32.54	0.00958667
32.55	0.00959454
32.56	0.00960246
32.57	0.00960943
32.58	0.00961646
32.59	0.00962356
32.6	0.00962973
32.61	0.009636
32.62	0.00964236
32.63	0.00964882
32.64	0.00965441
32.65	0.00966011
32.66	0.00966595
32.67	0.00967194
32.68	0.00967708
32.69	0.00968138
32.7	0.00968685
32.71	0.0096915
32.72	0.00969535
32.73	0.0097004
32.74	0.00970367
32.75	0.00970815
32.76	0.00971187
32.77	0.00971483
32.78	0.00971805
32.79	0.00972153
32.8	0.00972429
32.81	0.00972633
32.82	0.00972867
32.83	0.00973132
32.84	0.00973328
32.85	0.00973558
32.86	0.00973722
32.87	0.0097382
32.88	0.00973955
32.89	0.00974028
32.9	0.00974139
32.91	0.0097409
32.92	0.00974182
32.93	0.00974216
32.94	0.00974193
32.95	0.00974114
32.96	0.00974082
32.97	0.00973996
32.98	0.00973858
32.99	0.0097377
33	0.00973532
33.01	0.00973346
33.02	0.00973212
33.03	0.00972933
33.04	0.0097271
33.05	0.00972443
33.06	0.00972135
33.07	0.00971886
33.08	0.00971597
33.09	0.00971271
33.1	0.00970908
33.11	0.00970509
33.12	0.00970177
33.13	0.00969711
33.14	0.00969314
33.15	0.00968888
33.16	0.00968432
33.17	0.0096795
33.18	0.00967441
33.19	0.00966908
33.2	0.00966352
33.21	0.00965774
33.22	0.00965176
33.23	0.00964659
33.24	0.00964025
33.25	0.00963374
33.26	0.00962709
33.27	0.00962031
33.28	0.00961342
33.29	0.00960642
33.3	0.00959834
33.31	0.00959118
33.32	0.00958297
33.33	0.00957572
33.34	0.00956743
33.35	0.00955914
33.36	0.00954986
33.37	0.00954159
33.38	0.00953235
33.39	0.00952317
33.4	0.00951405
33.41	0.00950402
33.42	0.00949408
33.43	0.00948426
33.44	0.00947356
33.45	0.00946302
33.46	0.00945263
33.47	0.00944142
33.48	0.00943041
33.49	0.0094196
33.5	0.00940802
33.51	0.00939569
33.52	0.00938462
33.53	0.00937182
33.54	0.00935931
33.55	0.00934712
33.56	0.00933426
33.57	0.00932073
33.58	0.00930757
33.59	0.00929479
33.6	0.0092814
33.61	0.00926743
33.62	0.00925289
33.63	0.00923879
33.64	0.00922416
33.65	0.00921002
33.66	0.00919437
33.67	0.00917924
33.68	0.00916465
33.69	0.00914861
33.7	0.00913314
33.71	0.00911727
33.72	0.009101
33.73	0.00908436
33.74	0.00906836
33.75	0.00905103
33.76	0.00903438
33.77	0.00901642
33.78	0.00899919
33.79	0.00898169
33.8	0.00896395
33.81	0.00894598
33.82	0.00892781
33.83	0.00890945
33.84	0.00889092
33.85	0.00887224
33.86	0.00885243
33.87	0.0088335
33.88	0.00881349
33.89	0.0087944
33.9	0.00877426
33.91	0.00875408
33.92	0.00873389
33.93	0.00871371
33.94	0.00869254
33.95	0.00867243
33.96	0.00865137
33.97	0.0086294
33.98	0.00860854
33.99	0.00858679
34	0.00856519
34.01	0.00854276
34.02	0.0085205
34.03	0.00849745
34.04	0.00847563
34.05	0.00845205
34.06	0.00842973
34.07	0.0084067
34.08	0.00838297
34.09	0.00835957
34.1	0.00833552
34.11	0.00831183
34.12	0.00828753
34.13	0.00826264
34.14	0.00823818
34.15	0.00821317
34.16	0.00818863
34.17	0.00816358
34.18	0.00813804
34.19	0.00811304
34.2	0.00808659
34.21	0.00806072
34.22	0.00803545
34.23	0.0080088
34.24	0.00798278
34.25	0.00795643
34.26	0.00792875
34.27	0.00790179
34.28	0.00787554
34.29	0.00784805
34.3	0.00782032
34.31	0.00779238
34.32	0.00776526
34.33	0.00773697
34.34	0.00770853
34.35	0.00767997
34.36	0.0076513
34.37	0.00762256
34.38	0.00759376
34.39	0.00756493
34.4	0.00753608
34.41	0.00750623
34.42	0.00747642
34.43	0.00744666
34.44	0.00741697
34.45	0.00738638
34.46	0.00735691
34.47	0.00732557
34.48	0.0072954
34.49	0.00726442
34.5	0.00723364
34.51	0.00720209
34.52	0.00717079
34.53	0.00713977
34.54	0.00710804
34.55	0.00707563
34.56	0.00704356
34.57	0.00701186
34.58	0.00697954
34.59	0.00694662
34.6	0.00691414
34.61	0.00688112
34.62	0.00684756
34.63	0.00681451
34.64	0.00678098
34.65	0.00674799
34.66	0.00671357
34.67	0.00667973
34.68	0.00664551
34.69	0.00661092
34.7	0.00657699
34.71	0.00654173
34.72	0.00650718
34.73	0.00647235
34.74	0.00643727
34.75	0.00640196
34.76	0.00636545
34.77	0.00632974
34.78	0.00629388
34.79	0.00625788
34.8	0.00622176
34.81	0.00618554
34.82	0.00614826
34.83	0.00611193
34.84	0.00607457
34.85	0.00603721
34.86	0.00599987
34.87	0.00596157
34.88	0.00592434
34.89	0.0058862
34.9	0.00584816
34.91	0.00581027
34.92	0.00577152
34.93	0.00573396
34.94	0.0056956
34.95	0.00565647
34.96	0.00561858
34.97	0.00557896
34.98	0.00554063
34.99	0.00550162
35	0.00546195
35.01	0.00542264
35.02	0.00538372
35.03	0.0053442
35.04	0.00530511
35.05	0.00526547
35.06	0.0052253
35.07	0.00518563
35.08	0.00514548
35.09	0.00510487
35.1	0.00506483
35.11	0.00502437
35.12	0.00498352
35.13	0.00494331
35.14	0.00490175
35.15	0.00486086
35.16	0.00481968
35.17	0.00477921
35.18	0.00473749
35.19	0.00469554
35.2	0.00465437
35.21	0.00461302
35.22	0.0045705
35.23	0.00452883
35.24	0.00448704
35.25	0.00444415
35.26	0.00440218
35.27	0.00436016
35.28	0.0043171
35.29	0.00427403
35.3	0.00423197
35.31	0.00418894
35.32	0.00414597
35.33	0.00410207
35.34	0.00405927
35.35	0.00401559
35.36	0.00397205
35.37	0.00392867
35.38	0.00388448
35.39	0.0038405
35.4	0.00379674
35.41	0.00375223
35.42	0.00370799
35.43	0.00366405
35.44	0.00361942
35.45	0.00357413
35.46	0.00353019
35.47	0.00348463
35.48	0.00344047
35.49	0.00339473
35.5	0.00334944
35.51	0.00330461
35.52	0.00325926
35.53	0.00321342
35.54	0.0031681
35.55	0.00312233
35.56	0.00307613
35.57	0.00303052
35.58	0.00298452
35.59	0.00293814
35.6	0.00289242
35.61	0.00284638
35.62	0.00279902
35.63	0.00275338
35.64	0.00270647
35.65	0.00265932
35.66	0.00261294
35.67	0.00256635
35.68	0.00251958
35.69	0.00247165
35.7	0.00242457
35.71	0.00237736
35.72	0.00233005
35.73	0.00228266
35.74	0.0022352
35.75	0.0021877
35.76	0.00214017
35.77	0.00209263
35.78	0.00204511
35.79	0.00199662
35.8	0.00194919
35.81	0.00190083
35.82	0.00185356
35.83	0.00180541
35.84	0.00175638
35.85	0.0017085
35.86	0.0016598
35.87	0.00161228
35.88	0.00156296
35.89	0.00151488
35.9	0.00146604
35.91	0.00141746
35.92	0.00136916
35.93	0.00132017
35.94	0.00127149
35.95	0.00122215
35.96	0.00117317
35.97	0.00112457
35.98	0.00107536
35.99	0.00102655
36	0.000977182
36.01	0.000928258
36.02	0.000878799
36.03	0.000829824
36.04	0.00078035
36.05	0.000731396
36.06	0.000681978
36.07	0.000633114
36.08	0.000583823
36.09	0.000534121
36.1	0.000484026
36.11	0.000434556
36.12	0.000385726
36.13	0.000335556
36.14	0.000286061
36.15	0.000236259
36.16	0.000187167
36.17	0.000137801
36.18	8.81784e-05
36.19	3.83162e-05
36.2	-1.17694e-05
36.21	-6.10617e-05
36.22	-0.000111544
36.23	-0.000161201
36.24	-0.000211015
36.25	-0.00026097
36.26	-0.000310051
36.27	-0.00036024
36.28	-0.000410523
36.29	-0.000459883
36.3	-0.000509304
36.31	-0.000559771
36.32	-0.000609268
36.33	-0.000659779
36.34	-0.000709289
36.35	-0.000758782
36.36	-0.000809244
36.37	-0.000858658
36.38	-0.00090901
36.39	-0.000958285
36.4	-0.00100847
36.41	-0.00105854
36.42	-0.00110849
36.43	-0.00115831
36.44	-0.00120797
36.45	-0.00125747
36.46	-0.00130779
36.47	-0.00135791
36.48	-0.00140682
36.49	-0.00145751
36.5	-0.00150696
36.51	-0.00155716
36.52	-0.00160609
36.53	-0.00165674
36.54	-0.0017061
36.55	-0.00175615
36.56	-0.00180588
36.57	-0.00185527
36.58	-0.00190532
36.59	-0.001955
36.6	-0.00200431
36.61	-0.00205423
36.62	-0.00210375
36.63	-0.00215285
36.64	-0.00220252
36.65	-0.00225176
36.66	-0.00230154
36.67	-0.00235086
36.68	-0.00240069
36.69	-0.00245004
36.7	-0.00249988
36.71	-0.0025492
36.72	-0.002598
36.73	-0.00264725
36.74	-0.00269695
36.75	-0.00274609
36.76	-0.00279565
36.77	-0.00284462
36.78	-0.00289299
36.79	-0.00294174
36.8	-0.00299087
36.81	-0.00303937
36.82	-0.00308822
36.83	-0.00313741
36.84	-0.00318593
36.85	-0.00323477
36.86	-0.00328291
36.87	-0.00333135
36.88	-0.00338008
36.89	-0.00342808
36.9	-0.00347635
36.91	-0.00352387
36.92	-0.00357263
36.93	-0.00362062
36.94	-0.00366784
36.95	-0.00371626
36.96	-0.00376389
36.97	-0.0038117
36.98	-0.0038597
36.99	-0.00390687
37	-0.00395419
37.01	-0.00400167
37.02	-0.00404929
37.03	-0.00409704
37.04	-0.00414391
37.05	-0.00419089
37.06	-0.00423797
37.07	-0.00428514
37.08	-0.0043324
37.09	-0.00437974
37.1	-0.00442613
37.11	-0.00447359
37.12	-0.00452009
37.13	-0.00456663
37.14	-0.00461319
37.15	-0.00465978
37.16	-0.00470638
37.17	-0.00475298
37.18	-0.00479858
37.19	-0.00484516
37.2	-0.00489172
37.21	-0.00493725
37.22	-0.00498374
37.23	-0.00502919
37.24	-0.00507558
37.25	-0.0051219
37.26	-0.00516716
37.27	-0.00521334
37.28	-0.00525843
37.29	-0.00530442
37.3	-0.00534932
37.31	-0.00539511
37.32	-0.00544078
37.33	-0.00548533
37.34	-0.00553074
37.35	-0.00557602
37.36	-0.00562115
37.37	-0.00566613
37.38	-0.00571096
37.39	-0.00575561
37.4	-0.0058011
37.41	-0.0058454
37.42	-0.00589052
37.43	-0.00593444
37.44	-0.00597917
37.45	-0.00602369
37.46	-0.006068
37.47	-0.00611209
37.48	-0.00615596
37.49	-0.0062006
37.5	-0.006244
37.51	-0.00628816
37.52	-0.00633207
37.53	-0.00637573
37.54	-0.00642012
37.55	-0.00646326
37.56	-0.00650712
37.57	-0.0065507
37.58	-0.00659401
37.59	-0.00663702
37.6	-0.00668075
37.61	-0.00672318
37.62	-0.0067663
37.63	-0.00680912
37.64	-0.00685263
37.65	-0.00689481
37.66	-0.00693768
37.67	-0.00698022
37.68	-0.00702342
37.69	-0.0070653
37.7	-0.00710783
37.71	-0.00715001
37.72	-0.00719185
37.73	-0.00723433
37.74	-0.00727645
37.75	-0.00731821
37.76	-0.00736061
37.77	-0.00740163
37.78	-0.00744328
37.79	-0.00748456
37.8	-0.00752645
37.81	-0.00756795
37.82	-0.00760906
37.83	-0.00764979
37.84	-0.00769111
37.85	-0.00773204
37.86	-0.00777356
37.87	-0.00781368
37.88	-0.00785438
37.89	-0.00789467
37.9	-0.00793555
37.91	-0.00797601
37.92	-0.00801604
37.93	-0.00805565
37.94	-0.00809584
37.95	-0.00813559
37.96	-0.00817591
37.97	-0.00821579
37.98	-0.00825524
37.99	-0.00829424
38	-0.0083338
38.01	-0.00837292
38.02	-0.00841158
38.03	-0.0084508
38.04	-0.00848957
38.05	-0.00852888
38.06	-0.00856673
38.07	-0.00860613
38.08	-0.00864407
38.09	-0.00868254
38.1	-0.00872055
38.11	-0.0087581
38.12	-0.00879618
38.13	-0.00883379
38.14	-0.00887194
38.15	-0.00890861
38.16	-0.00894581
38.17	-0.00898354
38.18	-0.00902079
38.19	-0.00905756
38.2	-0.00909386
38.21	-0.00913069
38.22	-0.00916703
38.23	-0.00920289
38.24	-0.00923928
38.25	-0.00927518
38.26	-0.00931161
38.27	-0.00934755
38.28	-0.009383
38.29	-0.00941798
38.3	-0.00945347
38.31	-0.00948848
38.32	-0.00952301
38.33	-0.00955805
38.34	-0.00959261
38.35	-0.00962668
38.36	-0.00966127
38.37	-0.00969538
38.38	-0.009729
38.39	-0.00976314
38.4	-0.0097968
38.41	-0.00982997
38.42	-0.00986267
38.43	-0.00989588
38.44	-0.00992861
38.45	-0.00996186
38.46	-0.00999363
38.47	-0.0100259
38.48	-0.0100577
38.49	-0.0100901
38.5	-0.0101219
38.51	-0.0101533
38.52	-0.0101842
38.53	-0.0102157
38.54	-0.0102467
38.55	-0.0102772
38.56	-0.0103072
38.57	-0.0103378
38.58	-0.0103679
38.59	-0.0103985
38.6	-0.0104277
38.61	-0.0104574
38.62	-0.0104867
38.63	-0.0105155
38.64	-0.0105448
38.65	-0.0105737
38.66	-0.0106022
38.67	-0.0106312
38.68	-0.0106587
38.69	-0.0106868
38.7	-0.0107145
38.71	-0.0107427
38.72	-0.0107705
38.73	-0.0107979
38.74	-0.0108248
38.75	-0.0108513
38.76	-0.0108784
38.77	-0.0109051
38.78	-0.0109313
38.79	-0.0109581
38.8	-0.0109835
38.81	-0.0110095
38.82	-0.0110351
38.83	-0.0110613
38.84	-0.0110861
38.85	-0.0111115
38.86	-0.0111365
38.87	-0.0111611
38.88	-0.0111853
38.89	-0.0112102
38.9	-0.0112346
38.91	-0.0112587
38.92	-0.0112824
38.93	-0.0113058
38.94	-0.0113298
38.95	-0.0113534
38.96	-0.0113767
38.97	-0.0113996
38.98	-0.0114222
38.99	-0.0114455
39	-0.0114674
39.01	-0.0114899
39.02	-0.0115122
39.03	-0.0115341
39.04	-0.0115557
39.05	-0.011577
39.06	-0.011599
39.07	-0.0116197
39.08	-0.0116411
39.09	-0.0116622
39.1	-0.011683
39.11	-0.0117035
39.12	-0.0117238
39.13	-0.0117438
39.14	-0.0117635
39.15	-0.0117829
39.16	-0.0118031
39.17	-0.0118221
39.18	-0.0118418
39.19	-0.0118613
39.2	-0.0118795
39.21	-0.0118986
39.22	-0.0119174
39.23	-0.011935
39.24	-0.0119534
39.25	-0.0119715
39.26	-0.0119895
39.27	-0.0120064
39.28	-0.012024
39.29	-0.0120415
39.3	-0.0120587
39.31	-0.0120749
39.32	-0.0120919
39.33	-0.0121087
39.34	-0.0121244
39.35	-0.012141
39.36	-0.0121564
39.37	-0.0121728
39.38	-0.012188
39.39	-0.0122031
39.4	-0.0122181
39.41	-0.0122331
39.42	-0.0122479
39.43	-0.0122627
39.44	-0.0122765
39.45	-0.0122911
39.46	-0.0123048
39.47	-0.0123184
39.48	-0.0123319
39.49	-0.0123455
39.5	-0.012359
39.51	-0.0123715
39.52	-0.012384
39.53	-0.0123966
39.54	-0.0124091
39.55	-0.0124207
39.56	-0.0124334
39.57	-0.012445
39.58	-0.0124568
39.59	-0.0124676
39.6	-0.0124784
39.61	-0.0124894
39.62	-0.0125004
39.63	-0.0125106
39.64	-0.0125208
39.65	-0.0125312
39.66	-0.0125407
39.67	-0.0125504
39.68	-0.0125592
39.69	-0.0125692
39.7	-0.0125773
39.71	-0.0125866
39.72	-0.0125951
39.73	-0.0126029
39.74	-0.0126118
39.75	-0.0126189
39.76	-0.0126263
39.77	-0.0126339
39.78	-0.0126408
39.79	-0.012648
39.8	-0.0126554
39.81	-0.0126611
39.82	-0.0126681
39.83	-0.0126734
39.84	-0.012679
39.85	-0.012685
39.86	-0.0126903
39.87	-0.0126949
39.88	-0.0127
39.89	-0.0127044
39.9	-0.0127092
39.91	-0.0127133
39.92	-0.0127169
39.93	-0.012721
39.94	-0.0127244
39.95	-0.0127273
39.96	-0.0127307
39.97	-0.0127326
39.98	-0.0127359
39.99	-0.0127377
40	-0.01274
40.01	-0.0127409
40.02	-0.0127423
40.03	-0.0127442
40.04	-0.0127447
40.05	-0.0127458
40.06	-0.0127455
40.07	-0.0127458
40.08	-0.0127456
40.09	-0.0127451
40.1	-0.0127453
40.11	-0.0127441
40.12	-0.0127426
40.13	-0.0127417
40.14	-0.0127395
40.15	-0.0127381
40.16	-0.0127354
40.17	-0.0127334
40.18	-0.0127301
40.19	-0.0127277
40.2	-0.012724
40.21	-0.0127211
40.22	-0.012717
40.23	-0.0127127
40.24	-0.0127083
40.25	-0.0127037
40.26	-0.0126989
40.27	-0.0126931
40.28	-0.0126882
40.29	-0.0126821
40.3	-0.012676
40.31	-0.0126698
40.32	-0.0126636
40.33	-0.0126564
40.34	-0.0126491
40.35	-0.0126419
40.36	-0.0126336
40.37	-0.0126254
40.38	-0.0126173
40.39	-0.0126082
40.4	-0.0125992
40.41	-0.0125903
40.42	-0.0125805
40.43	-0.0125708
40.44	-0.0125603
40.45	-0.0125499
40.46	-0.0125398
40.47	-0.0125278
40.48	-0.012517
40.49	-0.0125054
40.5	-0.0124941
40.51	-0.0124821
40.52	-0.0124693
40.53	-0.0124568
40.54	-0.0124447
40.55	-0.0124319
40.56	-0.0124184
40.57	-0.0124052
40.58	-0.0123915
40.59	-0.0123772
40.6	-0.0123632
40.61	-0.0123487
40.62	-0.0123337
40.63	-0.0123191
40.64	-0.012304
40.65	-0.0122884
40.66	-0.0122724
40.67	-0.0122568
40.68	-0.0122399
40.69	-0.0122235
40.7	-0.0122067
40.71	-0.0121895
40.72	-0.012172
40.73	-0.0121551
40.74	-0.0121368
40.75	-0.0121183
40.76	-0.0121004
40.77	-0.0120813
40.78	-0.0120629
40.79	-0.0120433
40.8	-0.0120235
40.81	-0.0120045
40.82	-0.0119842
40.83	-0.0119639
40.84	-0.0119433
40.85	-0.0119227
40.86	-0.011901
40.87	-0.0118791
40.88	-0.0118582
40.89	-0.0118363
40.9	-0.0118133
40.91	-0.0117913
40.92	-0.0117684
40.93	-0.0117455
40.94	-0.0117216
40.95	-0.0116978
40.96	-0.0116741
40.97	-0.0116495
40.98	-0.011625
40.99	-0.0116007
41	-0.0115756
41.01	-0.0115496
41.02	-0.0115249
41.03	-0.0114984
41.04	-0.0114722
41.05	-0.0114462
41.06	-0.0114195
41.07	-0.0113922
41.08	-0.0113652
41.09	-0.0113375
41.1	-0.0113092
41.11	-0.0112814
41.12	-0.0112529
41.13	-0.0112239
41.14	-0.0111953
41.15	-0.0111663
41.16	-0.0111367
41.17	-0.0111067
41.18	-0.0110772
41.19	-0.0110463
41.2	-0.0110159
41.21	-0.0109852
41.22	-0.0109541
41.23	-0.0109227
41.24	-0.010891
41.25	-0.0108589
41.26	-0.0108276
41.27	-0.010795
41.28	-0.0107621
41.29	-0.0107291
41.3	-0.0106959
41.31	-0.0106624
41.32	-0.0106289
41.33	-0.0105952
41.34	-0.0105604
41.35	-0.0105265
41.36	-0.0104915
41.37	-0.0104565
41.38	-0.0104215
41.39	-0.0103855
41.4	-0.0103495
41.41	-0.0103136
41.42	-0.0102778
41.43	-0.010241
41.44	-0.0102043
41.45	-0.0101678
41.46	-0.0101304
41.47	-0.0100933
41.48	-0.0100553
41.49	-0.0100175
41.5	-0.00997905
41.51	-0.00994082
41.52	-0.00990289
41.53	-0.00986327
41.54	-0.00982499
41.55	-0.00978508
41.56	-0.00974554
41.57	-0.00970642
41.58	-0.00966572
41.59	-0.00962548
41.6	-0.00958571
41.61	-0.00954443
41.62	-0.00950368
41.63	-0.00946247
41.64	-0.00942183
41.65	-0.00937977
41.66	-0.00933832
41.67	-0.00929651
41.68	-0.00925436
41.69	-0.00921188
41.7	-0.00916911
41.71	-0.00912606
41.72	-0.00908376
41.73	-0.00904024
41.74	-0.0089965
41.75	-0.00895258
41.76	-0.0089095
41.77	-0.00886529
41.78	-0.00882096
41.79	-0.00877654
41.8	-0.00873204
41.81	-0.00868651
41.82	-0.00864195
41.83	-0.00859639
41.84	-0.00855085
41.85	-0.00850536
41.86	-0.00845994
41.87	-0.0084136
41.88	-0.00836739
41.89	-0.00832131
41.9	-0.00827439
41.91	-0.00822765
41.92	-0.00818012
41.93	-0.00813282
41.94	-0.00808577
41.95	-0.008038
41.96	-0.00799052
41.97	-0.00794236
41.98	-0.00789455
41.99	-0.0078461
42	-0.00779804
42.01	-0.00774939
42.02	-0.00770018
42.03	-0.00765143
42.04	-0.00760215
42.05	-0.00755238
42.06	-0.00750313
42.07	-0.00745243
42.08	-0.0074033
42.09	-0.00735277
42.1	-0.00730185
42.11	-0.00725157
42.12	-0.00720095
42.13	-0.00715001
42.14	-0.00709879
42.15	-0.00704729
42.16	-0.00699654
42.17	-0.00694457
42.18	-0.00689239
42.19	-0.00684103
42.2	-0.00678851
42.21	-0.00673586
42.22	-0.00668309
42.23	-0.00663023
42.24	-0.0065773
42.25	-0.00652433
42.26	-0.00647133
42.27	-0.00641732
42.28	-0.00636334
42.29	-0.0063094
42.3	-0.00625552
42.31	-0.00620173
42.32	-0.00614704
42.33	-0.00609249
42.34	-0.00603708
42.35	-0.00598185
42.36	-0.00592682
42.37	-0.005871
42.38	-0.00581642
42.39	-0.0057601
42.4	-0.00570507
42.41	-0.00564933
42.42	-0.00559293
42.43	-0.00553687
42.44	-0.00548118
42.45	-0.00542488
42.46	-0.00536799
42.47	-0.00531154
42.48	-0.00525553
42.49	-0.00519901
42.5	-0.00514198
42.51	-0.00508547
42.52	-0.0050285
42.53	-0.00497109
42.54	-0.00491326
42.55	-0.00485603
42.56	-0.00479843
42.57	-0.00474147
42.58	-0.00468317
42.59	-0.00462556
42.6	-0.00456766
42.61	-0.00450948
42.62	-0.00445205
42.63	-0.00439339
42.64	-0.00433552
42.65	-0.00427646
42.66	-0.00421823
42.67	-0.00415985
42.68	-0.00410033
42.69	-0.00404171
42.7	-0.003983
42.71	-0.00392322
42.72	-0.00386438
42.73	-0.00380552
42.74	-0.00374565
42.75	-0.00368579
42.76	-0.00362696
42.77	-0.00356718
42.78	-0.00350647
42.79	-0.00344685
42.8	-0.00338733
42.81	-0.00332694
42.82	-0.0032667
42.83	-0.00320663
42.84	-0.00314574
42.85	-0.00308506
42.86	-0.0030246
42.87	-0.00296438
42.88	-0.00290343
42.89	-0.00284276
42.9	-0.00278138
42.91	-0.00272033
42.92	-0.00265961
42.93	-0.00259824
42.94	-0.00253725
42.95	-0.00247566
42.96	-0.00241447
42.97	-0.00235272
42.98	-0.00229141
42.99	-0.00222956
43	-0.0021672
43.01	-0.00210535
43.02	-0.00204401
43.03	-0.00198221
43.04	-0.00191997
43.05	-0.00185729
43.06	-0.00179521
43.07	-0.00173274
43.08	-0.0016709
43.09	-0.00160869
43.1	-0.00154615
43.11	-0.00148329
43.12	-0.00142112
43.13	-0.00135866
43.14	-0.00129593
43.15	-0.00123295
43.16	-0.00116973
43.17	-0.00110729
43.18	-0.00104465
43.19	-0.000980824
43.2	-0.000917825
43.21	-0.000854672
43.22	-0.000792381
43.23	-0.00072897
43.24	-0.000665453
43.25	-0.000601848
43.26	-0.00053917
43.27	-0.000475436
43.28	-0.000412661
43.29	-0.000348861
43.3	-0.000285051
43.31	-0.000222248
43.32	-0.000158467
43.33	-9.4724e-05
43.34	-3.10336e-05
43.35	3.25886e-05
43.36	9.61272e-05
43.37	0.000159567
43.38	0.000222893
43.39	0.000287091
43.4	0.000351145
43.41	0.00041504
43.42	0.000478762
43.43	0.000542297
43.44	0.000605628
43.45	0.000669743
43.46	0.000733627
43.47	0.000797265
43.48	0.000861642
43.49	0.000924746
43.5	0.000989562
43.51	0.00105308
43.52	0.00111727
43.53	0.00118114
43.54	0.00124466
43.55	0.00130883
43.56	0.00137263
43.57	0.00143604
43.58	0.00150005
43.59	0.00156366
43.6	0.00162784
43.61	0.00169158
43.62	0.00175587
43.63	0.0018197
43.64	0.00188305
43.65	0.00194691
43.66	0.00201127
43.67	0.00207512
43.68	0.00213844
43.69	0.00220222
43.7	0.00226645
43.71	0.00233011
43.72	0.0023932
43.73	0.0024567
43.74	0.0025206
43.75	0.00258389
43.76	0.00264755
43.77	0.00271158
43.78	0.00277496
43.79	0.00283768
43.8	0.00290173
43.81	0.00296509
43.82	0.00302777
43.83	0.00309173
43.84	0.00315499
43.85	0.00321751
43.86	0.0032813
43.87	0.00334434
43.88	0.00340762
43.89	0.00347013
43.9	0.00353285
43.91	0.00359579
43.92	0.00365892
43.93	0.00372224
43.94	0.00378474
43.95	0.0038474
43.96	0.00391022
43.97	0.00397218
43.98	0.00403428
43.99	0.00409751
44	0.00415986
44.01	0.00422131
44.02	0.00428386
44.03	0.00434649
44.04	0.00440821
44.05	0.00446999
44.06	0.00453183
44.07	0.00459372
44.08	0.00465565
44.09	0.00471762
44.1	0.0047786
44.11	0.0048406
44.12	0.00490161
44.13	0.00496261
44.14	0.00502459
44.15	0.00508556
44.16	0.0051465
44.17	0.0052074
44.18	0.00526725
44.19	0.00532804
44.2	0.00538878
44.21	0.00544944
44.22	0.00550902
44.23	0.00556952
44.24	0.00562992
44.25	0.00568922
44.26	0.0057494
44.27	0.00580947
44.28	0.00586842
44.29	0.00592823
44.3	0.00598789
44.31	0.00604741
44.32	0.00610678
44.33	0.00616498
44.34	0.00622401
44.35	0.00628287
44.36	0.00634254
44.37	0.00640102
44.38	0.00645931
44.39	0.00651739
44.4	0.00657626
44.41	0.00663391
44.42	0.00669234
44.43	0.00675054
44.44	0.0068085
44.45	0.00686622
44.46	0.00692369
44.47	0.00698091
44.48	0.00703886
44.49	0.00709655
44.5	0.00715297
44.51	0.0072101
44.52	0.00726795
44.53	0.00732452
44.54	0.00738178
44.55	0.00743775
44.56	0.00749441
44.57	0.00755076
44.58	0.00760779
44.59	0.0076635
44.6	0.00771988
44.61	0.00777593
44.62	0.00783164
44.63	0.00788801
44.64	0.00794303
44.65	0.0079987
44.66	0.00805402
44.67	0.00810997
44.68	0.00816556
44.69	0.00821977
44.7	0.00827562
44.71	0.00833008
44.72	0.00838516
44.73	0.00843986
44.74	0.00849416
44.75	0.00854907
44.76	0.00860357
44.77	0.00865768
44.78	0.00871138
44.79	0.00876566
44.8	0.00881954
44.81	0.00887299
44.82	0.00892702
44.83	0.00898063
44.84	0.00903381
44.85	0.00908656
44.86	0.00913988
44.87	0.00919275
44.88	0.00924619
44.89	0.00929918
44.9	0.00935172
44.91	0.00940381
44.92	0.00945645
44.93	0.00950864
44.94	0.00956136
44.95	0.00961363
44.96	0.00966543
44.97	0.00971677
44.98	0.00976864
44.99	0.00982003
45	0.00987196
45.01	0.00992341
45.02	0.00997438
45.03	0.0100249
45.04	0.0100759
45.05	0.0101274
45.06	0.0101775
45.07	0.010228
45.08	0.0102791
45.09	0.0103287
45.1	0.0103787
45.11	0.0104293
45.12	0.0104784
45.13	0.010528
45.14	0.0105781
45.15	0.0106278
45.16	0.0106769
45.17	0.0107255
45.18	0.0107746
45.19	0.0108242
45.2	0.0108723
45.21	0.0109209
45.22	0.010969
45.23	0.0110175
45.24	0.0110656
45.25	0.0111142
45.26	0.0111612
45.27	0.0112088
45.28	0.0112568
45.29	0.0113044
45.3	0.0113514
45.31	0.0113979
45.32	0.0114449
45.33	0.0114914
45.34	0.0115384
45.35	0.0115849
45.36	0.0116309
45.37	0.0116773
45.38	0.0117233
45.39	0.0117688
45.4	0.0118147
45.41	0.0118591
45.42	0.0119051
45.43	0.0119495
45.44	0.0119944
45.45	0.0120398
45.46	0.0120837
45.47	0.0121281
45.48	0.012172
45.49	0.0122165
45.5	0.0122604
45.51	0.0123038
45.52	0.0123467
45.53	0.0123901
45.54	0.012433
45.55	0.0124765
45.56	0.0125184
45.57	0.0125609
45.58	0.0126039
45.59	0.0126453
45.6	0.0126873
45.61	0.0127289
45.62	0.0127699
45.63	0.0128115
45.64	0.0128525
45.65	0.0128932
45.66	0.0129343
45.67	0.012974
45.68	0.0130142
45.69	0.0130549
45.7	0.0130942
45.71	0.013134
45.72	0.0131734
45.73	0.0132123
45.74	0.0132508
45.75	0.0132898
45.76	0.0133283
45.77	0.0133665
45.78	0.0134042
45.79	0.0134414
45.8	0.0134792
45.81	0.0135166
45.82	0.0135536
45.83	0.0135901
45.84	0.0136263
45.85	0.013663
45.86	0.0136983
45.87	0.0137342
45.88	0.0137696
45.89	0.0138047
45.9	0.0138404
45.91	0.0138747
45.92	0.0139096
45.93	0.0139432
45.94	0.0139773
45.95	0.0140111
45.96	0.0140445
45.97	0.0140775
45.98	0.0141102
45.99	0.0141435
46	0.0141755
46.01	0.0142081
46.02	0.0142403
46.03	0.0142713
46.04	0.0143029
46.05	0.0143341
46.06	0.0143651
46.07	0.0143957
46.08	0.014426
46.09	0.014457
46.1	0.0144867
46.11	0.0145162
46.12	0.0145463
46.13	0.0145751
46.14	0.0146037
46.15	0.0146329
46.16	0.014661
46.17	0.0146897
46.18	0.0147172
46.19	0.0147454
46.2	0.0147724
46.21	0.0148002
46.22	0.0148267
46.23	0.014854
46.24	0.0148801
46.25	0.014906
46.26	0.0149327
46.27	0.0149581
46.28	0.0149834
46.29	0.0150085
46.3	0.0150334
46.31	0.0150582
46.32	0.0150828
46.33	0.0151072
46.34	0.0151315
46.35	0.0151546
46.36	0.0151786
46.37	0.0152015
46.38	0.0152242
46.39	0.0152469
46.4	0.0152694
46.41	0.0152908
46.42	0.0153132
46.43	0.0153345
46.44	0.0153557
46.45	0.0153768
46.46	0.0153979
46.47	0.0154179
46.48	0.0154389
46.49	0.0154589
46.5	0.0154778
46.51	0.0154977
46.52	0.0155166
46.53	0.0155355
46.54	0.0155545
46.55	0.0155724
46.56	0.0155904
46.57	0.0156084
46.58	0.0156265
46.59	0.0156436
46.6	0.0156598
46.61	0.0156771
46.62	0.0156935
46.63	0.0157099
46.64	0.0157255
46.65	0.0157412
46.66	0.015756
46.67	0.0157719
46.68	0.015786
46.69	0.0158002
46.7	0.0158146
46.71	0.0158292
46.72	0.0158419
46.73	0.0158559
46.74	0.0158691
46.75	0.0158815
46.76	0.0158941
46.77	0.0159059
46.78	0.015918
46.79	0.0159294
46.8	0.015941
46.81	0.0159519
46.82	0.0159631
46.83	0.0159736
46.84	0.0159835
46.85	0.0159936
46.86	0.0160031
46.87	0.016012
46.88	0.0160212
46.89	0.0160298
46.9	0.0160377
46.91	0.0160461
46.92	0.0160539
46.93	0.0160611
46.94	0.0160687
46.95	0.0160758
46.96	0.0160824
46.97	0.0160884
46.98	0.0160939
46.99	0.0160999
47	0.0161054
47.01	0.0161104
47.02	0.016115
47.03	0.0161201
47.04	0.0161238
47.05	0.016128
47.06	0.0161309
47.07	0.0161343
47.08	0.0161374
47.09	0.0161401
47.1	0.0161424
47.11	0.0161444
47.12	0.0161461
47.13	0.0161474
47.14	0.0161484
47.15	0.0161492
47.16	0.0161486
47.17	0.0161489
47.18	0.0161488
47.19	0.0161486
47.2	0.0161471
47.21	0.0161464
47.22	0.0161445
47.23	0.0161425
47.24	0.0161402
47.25	0.0161379
47.26	0.0161354
47.27	0.0161318
47.28	0.0161281
47.29	0.0161244
47.3	0.0161205
47.31	0.0161156
47.32	0.0161107
47.33	0.0161057
47.34	0.0161008
47.35	0.0160948
47.36	0.0160889
47.37	0.016082
47.38	0.0160751
47.39	0.0160684
47.4	0.0160607
47.41	0.0160532
47.42	0.0160447
47.43	0.0160364
47.44	0.0160273
47.45	0.0160183
47.46	0.0160085
47.47	0.0159989
47.48	0.0159885
47.49	0.0159774
47.5	0.0159665
47.51	0.0159559
47.52	0.0159436
47.53	0.0159326
47.54	0.0159199
47.55	0.0159076
47.56	0.0158946
47.57	0.015881
47.58	0.0158667
47.59	0.0158529
47.6	0.0158386
47.61	0.0158236
47.62	0.0158091
47.63	0.0157932
47.64	0.0157777
47.65	0.0157607
47.66	0.0157443
47.67	0.0157274
47.68	0.0157101
47.69	0.0156924
47.7	0.0156742
47.71	0.0156558
47.72	0.0156379
47.73	0.0156188
47.74	0.0155993
47.75	0.0155795
47.76	0.0155604
47.77	0.0155401
47.78	0.0155196
47.79	0.0154988
47.8	0.0154778
47.81	0.0154556
47.82	0.0154343
47.83	0.0154118
47.84	0.0153902
47.85	0.0153675
47.86	0.0153438
47.87	0.0153209
47.88	0.015297
47.89	0.0152731
47.9	0.0152491
47.91	0.0152242
47.92	0.0151993
47.93	0.0151735
47.94	0.0151478
47.95	0.0151221
47.96	0.0150955
47.97	0.0150691
47.98	0.0150419
47.99	0.0150148
48	0.0149869
48.01	0.0149582
48.02	0.0149308
48.03	0.0149016
48.04	0.0148727
48.05	0.0148431
48.06	0.0148128
48.07	0.0147829
48.08	0.0147523
48.09	0.0147221
48.1	0.0146903
48.11	0.0146589
48.12	0.014627
48.13	0.0145955
48.14	0.0145625
48.15	0.0145301
48.16	0.0144961
48.17	0.0144628
48.18	0.014429
48.19	0.0143947
48.2	0.0143601
48.21	0.0143252
48.22	0.0142899
48.23	0.0142543
48.24	0.0142184
48.25	0.0141812
48.26	0.0141447
48.27	0.0141081
48.28	0.0140702
48.29	0.0140331
48.3	0.0139949
48.31	0.0139565
48.32	0.013917
48.33	0.0138784
48.34	0.0138387
48.35	0.013799
48.36	0.0137592
48.37	0.0137184
48.38	0.0136777
48.39	0.0136369
48.4	0.0135953
48.41	0.0135537
48.42	0.0135112
48.43	0.0134688
48.44	0.0134266
48.45	0.0133825
48.46	0.0133396
48.47	0.013296
48.48	0.0132516
48.49	0.0132074
48.5	0.0131625
48.51	0.013118
48.52	0.0130727
48.53	0.0130268
48.54	0.0129803
48.55	0.0129342
48.56	0.0128875
48.57	0.0128412
48.58	0.0127934
48.59	0.0127461
48.6	0.0126983
48.61	0.01265
48.62	0.0126013
48.63	0.0125531
48.64	0.0125036
48.65	0.0124547
48.66	0.0124044
48.67	0.0123548
48.68	0.0123049
48.69	0.0122537
48.7	0.0122032
48.71	0.0121525
48.72	0.0121006
48.73	0.0120485
48.74	0.0119973
48.75	0.0119449
48.76	0.0118923
48.77	0.0118397
48.78	0.011786
48.79	0.0117332
48.8	0.0116794
48.81	0.0116256
48.82	0.0115708
48.83	0.011517
48.84	0.0114624
48.85	0.0114067
48.86	0.0113522
48.87	0.0112959
48.88	0.0112407
48.89	0.0111846
48.9	0.0111278
48.91	0.0110712
48.92	0.0110148
48.93	0.0109577
48.94	0.0108999
48.95	0.0108424
48.96	0.0107853
48.97	0.0107265
48.98	0.0106691
48.99	0.0106101
49	0.0105515
49.01	0.0104924
49.02	0.0104327
49.03	0.0103736
49.04	0.010314
49.05	0.0102539
49.06	0.0101934
49.07	0.0101334
49.08	0.0100721
49.09	0.0100115
49.1	0.00995045
49.11	0.00988912
49.12	0.00982749
49.13	0.00976559
49.14	0.00970344
49.15	0.00964106
49.16	0.00957947
49.17	0.0095167
49.18	0.00945377
49.19	0.00939071
49.2	0.00932653
49.21	0.00926325
49.22	0.00919991
49.23	0.00913551
49.24	0.0090711
49.25	0.00900668
49.26	0.00894228
49.27	0.00887792
49.28	0.00881262
49.29	0.00874741
49.3	0.00868231
49.31	0.00861633
49.32	0.00855051
49.33	0.00848387
49.34	0.00841842
49.35	0.00835119
49.36	0.0082852
49.37	0.00821747
49.38	0.00815103
49.39	0.00808389
49.4	0.00801608
49.41	0.00794862
49.42	0.00788053
49.43	0.00781283
49.44	0.00774355
49.45	0.0076757
49.46	0.00760731
49.47	0.0075384
49.48	0.00746899
49.49	0.0073991
49.5	0.00732975
49.51	0.00725997
49.52	0.00719077
49.53	0.00712018
49.54	0.00705022
49.55	0.0069789
49.56	0.00690826
49.57	0.0068373
49.58	0.00676606
49.59	0.00669554
49.6	0.00662378
49.61	0.0065518
49.62	0.0064796
49.63	0.00640823
49.64	0.00633568
49.65	0.006263
49.66	0.00619119
49.67	0.00611827
49.68	0.00604527
49.69	0.00597221
49.7	0.00589911
49.71	0.00582598
49.72	0.00575285
49.73	0.00567974
49.74	0.00560566
49.75	0.00553165
49.76	0.0054577
49.77	0.00538386
49.78	0.00531013
49.79	0.00523553
49.8	0.00516109
49.81	0.00508683
49.82	0.00501176
49.83	0.0049369
49.84	0.00486228
49.85	0.0047869
49.86	0.0047118
49.87	0.00463699
49.88	0.00456148
49.89	0.00448531
49.9	0.00441048
49.91	0.00433401
49.92	0.00425893
49.93	0.00418225
49.94	0.00410599
49.95	0.00403017
49.96	0.00395381
49.97	0.00387792
49.98	0.00380153
49.99	0.00372465
50	0.0036483
