0	0
0.01	0
0.02	0
0.03	-4.94505e-08
0.04	-1.64834e-07
0.05	-3.68126e-07
0.06	3.18704e-07
0.07	-1.26313e-07
0.08	2.74861e-07
0.09	5.00266e-07
0.1	5.27951e-07
0.11	3.35972e-07
0.12	-9.76112e-08
0.13	2.05273e-07
0.14	2.22704e-07
0.15	-6.72294e-08
0.16	3.13572e-07
0.17	3.43219e-07
0.18	-1.66695e-10
0.19	2.61551e-07
0.2	1.0652e-07
0.21	5.12903e-07
0.22	4.58877e-07
0.23	-7.73646e-08
0.24	8.82388e-07
0.25	3.16359e-07
0.26	2.02795e-07
0.27	5.19958e-07
0.28	2.46128e-07
0.29	3.59608e-07
0.3	8.38721e-07
0.31	6.61809e-07
0.32	8.07238e-07
0.33	2.53398e-07
0.34	-2.1301e-08
0.35	9.61579e-07
0.36	1.80498e-07
0.37	6.13943e-07
0.38	2.40427e-07
0.39	3.84899e-08
0.4	9.867e-07
0.41	1.06365e-06
0.42	2.47975e-07
0.43	5.1832e-07
0.44	8.53375e-07
0.45	2.31854e-07
0.46	6.32508e-07
0.47	1.03412e-06
0.48	4.15496e-07
0.49	7.55491e-07
0.5	1.03299e-06
0.51	1.2269e-06
0.52	1.31618e-06
0.53	1.27983e-06
0.54	1.09686e-06
0.55	7.46349e-07
0.56	1.20739e-06
0.57	1.45913e-06
0.58	1.48076e-06
0.59	1.25148e-06
0.6	7.50576e-07
0.61	9.57342e-07
0.62	8.51127e-07
0.63	1.41132e-06
0.64	1.61736e-06
0.65	1.44872e-06
0.66	8.8492e-07
0.67	9.05533e-07
0.68	1.49017e-06
0.69	1.61849e-06
0.7	1.27021e-06
0.71	1.42506e-06
0.72	1.06287e-06
0.73	1.16348e-06
0.74	1.70679e-06
0.75	1.67276e-06
0.76	1.04138e-06
0.77	1.7927e-06
0.78	1.90684e-06
0.79	1.36394e-06
0.8	1.14422e-06
0.81	1.22794e-06
0.82	1.59542e-06
0.83	1.22702e-06
0.84	1.10317e-06
0.85	1.20436e-06
0.86	5.1111e-07
0.87	1.00402e-06
0.88	6.63748e-07
0.89	4.70991e-07
0.9	4.06517e-07
0.91	4.5115e-07
0.92	-4.14228e-07
0.93	-2.08676e-07
0.94	4.88095e-08
0.95	-6.60711e-07
0.96	-1.35612e-06
0.97	-1.05622e-06
0.98	-1.77978e-06
0.99	-1.54548e-06
1	-1.37196e-06
1.01	-2.27779e-06
1.02	-2.28146e-06
1.03	-2.40142e-06
1.04	-2.65603e-06
1.05	-3.06363e-06
1.06	-3.64243e-06
1.07	-3.41064e-06
1.08	-3.38636e-06
1.09	-3.58764e-06
1.1	-4.03245e-06
1.11	-4.73872e-06
1.12	-4.7243e-06
1.13	-5.00695e-06
1.14	-5.60439e-06
1.15	-5.53426e-06
1.16	-5.81414e-06
1.17	-6.46152e-06
1.18	-6.49385e-06
1.19	-5.92848e-06
1.2	-6.7827e-06
1.21	-7.07376e-06
1.22	-6.81878e-06
1.23	-7.03486e-06
1.24	-7.739e-06
1.25	-7.94814e-06
1.26	-7.67915e-06
1.27	-7.94881e-06
1.28	-7.77385e-06
1.29	-8.17092e-06
1.3	-8.15658e-06
1.31	-8.74733e-06
1.32	-8.95961e-06
1.33	-8.80976e-06
1.34	-8.31406e-06
1.35	-8.48871e-06
1.36	-9.34983e-06
1.37	-8.91349e-06
1.38	-9.19565e-06
1.39	-9.21222e-06
1.4	-8.97902e-06
1.41	-9.5118e-06
1.42	-8.82623e-06
1.43	-8.93791e-06
1.44	-8.86236e-06
1.45	-9.61501e-06
1.46	-9.21124e-06
1.47	-9.66633e-06
1.48	-8.99548e-06
1.49	-9.21384e-06
1.5	-9.33646e-06
1.51	-9.37831e-06
1.52	-9.35428e-06
1.53	-9.27921e-06
1.54	-9.16782e-06
1.55	-9.03479e-06
1.56	-8.89469e-06
1.57	-8.76203e-06
1.58	-8.65123e-06
1.59	-8.57664e-06
1.6	-8.55252e-06
1.61	-8.59307e-06
1.62	-7.71238e-06
1.63	-7.92449e-06
1.64	-8.24334e-06
1.65	-7.6828e-06
1.66	-7.25665e-06
1.67	-6.97861e-06
1.68	-6.8623e-06
1.69	-6.92126e-06
1.7	-7.16896e-06
1.71	-6.61879e-06
1.72	-6.28405e-06
1.73	-6.17796e-06
1.74	-6.31368e-06
1.75	-5.70425e-06
1.76	-5.36266e-06
1.77	-5.30181e-06
1.78	-5.53453e-06
1.79	-5.07354e-06
1.8	-4.93152e-06
1.81	-4.12102e-06
1.82	-4.65456e-06
1.83	-3.54453e-06
1.84	-3.80328e-06
1.85	-3.44306e-06
1.86	-3.47604e-06
1.87	-2.9143e-06
1.88	-2.76986e-06
1.89	-2.05464e-06
1.9	-1.78049e-06
1.91	-1.95917e-06
1.92	-1.60237e-06
1.93	-1.72168e-06
1.94	-1.32863e-06
1.95	-4.34651e-07
1.96	-1.05111e-06
1.97	-1.89281e-07
1.98	1.39639e-07
1.99	-7.54624e-08
2	1.54379e-07
2.01	8.18212e-07
2.02	9.05164e-07
2.03	1.40444e-06
2.04	1.30534e-06
2.05	1.59723e-06
2.06	2.26956e-06
2.07	2.31187e-06
2.08	2.71376e-06
2.09	2.46493e-06
2.1	2.55516e-06
2.11	2.9743e-06
2.12	3.71229e-06
2.13	3.75914e-06
2.14	4.10495e-06
2.15	3.7399e-06
2.16	3.65423e-06
2.17	3.8383e-06
2.18	4.28252e-06
2.19	4.97738e-06
2.2	4.91346e-06
2.21	5.08141e-06
2.22	5.47198e-06
2.23	5.07598e-06
2.24	4.8843e-06
2.25	4.88793e-06
2.26	5.0779e-06
2.27	5.44536e-06
2.28	4.98152e-06
2.29	4.67768e-06
2.3	4.52519e-06
2.31	4.51551e-06
2.32	4.64017e-06
2.33	4.89078e-06
2.34	4.25901e-06
2.35	3.73664e-06
2.36	3.31551e-06
2.37	2.98752e-06
2.38	2.7447e-06
2.39	2.5791e-06
2.4	2.48288e-06
2.41	2.44828e-06
2.42	1.4676e-06
2.43	1.53323e-06
2.44	6.37628e-07
2.45	-2.26655e-07
2.46	-6.70051e-08
2.47	-8.90727e-07
2.48	-7.0505e-07
2.49	-1.51712e-06
2.5	-2.33402e-06
2.51	-3.16275e-06
2.52	-3.01021e-06
2.53	-3.88327e-06
2.54	-4.78869e-06
2.55	-4.73316e-06
2.56	-5.72331e-06
2.57	-5.76566e-06
2.58	-6.8667e-06
2.59	-7.0328e-06
2.6	-7.27029e-06
2.61	-8.5854e-06
2.62	-8.9843e-06
2.63	-9.47308e-06
2.64	-1.00577e-05
2.65	-1.07443e-05
2.66	-1.15385e-05
2.67	-1.14462e-05
2.68	-1.24731e-05
2.69	-1.26248e-05
2.7	-1.3907e-05
2.71	-1.43251e-05
2.72	-1.48845e-05
2.73	-1.55906e-05
2.74	-1.54486e-05
2.75	-1.64638e-05
2.76	-1.66413e-05
2.77	-1.69861e-05
2.78	-1.75033e-05
2.79	-1.81976e-05
2.8	-1.9074e-05
2.81	-1.91373e-05
2.82	-1.9392e-05
2.83	-1.98428e-05
2.84	-2.04943e-05
2.85	-2.1351e-05
2.86	-2.14172e-05
2.87	-2.16972e-05
2.88	-2.21954e-05
2.89	-2.19159e-05
2.9	-2.28627e-05
2.91	-2.30401e-05
2.92	-2.34518e-05
2.93	-2.41019e-05
2.94	-2.39942e-05
2.95	-2.41323e-05
2.96	-2.452e-05
2.97	-2.41609e-05
2.98	-2.50586e-05
2.99	-2.52164e-05
3	-2.46379e-05
3.01	-2.53263e-05
3.02	-2.52849e-05
3.03	-2.55169e-05
3.04	-2.60254e-05
3.05	-2.58135e-05
3.06	-2.58841e-05
3.07	-2.52401e-05
3.08	-2.58845e-05
3.09	-2.58198e-05
3.1	-2.5049e-05
3.11	-2.55745e-05
3.12	-2.53989e-05
3.13	-2.55248e-05
3.14	-2.49545e-05
3.15	-2.46904e-05
3.16	-2.47348e-05
3.17	-2.40899e-05
3.18	-2.47578e-05
3.19	-2.37406e-05
3.2	-2.40403e-05
3.21	-2.36589e-05
3.22	-2.35982e-05
3.23	-2.286e-05
3.24	-2.2446e-05
3.25	-2.2358e-05
3.26	-2.15974e-05
3.27	-2.11659e-05
3.28	-2.10648e-05
3.29	-2.02956e-05
3.3	-1.98595e-05
3.31	-1.87579e-05
3.32	-1.89919e-05
3.33	-1.85626e-05
3.34	-1.7471e-05
3.35	-1.67182e-05
3.36	-1.6305e-05
3.37	-1.52323e-05
3.38	-1.55009e-05
3.39	-1.41114e-05
3.4	-1.40644e-05
3.41	-1.33607e-05
3.42	-1.20005e-05
3.43	-1.09845e-05
3.44	-1.03129e-05
3.45	-9.98597e-06
3.46	-9.00403e-06
3.47	-8.3672e-06
3.48	-7.07556e-06
3.49	-6.12915e-06
3.5	-5.5279e-06
3.51	-5.2717e-06
3.52	-4.36038e-06
3.53	-2.79367e-06
3.54	-2.57126e-06
3.55	-6.92761e-07
3.56	-1.57711e-07
3.57	1.03441e-06
3.58	1.8842e-06
3.59	2.39232e-06
3.6	3.55949e-06
3.61	4.38652e-06
3.62	5.87427e-06
3.63	7.02368e-06
3.64	7.83574e-06
3.65	8.31153e-06
3.66	9.45219e-06
3.67	1.02589e-05
3.68	1.1733e-05
3.69	1.28758e-05
3.7	1.36887e-05
3.71	1.51732e-05
3.72	1.53308e-05
3.73	1.71632e-05
3.74	1.76721e-05
3.75	1.88591e-05
3.76	1.97262e-05
3.77	2.02752e-05
3.78	2.15081e-05
3.79	2.2427e-05
3.8	2.40338e-05
3.81	2.43309e-05
3.82	2.53204e-05
3.83	2.70047e-05
3.84	2.7386e-05
3.85	2.8467e-05
3.86	2.925e-05
3.87	2.97378e-05
3.88	3.09328e-05
3.89	3.18379e-05
3.9	3.24559e-05
3.91	3.37897e-05
3.92	3.3842e-05
3.93	3.46161e-05
3.94	3.61149e-05
3.95	3.63416e-05
3.96	3.72994e-05
3.97	3.79916e-05
3.98	3.84216e-05
3.99	3.85927e-05
4	3.95086e-05
4.01	4.01727e-05
4.02	4.05887e-05
4.03	4.07603e-05
4.04	4.16913e-05
4.05	4.13856e-05
4.06	4.1847e-05
4.07	4.20796e-05
4.08	4.20875e-05
4.09	4.28748e-05
4.1	4.34456e-05
4.11	4.28043e-05
4.12	4.29553e-05
4.13	4.39029e-05
4.14	4.36518e-05
4.15	4.42063e-05
4.16	4.35712e-05
4.17	4.37513e-05
4.18	4.37512e-05
4.19	4.45759e-05
4.2	4.42303e-05
4.21	4.47194e-05
4.22	4.40483e-05
4.23	4.42222e-05
4.24	4.42462e-05
4.25	4.41257e-05
4.26	4.4866e-05
4.27	4.44727e-05
4.28	4.39512e-05
4.29	4.43071e-05
4.3	4.45461e-05
4.31	4.4674e-05
4.32	4.46966e-05
4.33	4.46197e-05
4.34	4.44493e-05
4.35	4.41915e-05
4.36	4.38525e-05
4.37	4.44383e-05
4.38	4.39553e-05
4.39	4.44098e-05
4.4	4.38082e-05
4.41	4.41571e-05
4.42	4.3463e-05
4.43	4.37325e-05
4.44	4.39724e-05
4.45	4.31895e-05
4.46	4.33906e-05
4.47	4.35827e-05
4.48	4.37729e-05
4.49	4.29682e-05
4.5	4.31759e-05
4.51	4.34031e-05
4.52	4.36572e-05
4.53	4.29457e-05
4.54	4.32759e-05
4.55	4.36556e-05
4.56	4.30923e-05
4.57	4.35937e-05
4.58	4.31678e-05
4.59	4.28222e-05
4.6	4.3565e-05
4.61	4.34043e-05
4.62	4.33481e-05
4.63	4.34046e-05
4.64	4.35821e-05
4.65	4.38889e-05
4.66	4.33335e-05
4.67	4.39244e-05
4.68	4.36701e-05
4.69	4.35793e-05
4.7	4.36608e-05
4.71	4.39234e-05
4.72	4.43759e-05
4.73	4.40274e-05
4.74	4.38869e-05
4.75	4.39635e-05
4.76	4.42665e-05
4.77	4.48051e-05
4.78	4.45888e-05
4.79	4.4627e-05
4.8	4.49292e-05
4.81	4.5505e-05
4.82	4.53642e-05
4.83	4.55164e-05
4.84	4.59717e-05
4.85	4.67398e-05
4.86	4.68309e-05
4.87	4.72549e-05
4.88	4.70222e-05
4.89	4.71429e-05
4.9	4.76274e-05
4.91	4.84861e-05
4.92	4.87296e-05
4.93	4.83683e-05
4.94	4.9413e-05
4.95	4.88743e-05
4.96	4.97632e-05
4.97	5.00905e-05
4.98	5.08672e-05
4.99	5.11044e-05
5	5.08132e-05
5.01	5.20048e-05
5.02	5.16907e-05
5.03	5.2882e-05
5.04	5.25904e-05
5.05	5.38274e-05
5.06	5.36046e-05
5.07	5.39337e-05
5.08	5.48265e-05
5.09	5.5295e-05
5.1	5.5351e-05
5.11	5.60066e-05
5.12	5.62739e-05
5.13	5.71652e-05
5.14	5.76927e-05
5.15	5.78688e-05
5.16	5.87059e-05
5.17	5.92165e-05
5.18	6.04133e-05
5.19	6.0309e-05
5.2	6.09163e-05
5.21	6.12481e-05
5.22	6.23173e-05
5.23	6.31369e-05
5.24	6.37201e-05
5.25	6.40799e-05
5.26	6.42297e-05
5.27	6.51828e-05
5.28	6.59526e-05
5.29	6.65526e-05
5.3	6.69964e-05
5.31	6.82976e-05
5.32	6.847e-05
5.33	6.95275e-05
5.34	6.94838e-05
5.35	7.0353e-05
5.36	7.11492e-05
5.37	7.18864e-05
5.38	7.25789e-05
5.39	7.32411e-05
5.4	7.38872e-05
5.41	7.45317e-05
5.42	7.51892e-05
5.43	7.58743e-05
5.44	7.66017e-05
5.45	7.73861e-05
5.46	7.82425e-05
5.47	7.81856e-05
5.48	7.92306e-05
5.49	7.93926e-05
5.5	8.06866e-05
5.51	8.11279e-05
5.52	8.17319e-05
5.53	8.25139e-05
5.54	8.34895e-05
5.55	8.36741e-05
5.56	8.40834e-05
5.57	8.47331e-05
5.58	8.5639e-05
5.59	8.58169e-05
5.6	8.72828e-05
5.61	8.70527e-05
5.62	8.81426e-05
5.63	8.85687e-05
5.64	8.93472e-05
5.65	8.94945e-05
5.66	9.0027e-05
5.67	9.0961e-05
5.68	9.13131e-05
5.69	9.20999e-05
5.7	9.23382e-05
5.71	9.30446e-05
5.72	9.32359e-05
5.73	9.39291e-05
5.74	9.41412e-05
5.75	9.48891e-05
5.76	9.51899e-05
5.77	9.6061e-05
5.78	9.55194e-05
5.79	9.65825e-05
5.8	9.62678e-05
5.81	9.65927e-05
5.82	9.75746e-05
5.83	9.72313e-05
5.84	9.75804e-05
5.85	9.76396e-05
5.86	9.84267e-05
5.87	9.79596e-05
5.88	9.82562e-05
5.89	9.83346e-05
5.9	9.82129e-05
5.91	9.89091e-05
5.92	9.84414e-05
5.93	9.88283e-05
5.94	9.90878e-05
5.95	9.92386e-05
5.96	0.000100299
5.97	0.000100288
5.98	0.000100223
5.99	0.000101124
6	0.000101009
6.01	0.000101897
6.02	0.000101806
6.03	0.000102757
6.04	0.000102766
6.05	0.000103855
6.06	0.000104041
6.07	0.000104345
6.08	0.000104784
6.09	0.000105378
6.1	0.000106148
6.11	0.000107111
6.12	0.000107288
6.13	0.000107697
6.14	0.000108359
6.15	0.000109294
6.16	0.00010952
6.17	0.000110057
6.18	0.000110925
6.19	0.000111145
6.2	0.000111736
6.21	0.000112717
6.22	0.000113109
6.23	0.000112932
6.24	0.000114205
6.25	0.00011395
6.26	0.000115185
6.27	0.000114933
6.28	0.000115211
6.29	0.000116042
6.3	0.000116445
6.31	0.00011744
6.32	0.000117049
6.33	0.000117291
6.34	0.000118188
6.35	0.000118759
6.36	0.000119026
6.37	0.000119009
6.38	0.000119728
6.39	0.000120205
6.4	0.000120461
6.41	0.000120515
6.42	0.00012039
6.43	0.000121105
6.44	0.000120682
6.45	0.000121143
6.46	0.000121507
6.47	0.000121796
6.48	0.000122031
6.49	0.000122233
6.5	0.000122424
6.51	0.000121624
6.52	0.000121855
6.53	0.000122138
6.54	0.000122495
6.55	0.000121946
6.56	0.000122513
6.57	0.000122218
6.58	0.000122081
6.59	0.000122125
6.6	0.00012237
6.61	0.000121839
6.62	0.000121552
6.63	0.000121532
6.64	0.0001218
6.65	0.000121377
6.66	0.000121285
6.67	0.000121546
6.68	0.000121181
6.69	0.000121213
6.7	0.000120662
6.71	0.000120551
6.72	0.000120901
6.73	0.000120734
6.74	0.000120072
6.75	0.000119937
6.76	0.00011935
6.77	0.000119333
6.78	0.000118909
6.79	0.000119098
6.8	0.000118924
6.81	0.000118407
6.82	0.000118569
6.83	0.000118433
6.84	0.000118021
6.85	0.000117354
6.86	0.000117454
6.87	0.000116343
6.88	0.000117044
6.89	0.000116578
6.9	0.000115967
6.91	0.000115233
6.92	0.000115397
6.93	0.000115483
6.94	0.000114512
6.95	0.000114506
6.96	0.000114487
6.97	0.000114477
6.98	0.000113497
6.99	0.000113571
7	0.000113719
7.01	0.000112964
7.02	0.000112328
7.03	0.000112833
7.04	0.0001125
7.05	0.000112352
7.06	0.000111411
7.07	0.000111698
7.08	0.000111236
7.09	0.000111046
7.1	0.000111151
7.11	0.000110571
7.12	0.00011033
7.13	0.000110449
7.14	0.00011095
7.15	0.000110854
7.16	0.000110185
7.17	0.000109962
7.18	0.000110209
7.19	0.000109947
7.2	0.000110198
7.21	0.000109983
7.22	0.000109325
7.23	0.000110245
7.24	0.000109764
7.25	0.000109905
7.26	0.00010969
7.27	0.000110139
7.28	0.000109274
7.29	0.000110118
7.3	0.000109691
7.31	0.000110015
7.32	0.000110112
7.33	0.000110003
7.34	0.00010971
7.35	0.000110254
7.36	0.000110656
7.37	0.000109939
7.38	0.000110122
7.39	0.000110229
7.4	0.000111279
7.41	0.000111294
7.42	0.000111296
7.43	0.000111306
7.44	0.000111344
7.45	0.000111432
7.46	0.000111591
7.47	0.000111843
7.48	0.000112207
7.49	0.000112706
7.5	0.00011236
7.51	0.00011219
7.52	0.000113217
7.53	0.000113461
7.54	0.000112944
7.55	0.000113687
7.56	0.000113709
7.57	0.000114032
7.58	0.000113677
7.59	0.000113663
7.6	0.000114012
7.61	0.000113744
7.62	0.000113879
7.63	0.000114438
7.64	0.000114442
7.65	0.000113909
7.66	0.000114862
7.67	0.00011432
7.68	0.000114303
7.69	0.000113832
7.7	0.000113925
7.71	0.000113605
7.72	0.000113889
7.73	0.0001138
7.74	0.000113355
7.75	0.000113575
7.76	0.000112481
7.77	0.00011209
7.78	0.000112424
7.79	0.000111502
7.8	0.000111344
7.81	0.000110968
7.82	0.000110394
7.83	0.000109642
7.84	0.000109731
7.85	0.000109681
7.86	0.000109509
7.87	0.000109237
7.88	0.000108882
7.89	0.000108464
7.9	0.000108002
7.91	0.000108515
7.92	0.000108021
7.93	0.000107539
7.94	0.000108088
7.95	0.000107687
7.96	0.000107355
7.97	0.000107109
7.98	0.000106969
7.99	0.000106952
8	0.000107077
8.01	0.000107363
8.02	0.000106828
8.03	0.000106489
8.04	0.000106365
8.05	0.000106474
8.06	0.000106833
8.07	0.000106462
8.08	0.000106376
8.09	0.000106596
8.1	0.000106137
8.11	0.000106017
8.12	0.000106255
8.13	0.000105867
8.14	0.000105872
8.15	0.000106285
8.16	0.000106126
8.17	0.00010641
8.18	0.000106155
8.19	0.000105378
8.2	0.000106096
8.21	0.000105325
8.22	0.000105084
8.23	0.000105387
8.24	0.000105253
8.25	0.000104698
8.26	0.000104738
8.27	0.00010439
8.28	0.00010467
8.29	0.000104594
8.3	0.00010418
8.31	0.000103442
8.32	0.000103397
8.33	0.000103061
8.34	0.00010345
8.35	0.00010258
8.36	0.000102466
8.37	0.000102125
8.38	0.000102572
8.39	0.000101822
8.4	0.000101892
8.41	0.000100795
8.42	0.000100549
8.43	0.000100168
8.44	0.000100667
8.45	0.000100061
8.46	9.93655e-05
8.47	9.85953e-05
8.48	9.87653e-05
8.49	9.78902e-05
8.5	9.79848e-05
8.51	9.70636e-05
8.52	9.71413e-05
8.53	9.62323e-05
8.54	9.53509e-05
8.55	9.55116e-05
8.56	9.47285e-05
8.57	9.40158e-05
8.58	9.33875e-05
8.59	9.28577e-05
8.6	9.24403e-05
8.61	9.21491e-05
8.62	9.09979e-05
8.63	9.00003e-05
8.64	9.01699e-05
8.65	8.95203e-05
8.66	8.80648e-05
8.67	8.78169e-05
8.68	8.67898e-05
8.69	8.59967e-05
8.7	8.54507e-05
8.71	8.51648e-05
8.72	8.4152e-05
8.73	8.34252e-05
8.74	8.19971e-05
8.75	8.18804e-05
8.76	8.10878e-05
8.77	7.96318e-05
8.78	7.85249e-05
8.79	7.77794e-05
8.8	7.74077e-05
8.81	7.6422e-05
8.82	7.58344e-05
8.83	7.46569e-05
8.84	7.39016e-05
8.85	7.25803e-05
8.86	7.17049e-05
8.87	7.0287e-05
8.88	6.93384e-05
8.89	6.88706e-05
8.9	6.7895e-05
8.91	6.64232e-05
8.92	6.54663e-05
8.93	6.50358e-05
8.94	6.31426e-05
8.95	6.2798e-05
8.96	6.10129e-05
8.97	5.97982e-05
8.98	5.91647e-05
8.99	5.81233e-05
9	5.66846e-05
9.01	5.58592e-05
9.02	5.46576e-05
9.03	5.40903e-05
9.04	5.21675e-05
9.05	5.08996e-05
9.06	5.02968e-05
9.07	4.93692e-05
9.08	4.81268e-05
9.09	4.65795e-05
9.1	4.57373e-05
9.11	4.46099e-05
9.12	4.32071e-05
9.13	4.25384e-05
9.14	4.06134e-05
9.15	3.94416e-05
9.16	3.90324e-05
9.17	3.73951e-05
9.18	3.65389e-05
9.19	3.5473e-05
9.2	3.42064e-05
9.21	3.27482e-05
9.22	3.11072e-05
9.23	3.02923e-05
9.24	2.93122e-05
9.25	2.81757e-05
9.26	2.68912e-05
9.27	2.54675e-05
9.28	2.49127e-05
9.29	2.32355e-05
9.3	2.24439e-05
9.31	2.05463e-05
9.32	1.95507e-05
9.33	1.84652e-05
9.34	1.72978e-05
9.35	1.70564e-05
9.36	1.57487e-05
9.37	1.43825e-05
9.38	1.29655e-05
9.39	1.25053e-05
9.4	1.10093e-05
9.41	1.04851e-05
9.42	8.93983e-06
9.43	8.3809e-06
9.44	6.81549e-06
9.45	6.2507e-06
9.46	5.69358e-06
9.47	4.15111e-06
9.48	3.63017e-06
9.49	2.13757e-06
9.5	1.68005e-06
9.51	1.26428e-06
9.52	-1.03151e-07
9.53	-4.15743e-07
9.54	-6.67056e-07
9.55	-1.85073e-06
9.56	-1.96048e-06
9.57	-2.99009e-06
9.58	-3.93344e-06
9.59	-3.78447e-06
9.6	-4.53718e-06
9.61	-5.18566e-06
9.62	-5.72409e-06
9.63	-6.14671e-06
9.64	-6.44782e-06
9.65	-6.62181e-06
9.66	-6.66314e-06
9.67	-7.56636e-06
9.68	-7.32606e-06
9.69	-7.93694e-06
9.7	-8.39374e-06
9.71	-8.69131e-06
9.72	-8.82453e-06
9.73	-8.7884e-06
9.74	-9.57795e-06
9.75	-1.01883e-05
9.76	-9.61468e-06
9.77	-9.85233e-06
9.78	-1.08966e-05
9.79	-1.07429e-05
9.8	-1.13867e-05
9.81	-1.08235e-05
9.82	-1.10491e-05
9.83	-1.20591e-05
9.84	-1.18492e-05
9.85	-1.24154e-05
9.86	-1.27535e-05
9.87	-1.28595e-05
9.88	-1.27295e-05
9.89	-1.33597e-05
9.9	-1.37462e-05
9.91	-1.38852e-05
9.92	-1.37732e-05
9.93	-1.44066e-05
9.94	-1.37818e-05
9.95	-1.48954e-05
9.96	-1.4744e-05
9.97	-1.53244e-05
9.98	-1.56332e-05
9.99	-1.56674e-05
10	-1.64239e-05
10.01	-1.58995e-05
10.02	-1.60915e-05
10.03	-1.69968e-05
10.04	-1.76128e-05
10.05	-1.79365e-05
10.06	-1.79655e-05
10.07	-1.8697e-05
10.08	-1.91286e-05
10.09	-1.92578e-05
10.1	-2.00821e-05
10.11	-2.05994e-05
10.12	-2.08072e-05
10.13	-2.07035e-05
10.14	-2.12861e-05
10.15	-2.25529e-05
10.16	-2.25021e-05
10.17	-2.31316e-05
10.18	-2.34397e-05
10.19	-2.44246e-05
10.2	-2.50845e-05
10.21	-2.54179e-05
10.22	-2.64232e-05
10.23	-2.70988e-05
10.24	-2.74434e-05
10.25	-2.84557e-05
10.26	-2.91342e-05
10.27	-2.94778e-05
10.28	-3.04854e-05
10.29	-3.11558e-05
10.3	-3.2488e-05
10.31	-3.34812e-05
10.32	-3.41343e-05
10.33	-3.44467e-05
10.34	-3.54175e-05
10.35	-3.70461e-05
10.36	-3.73319e-05
10.37	-3.82743e-05
10.38	-3.98729e-05
10.39	-4.11273e-05
10.4	-4.20371e-05
10.41	-4.2602e-05
10.42	-4.3822e-05
10.43	-4.46968e-05
10.44	-4.62264e-05
10.45	-4.74108e-05
10.46	-4.825e-05
10.47	-4.97443e-05
10.48	-5.08938e-05
10.49	-5.16987e-05
10.5	-5.31596e-05
10.51	-5.42767e-05
10.52	-5.60506e-05
10.53	-5.74817e-05
10.54	-5.85708e-05
10.55	-6.03185e-05
10.56	-6.17256e-05
10.57	-6.27929e-05
10.58	-6.45213e-05
10.59	-6.59117e-05
10.6	-6.69652e-05
10.61	-6.86829e-05
10.62	-7.00659e-05
10.63	-7.11155e-05
10.64	-7.28331e-05
10.65	-7.42198e-05
10.66	-7.62773e-05
10.67	-7.8007e-05
10.68	-7.94105e-05
10.69	-8.14894e-05
10.7	-8.22455e-05
10.71	-8.46805e-05
10.72	-8.57963e-05
10.73	-8.75948e-05
10.74	-8.90781e-05
10.75	-9.12481e-05
10.76	-9.3107e-05
10.77	-9.4657e-05
10.78	-9.59004e-05
10.79	-9.78394e-05
10.8	-9.94766e-05
10.81	-0.000100814
10.82	-0.000102855
10.83	-0.000104602
10.84	-0.000107057
10.85	-0.000108223
10.86	-0.000110104
10.87	-0.000111701
10.88	-0.000114018
10.89	-0.000115058
10.9	-0.000116824
10.91	-0.000119319
10.92	-0.000120547
10.93	-0.00012251
10.94	-0.000124213
10.95	-0.000125658
10.96	-0.000127849
10.97	-0.00012979
10.98	-0.000131484
10.99	-0.000132936
11	-0.000135148
11.01	-0.000137126
11.02	-0.000137872
11.03	-0.000140391
11.04	-0.000141687
11.05	-0.000143763
11.06	-0.000145626
11.07	-0.000147278
11.08	-0.000148723
11.09	-0.000149968
11.1	-0.000152015
11.11	-0.00015287
11.12	-0.000154538
11.13	-0.000156022
11.14	-0.000158328
11.15	-0.000159461
11.16	-0.000161426
11.17	-0.000162227
11.18	-0.000163871
11.19	-0.000165361
11.2	-0.000166704
11.21	-0.000167904
11.22	-0.000168967
11.23	-0.000170899
11.24	-0.000171705
11.25	-0.000173391
11.26	-0.000173962
11.27	-0.000175425
11.28	-0.000176784
11.29	-0.000177047
11.3	-0.000178218
11.31	-0.000179304
11.32	-0.000180312
11.33	-0.000181247
11.34	-0.000182116
11.35	-0.000182925
11.36	-0.00018368
11.37	-0.000184389
11.38	-0.000186057
11.39	-0.000186692
11.4	-0.000187299
11.41	-0.000187887
11.42	-0.000189462
11.43	-0.00019003
11.44	-0.000190599
11.45	-0.000191177
11.46	-0.000191769
11.47	-0.000193385
11.48	-0.00019403
11.49	-0.000194712
11.5	-0.000195439
11.51	-0.000196219
11.52	-0.000197059
11.53	-0.000196967
11.54	-0.00019795
11.55	-0.000199018
11.56	-0.000199177
11.57	-0.000200435
11.58	-0.000200802
11.59	-0.000201284
11.6	-0.000201891
11.61	-0.000202631
11.62	-0.000203511
11.63	-0.000204542
11.64	-0.000204731
11.65	-0.000206087
11.66	-0.000206618
11.67	-0.000207335
11.68	-0.000208245
11.69	-0.000208358
11.7	-0.000208682
11.71	-0.000210227
11.72	-0.000210002
11.73	-0.000211017
11.74	-0.000211281
11.75	-0.000212803
11.76	-0.000212593
11.77	-0.00021366
11.78	-0.000214015
11.79	-0.000214667
11.8	-0.000215626
11.81	-0.000215901
11.82	-0.000216504
11.83	-0.000217444
11.84	-0.000217731
11.85	-0.000218376
11.86	-0.000219389
11.87	-0.000219781
11.88	-0.000220561
11.89	-0.000221741
11.9	-0.000222331
11.91	-0.000222342
11.92	-0.000223786
11.93	-0.000223672
11.94	-0.000225012
11.95	-0.000224817
11.96	-0.000226098
11.97	-0.000226867
11.98	-0.000227134
11.99	-0.000227911
12	-0.000228211
12.01	-0.000229043
12.02	-0.000229421
12.03	-0.000230355
12.04	-0.000230858
12.05	-0.000231941
12.06	-0.000232616
12.07	-0.000232896
12.08	-0.000233793
12.09	-0.000234319
12.1	-0.000235486
12.11	-0.000236306
12.12	-0.000236793
12.13	-0.000236958
12.14	-0.000237815
12.15	-0.000238375
12.16	-0.000239653
12.17	-0.00023966
12.18	-0.00024041
12.19	-0.000240915
12.2	-0.00024219
12.21	-0.000242246
12.22	-0.000243098
12.23	-0.000243759
12.24	-0.000244241
12.25	-0.00024556
12.26	-0.000245728
12.27	-0.000246758
12.28	-0.000247666
12.29	-0.000248464
12.3	-0.000249167
12.31	-0.000249788
12.32	-0.000250342
12.33	-0.000250843
12.34	-0.000251305
12.35	-0.000252742
12.36	-0.000253169
12.37	-0.000253601
12.38	-0.000254051
12.39	-0.000255535
12.4	-0.000256067
12.41	-0.000256662
12.42	-0.000257335
12.43	-0.000258101
12.44	-0.000258975
12.45	-0.000258972
12.46	-0.000260108
12.47	-0.000260397
12.48	-0.000261854
12.49	-0.000262496
12.5	-0.000263338
12.51	-0.000263396
12.52	-0.000264684
12.53	-0.000265219
12.54	-0.000266017
12.55	-0.000266093
12.56	-0.000267463
12.57	-0.000268144
12.58	-0.000268152
12.59	-0.000269503
12.6	-0.000270212
12.61	-0.000270297
12.62	-0.000270774
12.63	-0.000271659
12.64	-0.000272969
12.65	-0.00027372
12.66	-0.000273929
12.67	-0.000274614
12.68	-0.00027479
12.69	-0.000275475
12.7	-0.000276686
12.71	-0.000277439
12.72	-0.000277752
12.73	-0.000278643
12.74	-0.000279128
12.75	-0.000279225
12.76	-0.000279951
12.77	-0.000280323
12.78	-0.00028136
12.79	-0.000282079
12.8	-0.000282497
12.81	-0.000282633
12.82	-0.000283503
12.83	-0.000284127
12.84	-0.000284522
12.85	-0.000284706
12.86	-0.000285697
12.87	-0.000286514
12.88	-0.000286174
12.89	-0.000286696
12.9	-0.000287098
12.91	-0.000287399
12.92	-0.000288617
12.93	-0.00028877
12.94	-0.000288878
12.95	-0.000288959
12.96	-0.000289032
12.97	-0.000290116
12.98	-0.000290228
12.99	-0.000290389
13	-0.000290618
13.01	-0.000290933
13.02	-0.000290353
13.03	-0.000290898
13.04	-0.000291587
13.05	-0.000291439
13.06	-0.000291473
13.07	-0.00029171
13.08	-0.000292167
13.09	-0.000292866
13.1	-0.000292825
13.11	-0.000293064
13.12	-0.000293603
13.13	-0.000294461
13.14	-0.000294658
13.15	-0.000295215
13.16	-0.00029515
13.17	-0.000295485
13.18	-0.000296238
13.19	-0.00029743
13.2	-0.000297081
13.21	-0.000298211
13.22	-0.000298841
13.23	-0.00029899
13.24	-0.000299679
13.25	-0.000299928
13.26	-0.000300758
13.27	-0.000301188
13.28	-0.00030224
13.29	-0.000302934
13.3	-0.000303291
13.31	-0.000303331
13.32	-0.000304074
13.33	-0.000304542
13.34	-0.000304755
13.35	-0.000305734
13.36	-0.0003065
13.37	-0.000307073
13.38	-0.000307475
13.39	-0.000307727
13.4	-0.000307848
13.41	-0.000308862
13.42	-0.000308787
13.43	-0.000309646
13.44	-0.00030946
13.45	-0.000310249
13.46	-0.000310036
13.47	-0.00031084
13.48	-0.000310684
13.49	-0.000311589
13.5	-0.000311576
13.51	-0.000311666
13.52	-0.00031188
13.53	-0.000312241
13.54	-0.00031177
13.55	-0.000312487
13.56	-0.000312415
13.57	-0.000312574
13.58	-0.000312988
13.59	-0.000312676
13.6	-0.000312661
13.61	-0.000312964
13.62	-0.000312607
13.63	-0.000312612
13.64	-0.000313
13.65	-0.000312792
13.66	-0.000312012
13.67	-0.00031268
13.68	-0.000311817
13.69	-0.000312447
13.7	-0.00031159
13.71	-0.000311269
13.72	-0.000311505
13.73	-0.000311321
13.74	-0.000310737
13.75	-0.000310776
13.76	-0.00031046
13.77	-0.00030981
13.78	-0.000309849
13.79	-0.000309598
13.8	-0.00030908
13.81	-0.000308315
13.82	-0.000308327
13.83	-0.000308138
13.84	-0.000306768
13.85	-0.00030724
13.86	-0.000306576
13.87	-0.000305799
13.88	-0.000304929
13.89	-0.000304989
13.9	-0.000304001
13.91	-0.000303987
13.92	-0.000302968
13.93	-0.000302968
13.94	-0.000302007
13.95	-0.000301108
13.96	-0.000300293
13.97	-0.000300584
13.98	-0.000299002
13.99	-0.00029857
14	-0.00029831
14.01	-0.000297243
14.02	-0.000297391
14.03	-0.000295777
14.04	-0.000295423
14.05	-0.00029535
14.06	-0.00029458
14.07	-0.000293135
14.08	-0.000293037
14.09	-0.000292308
14.1	-0.00029197
14.11	-0.000291044
14.12	-0.000290553
14.13	-0.000289519
14.14	-0.000288962
14.15	-0.000287905
14.16	-0.00028737
14.17	-0.000286378
14.18	-0.000285952
14.19	-0.000285112
14.2	-0.000284881
14.21	-0.00028428
14.22	-0.000283331
14.23	-0.000283056
14.24	-0.000282476
14.25	-0.000281613
14.26	-0.000280488
14.27	-0.000280123
14.28	-0.000279539
14.29	-0.000278758
14.3	-0.000277802
14.31	-0.000277691
14.32	-0.000276448
14.33	-0.000276093
14.34	-0.000275648
14.35	-0.000275135
14.36	-0.000274574
14.37	-0.000273986
14.38	-0.000273394
14.39	-0.000272818
14.4	-0.00027228
14.41	-0.0002718
14.42	-0.000271399
14.43	-0.000270099
14.44	-0.000269921
14.45	-0.000269886
14.46	-0.000269014
14.47	-0.000268327
14.48	-0.000267845
14.49	-0.000267589
14.5	-0.00026658
14.51	-0.000266839
14.52	-0.000265386
14.53	-0.000265243
14.54	-0.000264429
14.55	-0.000263965
14.56	-0.000263872
14.57	-0.000263171
14.58	-0.000262881
14.59	-0.000262023
14.6	-0.000261618
14.61	-0.000261685
14.62	-0.000261246
14.63	-0.00026032
14.64	-0.000259927
14.65	-0.000259088
14.66	-0.000258822
14.67	-0.00025815
14.68	-0.000258091
14.69	-0.000257666
14.7	-0.000256894
14.71	-0.000256796
14.72	-0.00025639
14.73	-0.000255696
14.74	-0.000254735
14.75	-0.000254525
14.76	-0.000253087
14.77	-0.00025344
14.78	-0.000252602
14.79	-0.000251595
14.8	-0.000250436
14.81	-0.000250145
14.82	-0.000249741
14.83	-0.000248244
14.84	-0.000247672
14.85	-0.000247045
14.86	-0.000246381
14.87	-0.0002457
14.88	-0.00024402
14.89	-0.000243359
14.9	-0.000242738
14.91	-0.000241173
14.92	-0.000239684
14.93	-0.00023929
14.94	-0.000238009
14.95	-0.000236858
14.96	-0.000235858
14.97	-0.000234025
14.98	-0.000233377
14.99	-0.000231935
15	-0.000230714
15.01	-0.000229733
15.02	-0.000229011
15.03	-0.000228564
15.04	-0.000227411
15.05	-0.000226569
15.06	-0.000225057
15.07	-0.000223891
15.08	-0.00022309
15.09	-0.00022267
15.1	-0.000221649
15.11	-0.000221045
15.12	-0.000219874
15.13	-0.000219154
15.14	-0.000217902
15.15	-0.000217134
15.16	-0.000215868
15.17	-0.000215122
15.18	-0.00021391
15.19	-0.000213251
15.2	-0.00021216
15.21	-0.000211656
15.22	-0.000210753
15.23	-0.000209468
15.24	-0.000208818
15.25	-0.00020782
15.26	-0.000206488
15.27	-0.000205841
15.28	-0.000204892
15.29	-0.000204659
15.3	-0.000203158
15.31	-0.000202404
15.32	-0.000201412
15.33	-0.0002002
15.34	-0.000199782
15.35	-0.000198173
15.36	-0.00019739
15.37	-0.000196448
15.38	-0.000195361
15.39	-0.000194146
15.4	-0.000193817
15.41	-0.00019239
15.42	-0.000191879
15.43	-0.000190299
15.44	-0.000189665
15.45	-0.000187993
15.46	-0.000187296
15.47	-0.000185589
15.48	-0.000184886
15.49	-0.000184203
15.5	-0.000182554
15.51	-0.000181952
15.52	-0.000180412
15.53	-0.000178949
15.54	-0.000177575
15.55	-0.000176306
15.56	-0.000175154
15.57	-0.000174135
15.58	-0.000173261
15.59	-0.000171546
15.6	-0.000171003
15.61	-0.000169647
15.62	-0.000167491
15.63	-0.000166547
15.64	-0.00016483
15.65	-0.000164352
15.66	-0.000162127
15.67	-0.000161166
15.68	-0.000159484
15.69	-0.000158094
15.7	-0.000157007
15.71	-0.000155237
15.72	-0.000153795
15.73	-0.000152696
15.74	-0.000150951
15.75	-0.000149572
15.76	-0.000147572
15.77	-0.000146962
15.78	-0.000144756
15.79	-0.000142965
15.8	-0.000141601
15.81	-0.000139675
15.82	-0.0001382
15.83	-0.000137188
15.84	-0.000135649
15.85	-0.000133596
15.86	-0.00013204
15.87	-0.000129992
15.88	-0.000128464
15.89	-0.000126466
15.9	-0.000125011
15.91	-0.000123108
15.92	-0.00012177
15.93	-0.000120006
15.94	-0.000117828
15.95	-0.000116246
15.96	-0.000114271
15.97	-0.000112914
15.98	-0.000111185
15.99	-0.000109094
16	-0.000106652
16.01	-0.000104869
16.02	-0.000103755
16.03	-0.000101321
16.04	-9.95757e-05
16.05	-9.75297e-05
16.06	-9.51927e-05
16.07	-9.35744e-05
16.08	-9.16846e-05
16.09	-8.95329e-05
16.1	-8.81287e-05
16.11	-8.54815e-05
16.12	-8.36007e-05
16.13	-8.14955e-05
16.14	-8.01752e-05
16.15	-7.76488e-05
16.16	-7.59254e-05
16.17	-7.4014e-05
16.18	-7.19234e-05
16.19	-6.96625e-05
16.2	-6.724e-05
16.21	-6.56645e-05
16.22	-6.39445e-05
16.23	-6.10886e-05
16.24	-5.91052e-05
16.25	-5.70026e-05
16.26	-5.57891e-05
16.27	-5.34727e-05
16.28	-5.10618e-05
16.29	-4.95641e-05
16.3	-4.69877e-05
16.31	-4.53405e-05
16.32	-4.26302e-05
16.33	-4.08645e-05
16.34	-3.90511e-05
16.35	-3.71975e-05
16.36	-3.43112e-05
16.37	-3.23995e-05
16.38	-3.04699e-05
16.39	-2.85295e-05
16.4	-2.65855e-05
16.41	-2.4645e-05
16.42	-2.2715e-05
16.43	-2.08024e-05
16.44	-1.89142e-05
16.45	-1.7057e-05
16.46	-1.42376e-05
16.47	-1.24627e-05
16.48	-1.07387e-05
16.49	-9.07223e-06
16.5	-7.4696e-06
16.51	-4.93717e-06
16.52	-3.48119e-06
16.53	-1.10784e-06
16.54	1.76779e-07
16.55	2.36663e-06
16.56	4.45577e-06
16.57	5.43831e-06
16.58	7.30845e-06
16.59	9.06045e-06
16.6	1.06887e-05
16.61	1.21875e-05
16.62	1.35515e-05
16.63	1.57751e-05
16.64	1.68531e-05
16.65	1.87801e-05
16.66	1.95509e-05
16.67	2.11604e-05
16.68	2.26036e-05
16.69	2.38753e-05
16.7	2.49708e-05
16.71	2.68851e-05
16.72	2.76134e-05
16.73	2.91512e-05
16.74	3.04937e-05
16.75	3.16364e-05
16.76	3.25748e-05
16.77	3.33045e-05
16.78	3.48211e-05
16.79	3.61204e-05
16.8	3.71982e-05
16.81	3.80504e-05
16.82	3.86728e-05
16.83	4.00616e-05
16.84	4.12128e-05
16.85	4.21225e-05
16.86	4.37871e-05
16.87	4.42027e-05
16.88	4.53659e-05
16.89	4.6273e-05
16.9	4.69205e-05
16.91	4.8305e-05
16.92	4.94232e-05
16.93	5.02718e-05
16.94	5.18476e-05
16.95	5.21476e-05
16.96	5.31685e-05
16.97	5.39074e-05
16.98	5.53615e-05
16.99	5.65277e-05
17	5.74035e-05
17.01	5.7986e-05
17.02	5.92726e-05
17.03	6.02608e-05
17.04	6.0948e-05
17.05	6.23318e-05
17.06	6.34099e-05
17.07	6.41799e-05
17.08	6.56396e-05
17.09	6.67869e-05
17.1	6.76197e-05
17.11	6.91359e-05
17.12	7.03337e-05
17.13	7.1211e-05
17.14	7.17662e-05
17.15	7.29975e-05
17.16	7.39032e-05
17.17	7.54817e-05
17.18	7.67314e-05
17.19	7.7651e-05
17.2	7.92389e-05
17.21	8.04939e-05
17.22	8.14147e-05
17.23	8.30002e-05
17.24	8.42491e-05
17.25	8.51605e-05
17.26	8.67333e-05
17.27	8.79666e-05
17.28	8.98596e-05
17.29	9.04116e-05
17.3	9.26216e-05
17.31	9.34893e-05
17.32	9.50138e-05
17.33	9.61948e-05
17.34	9.80319e-05
17.35	9.95245e-05
17.36	0.000100672
17.37	0.000102476
17.38	0.000103933
17.39	0.000106046
17.4	0.000106814
17.41	0.000109236
17.42	0.000110313
17.43	0.000112046
17.44	0.000113434
17.45	0.000115477
17.46	0.000117176
17.47	0.000118532
17.48	0.000120545
17.49	0.000122215
17.5	0.000124544
17.51	0.000126531
17.52	0.000128178
17.53	0.000129486
17.54	0.000131455
17.55	0.000134087
17.56	0.000135382
17.57	0.000137342
17.58	0.000139967
17.59	0.00014126
17.6	0.000143221
17.61	0.000145852
17.62	0.000148155
17.63	0.00015013
17.64	0.000151779
17.65	0.000154105
17.66	0.000156109
17.67	0.000158792
17.68	0.000160157
17.69	0.000163205
17.7	0.000164939
17.71	0.000167361
17.72	0.000169472
17.73	0.000172275
17.74	0.000173773
17.75	0.000176967
17.76	0.000178861
17.77	0.000181456
17.78	0.000183755
17.79	0.000185761
17.8	0.000188477
17.81	0.000190905
17.82	0.000193048
17.83	0.000195909
17.84	0.000197491
17.85	0.000200798
17.86	0.000202831
17.87	0.000205596
17.88	0.000208094
17.89	0.000210329
17.9	0.000212305
17.91	0.000215024
17.92	0.000217492
17.93	0.00021971
17.94	0.000222683
17.95	0.000225415
17.96	0.00022791
17.97	0.000230171
17.98	0.000233203
17.99	0.000235008
18	0.000237593
18.01	0.00023996
18.02	0.000243115
18.03	0.00024506
18.04	0.000247802
18.05	0.000250344
18.06	0.000252691
18.07	0.000255847
18.08	0.000257817
18.09	0.000260607
18.1	0.00026322
18.11	0.000265662
18.12	0.000267938
18.13	0.000270053
18.14	0.000273011
18.15	0.000274819
18.16	0.000277481
18.17	0.000280003
18.18	0.000282391
18.19	0.000284649
18.2	0.000286783
18.21	0.0002898
18.22	0.000291704
18.23	0.000293502
18.24	0.000296199
18.25	0.000298802
18.26	0.000300316
18.27	0.000302748
18.28	0.000305103
18.29	0.000307389
18.3	0.00030961
18.31	0.000311775
18.32	0.000312888
18.33	0.000314958
18.34	0.000316989
18.35	0.00031899
18.36	0.000320967
18.37	0.000322927
18.38	0.000324876
18.39	0.000326822
18.4	0.000328771
18.41	0.000329732
18.42	0.000331711
18.43	0.000333715
18.44	0.000334752
18.45	0.00033683
18.46	0.000337955
18.47	0.000339137
18.48	0.000341381
18.49	0.000342697
18.5	0.000344091
18.51	0.000345572
18.52	0.000346149
18.53	0.000347828
18.54	0.000349618
18.55	0.000350528
18.56	0.000352566
18.57	0.00035374
18.58	0.000355058
18.59	0.00035653
18.6	0.000358163
18.61	0.000358967
18.62	0.000359951
18.63	0.000362123
18.64	0.000362492
18.65	0.000364067
18.66	0.000365858
18.67	0.000366873
18.68	0.000368122
18.69	0.000369615
18.7	0.00037036
18.71	0.000372367
18.72	0.000373646
18.73	0.000374207
18.74	0.000376059
18.75	0.000377212
18.76	0.000377676
18.77	0.000379461
18.78	0.000380578
18.79	0.000382035
18.8	0.000382844
18.81	0.000384015
18.82	0.000385558
18.83	0.000386484
18.84	0.000387803
18.85	0.000388526
18.86	0.000389663
18.87	0.000391226
18.88	0.000392226
18.89	0.000393672
18.9	0.000394578
18.91	0.000395952
18.92	0.000396808
18.93	0.000398155
18.94	0.000399006
18.95	0.000400371
18.96	0.000401263
18.97	0.000401693
18.98	0.000403673
18.99	0.000404214
19	0.000405329
19.01	0.000406029
19.02	0.000407326
19.03	0.000408233
19.04	0.000409761
19.05	0.000410923
19.06	0.000411731
19.07	0.000413198
19.08	0.000413337
19.09	0.000415159
19.1	0.000415677
19.11	0.000416905
19.12	0.000417854
19.13	0.000418539
19.14	0.000419972
19.15	0.000421165
19.16	0.000422133
19.17	0.000422889
19.18	0.000423445
19.19	0.000424815
19.2	0.000426013
19.21	0.000427052
19.22	0.000427946
19.23	0.000428708
19.24	0.000429353
19.25	0.000430895
19.26	0.000431346
19.27	0.000432722
19.28	0.000433036
19.29	0.000434303
19.3	0.000435536
19.31	0.000435751
19.32	0.000436962
19.33	0.000438182
19.34	0.000439428
19.35	0.000439713
19.36	0.000441052
19.37	0.000441461
19.38	0.000442953
19.39	0.000443545
19.4	0.00044425
19.41	0.000445085
19.42	0.000446064
19.43	0.000447203
19.44	0.000448517
19.45	0.000449022
19.46	0.000449732
19.47	0.000450665
19.48	0.000451835
19.49	0.000452258
19.5	0.00045395
19.51	0.000453927
19.52	0.000455205
19.53	0.0004558
19.54	0.000456728
19.55	0.000458006
19.56	0.000458649
19.57	0.000459674
19.58	0.000460098
19.59	0.000460936
19.6	0.000462207
19.61	0.000462925
19.62	0.000464109
19.63	0.000464774
19.64	0.000464938
19.65	0.000466617
19.66	0.000466829
19.67	0.000467591
19.68	0.00046892
19.69	0.000469833
19.7	0.000470347
19.71	0.00047148
19.72	0.00047225
19.73	0.000472673
19.74	0.000473768
19.75	0.000474551
19.76	0.000475042
19.77	0.000476257
19.78	0.000476214
19.79	0.000476932
19.8	0.000478428
19.81	0.000478721
19.82	0.000479828
19.83	0.000479767
19.84	0.000480558
19.85	0.000481218
19.86	0.000481766
19.87	0.00048322
19.88	0.000483599
19.89	0.00048392
19.9	0.000485204
19.91	0.000485468
19.92	0.000485732
19.93	0.000487014
19.94	0.000487333
19.95	0.000487708
19.96	0.000488158
19.97	0.000488702
19.98	0.00048936
19.99	0.00049015
20	0.000490091
20.01	0.000491204
20.02	0.000491507
20.03	0.000492019
20.04	0.000492761
20.05	0.000492752
20.06	0.000493011
20.07	0.000493558
20.08	0.000493413
20.09	0.000493596
20.1	0.000494125
20.11	0.000495022
20.12	0.000494305
20.13	0.000494996
20.14	0.000495114
20.15	0.000495678
20.16	0.00049571
20.17	0.00049523
20.18	0.000495256
20.19	0.000495811
20.2	0.000495913
20.21	0.000495584
20.22	0.000495844
20.23	0.000496713
20.24	0.000496212
20.25	0.000496361
20.26	0.000497181
20.27	0.000497693
20.28	0.000497916
20.29	0.000497873
20.3	0.000498583
20.31	0.000499068
20.32	0.000499347
20.33	0.000499443
20.34	0.000500376
20.35	0.000500166
20.36	0.000500836
20.37	0.000501406
20.38	0.000501896
20.39	0.000502329
20.4	0.000502724
20.41	0.000503105
20.42	0.00050349
20.43	0.000503903
20.44	0.000504363
20.45	0.000504893
20.46	0.000504513
20.47	0.000505246
20.48	0.000506111
20.49	0.000506132
20.5	0.000506329
20.51	0.000506723
20.52	0.000507337
20.53	0.000507191
20.54	0.000507308
20.55	0.000507708
20.56	0.000507414
20.57	0.000508447
20.58	0.000507829
20.59	0.00050858
20.6	0.000508724
20.61	0.000508282
20.62	0.000508275
20.63	0.000508725
20.64	0.000508654
20.65	0.000509084
20.66	0.000509036
20.67	0.000508533
20.68	0.000508595
20.69	0.000508246
20.7	0.000508507
20.71	0.000508399
20.72	0.000507945
20.73	0.000508166
20.74	0.000507085
20.75	0.000506723
20.76	0.000507102
20.77	0.000506244
20.78	0.000506172
20.79	0.000505906
20.8	0.00050547
20.81	0.000504884
20.82	0.000504171
20.83	0.000504354
20.84	0.000503453
20.85	0.00050249
20.86	0.000502489
20.87	0.000501471
20.88	0.000501457
20.89	0.00050047
20.9	0.000499531
20.91	0.000498664
20.92	0.000498889
20.93	0.000497228
20.94	0.000496705
20.95	0.000496339
20.96	0.000495155
20.97	0.000494173
20.98	0.000493415
20.99	0.000492903
21	0.00049166
21.01	0.000490707
21.02	0.000490066
21.03	0.00048876
21.04	0.000487809
21.05	0.000487235
21.06	0.000486062
21.07	0.00048531
21.08	0.000484001
21.09	0.000483157
21.1	0.000481801
21.11	0.000480953
21.12	0.000479635
21.13	0.00047887
21.14	0.000477679
21.15	0.000476083
21.16	0.000475105
21.17	0.000473766
21.18	0.000473088
21.19	0.000471092
21.2	0.0004698
21.21	0.000469233
21.22	0.000467413
21.23	0.000466363
21.24	0.000465102
21.25	0.000463653
21.26	0.000463037
21.27	0.000461275
21.28	0.000460389
21.29	0.000459401
21.3	0.000457331
21.31	0.000456201
21.32	0.000455032
21.33	0.000453846
21.34	0.000452663
21.35	0.000451505
21.36	0.000450394
21.37	0.000448349
21.38	0.000447392
21.39	0.000445544
21.4	0.000444827
21.41	0.000443261
21.42	0.000441867
21.43	0.000440666
21.44	0.000439678
21.45	0.000437926
21.46	0.000436428
21.47	0.000435207
21.48	0.000434283
21.49	0.000432676
21.5	0.000431407
21.51	0.000430496
21.52	0.000428965
21.53	0.000427834
21.54	0.000426122
21.55	0.000424851
21.56	0.00042404
21.57	0.000422711
21.58	0.000420882
21.59	0.000419576
21.6	0.00041881
21.61	0.000417607
21.62	0.000415985
21.63	0.000414964
21.64	0.000413566
21.65	0.000411808
21.66	0.000410713
21.67	0.000409298
21.68	0.000408584
21.69	0.00040659
21.7	0.000405337
21.71	0.000404843
21.72	0.000403129
21.73	0.000402213
21.74	0.000400115
21.75	0.000398855
21.76	0.000397451
21.77	0.000396923
21.78	0.00039529
21.79	0.000393572
21.8	0.000392786
21.81	0.000390953
21.82	0.00039009
21.83	0.000388218
21.84	0.000387355
21.85	0.000385519
21.86	0.000384729
21.87	0.000383004
21.88	0.000381362
21.89	0.000379822
21.9	0.000378403
21.91	0.000377122
21.92	0.000375998
21.93	0.000374049
21.94	0.000372293
21.95	0.000370749
21.96	0.000369435
21.97	0.000367367
21.98	0.000365566
21.99	0.000364047
22	0.000362829
22.01	0.00036093
22.02	0.000359367
22.03	0.000357158
22.04	0.00035532
22.05	0.000352871
22.06	0.000350828
22.07	0.000349208
22.08	0.000347029
22.09	0.000345307
22.1	0.00034306
22.11	0.000341305
22.12	0.000339059
22.13	0.000337338
22.14	0.000335159
22.15	0.00033354
22.16	0.000331496
22.17	0.000330044
22.18	0.000328201
22.19	0.000325983
22.2	0.000324406
22.21	0.000322487
22.22	0.000320242
22.23	0.000318687
22.24	0.000316838
22.25	0.00031471
22.26	0.000313321
22.27	0.000311685
22.28	0.000309819
22.29	0.000307737
22.3	0.000306457
22.31	0.000303992
22.32	0.000302359
22.33	0.000300573
22.34	0.000298649
22.35	0.000296602
22.36	0.000295448
22.37	0.000293201
22.38	0.000291877
22.39	0.00028949
22.4	0.000288055
22.41	0.000286587
22.42	0.000284101
22.43	0.000282611
22.44	0.000281131
22.45	0.000278676
22.46	0.000277261
22.47	0.000274899
22.48	0.000273605
22.49	0.000271393
22.5	0.000269276
22.51	0.000267269
22.52	0.000265386
22.53	0.00026364
22.54	0.000262046
22.55	0.000259616
22.56	0.000258364
22.57	0.000256303
22.58	0.000254448
22.59	0.000251811
22.6	0.000250406
22.61	0.000248245
22.62	0.000246342
22.63	0.00024371
22.64	0.000242361
22.65	0.000240308
22.66	0.000237565
22.67	0.000236143
22.68	0.000234055
22.69	0.000231314
22.7	0.000229933
22.71	0.000227922
22.72	0.000225296
22.73	0.000223065
22.74	0.000221242
22.75	0.000218839
22.76	0.000216868
22.77	0.00021434
22.78	0.000212268
22.79	0.000209663
22.8	0.000207536
22.81	0.000204899
22.82	0.000202765
22.83	0.000200142
22.84	0.000198045
22.85	0.000195482
22.86	0.000193466
22.87	0.000191007
22.88	0.000188117
22.89	0.000185806
22.9	0.000184084
22.91	0.000180964
22.92	0.000178455
22.93	0.000176567
22.94	0.000173312
22.95	0.0001707
22.96	0.000168741
22.97	0.000166444
22.98	0.000163821
22.99	0.000160882
23	0.000157635
23.01	0.000155092
23.02	0.000153262
23.03	0.000150154
23.04	0.000147779
23.05	0.000145146
23.06	0.000142264
23.07	0.000139143
23.08	0.000136792
23.09	0.00013322
23.1	0.000130437
23.11	0.000128452
23.12	0.000125273
23.13	0.00012291
23.14	0.000119371
23.15	0.000116666
23.16	0.000113802
23.17	0.000110789
23.18	0.000107635
23.19	0.000105349
23.2	0.000101938
23.21	9.94112e-05
23.22	9.5777e-05
23.23	9.30433e-05
23.24	9.02182e-05
23.25	8.73097e-05
23.26	8.43256e-05
23.27	8.12739e-05
23.28	7.81622e-05
23.29	7.49982e-05
23.3	7.17896e-05
23.31	6.95438e-05
23.32	6.62683e-05
23.33	6.29705e-05
23.34	5.96576e-05
23.35	5.63369e-05
23.36	5.40155e-05
23.37	5.07004e-05
23.38	4.73986e-05
23.39	4.41171e-05
23.4	4.08626e-05
23.41	3.8642e-05
23.42	3.54619e-05
23.43	3.23288e-05
23.44	2.92494e-05
23.45	2.623e-05
23.46	2.22771e-05
23.47	1.93969e-05
23.48	1.65957e-05
23.49	1.28796e-05
23.5	1.02547e-05
23.51	6.72695e-06
23.52	4.30234e-06
23.53	9.86683e-07
23.54	-2.21423e-06
23.55	-5.29472e-06
23.56	-8.24913e-06
23.57	-1.10719e-05
23.58	-1.47576e-05
23.59	-1.73009e-05
23.6	-2.06962e-05
23.61	-2.39385e-05
23.62	-2.60226e-05
23.63	-2.99432e-05
23.64	-3.26954e-05
23.65	-3.52743e-05
23.66	-3.86748e-05
23.67	-4.08923e-05
23.68	-4.3922e-05
23.69	-4.67591e-05
23.7	-4.93991e-05
23.71	-5.28375e-05
23.72	-5.50698e-05
23.73	-5.80916e-05
23.74	-6.08986e-05
23.75	-6.34865e-05
23.76	-6.58513e-05
23.77	-6.89888e-05
23.78	-7.1895e-05
23.79	-7.35659e-05
23.8	-7.59976e-05
23.81	-7.91864e-05
23.82	-8.11284e-05
23.83	-8.38201e-05
23.84	-8.62578e-05
23.85	-8.8438e-05
23.86	-9.03573e-05
23.87	-9.30122e-05
23.88	-9.53995e-05
23.89	-9.75159e-05
23.9	-9.93582e-05
23.91	-0.000100923
23.92	-0.000103208
23.93	-0.00010521
23.94	-0.000107926
23.95	-0.000109352
23.96	-0.000111488
23.97	-0.000113328
23.98	-0.000115872
23.99	-0.000117117
24	-0.000119059
24.01	-0.000121697
24.02	-0.000123029
24.03	-0.000125051
24.04	-0.000126762
24.05	-0.00012916
24.06	-0.000131243
24.07	-0.000133008
24.08	-0.000134454
24.09	-0.000136579
24.1	-0.000138381
24.11	-0.000140859
24.12	-0.00014201
24.13	-0.000143833
24.14	-0.000146327
24.15	-0.00014749
24.16	-0.000149322
24.17	-0.000151819
24.18	-0.000152982
24.19	-0.000154809
24.2	-0.000157299
24.21	-0.000159452
24.22	-0.000161265
24.23	-0.000162738
24.24	-0.000164871
24.25	-0.000166662
24.26	-0.000168112
24.27	-0.000170218
24.28	-0.000171981
24.29	-0.000174401
24.3	-0.000176476
24.31	-0.000178207
24.32	-0.000180593
24.33	-0.000182634
24.34	-0.00018433
24.35	-0.000186681
24.36	-0.000188687
24.37	-0.000190347
24.38	-0.000192663
24.39	-0.000194633
24.4	-0.000196259
24.41	-0.000198541
24.42	-0.000200479
24.43	-0.000203073
24.44	-0.000205325
24.45	-0.000207235
24.46	-0.000209803
24.47	-0.00021203
24.48	-0.000213918
24.49	-0.000216466
24.5	-0.000218676
24.51	-0.000220549
24.52	-0.000223086
24.53	-0.000225288
24.54	-0.000228157
24.55	-0.000230693
24.56	-0.000232898
24.57	-0.000234773
24.58	-0.000237321
24.59	-0.000240542
24.6	-0.000242438
24.61	-0.000245011
24.62	-0.000247262
24.63	-0.000250194
24.64	-0.000252808
24.65	-0.000255107
24.66	-0.000258092
24.67	-0.000260765
24.68	-0.00026313
24.69	-0.000266187
24.7	-0.000268939
24.71	-0.000271389
24.72	-0.000274539
24.73	-0.000276392
24.74	-0.00027995
24.75	-0.000282216
24.76	-0.000285192
24.77	-0.000287882
24.78	-0.000291289
24.79	-0.000293414
24.8	-0.000296262
24.81	-0.000299836
24.82	-0.000302138
24.83	-0.000305172
24.84	-0.000308941
24.85	-0.000311448
24.86	-0.000314698
24.87	-0.000317692
24.88	-0.000320436
24.89	-0.000323933
24.9	-0.000326186
24.91	-0.000329199
24.92	-0.000332977
24.93	-0.000335522
24.94	-0.000338839
24.95	-0.000341933
24.96	-0.000344807
24.97	-0.000348465
24.98	-0.000351912
24.99	-0.000355153
25	-0.000358191
25.01	-0.000361031
25.02	-0.000364678
25.03	-0.000367136
25.04	-0.000370411
25.05	-0.000373506
25.06	-0.000377427
25.07	-0.000380179
25.08	-0.000383767
25.09	-0.000387196
25.1	-0.000390471
25.11	-0.000393597
25.12	-0.000396579
25.13	-0.000400424
25.14	-0.000403137
25.15	-0.000406722
25.16	-0.000410186
25.17	-0.000412534
25.18	-0.000415772
25.19	-0.000419907
25.2	-0.000422943
25.21	-0.000425887
25.22	-0.000429745
25.23	-0.000432523
25.24	-0.000435227
25.25	-0.000438864
25.26	-0.000442439
25.27	-0.00044496
25.28	-0.000448433
25.29	-0.000451864
25.3	-0.000455261
25.31	-0.000457629
25.32	-0.000460976
25.33	-0.000464308
25.34	-0.000467633
25.35	-0.000470958
25.36	-0.000473289
25.37	-0.000476634
25.38	-0.00048
25.39	-0.000482395
25.4	-0.000485825
25.41	-0.0004883
25.42	-0.000491825
25.43	-0.000494409
25.44	-0.000497059
25.45	-0.000499783
25.46	-0.00050259
25.47	-0.000505487
25.48	-0.000508482
25.49	-0.000511583
25.5	-0.000513799
25.51	-0.000517138
25.52	-0.000519607
25.53	-0.000522217
25.54	-0.000523974
25.55	-0.000526888
25.56	-0.000528968
25.57	-0.000532222
25.58	-0.000534658
25.59	-0.000536287
25.6	-0.000539116
25.61	-0.000541156
25.62	-0.000543415
25.63	-0.000545902
25.64	-0.000547626
25.65	-0.000549598
25.66	-0.000551826
25.67	-0.000554321
25.68	-0.000556091
25.69	-0.000558146
25.7	-0.000559497
25.71	-0.000561153
25.72	-0.000563124
25.73	-0.00056542
25.74	-0.000567052
25.75	-0.000569028
25.76	-0.000571361
25.77	-0.000573059
25.78	-0.000575134
25.79	-0.000576596
25.8	-0.000578455
25.81	-0.000580723
25.82	-0.00058241
25.83	-0.000584526
25.84	-0.000586084
25.85	-0.000588093
25.86	-0.000589565
25.87	-0.000591511
25.88	-0.000592943
25.89	-0.000594871
25.9	-0.000596307
25.91	-0.000598263
25.92	-0.000599749
25.93	-0.000601779
25.94	-0.000603363
25.95	-0.000605513
25.96	-0.000607241
25.97	-0.00060856
25.98	-0.000610481
25.99	-0.000612016
26	-0.000613178
26.01	-0.000614978
26.02	-0.00061643
26.03	-0.000618546
26.04	-0.000619338
26.05	-0.000620819
26.06	-0.000623001
26.07	-0.000623898
26.08	-0.000625522
26.09	-0.000627886
26.1	-0.000629004
26.11	-0.000629888
26.12	-0.000631551
26.13	-0.000633008
26.14	-0.00063427
26.15	-0.000636352
26.16	-0.000637268
26.17	-0.00063903
26.18	-0.000640652
26.19	-0.000642149
26.2	-0.000643533
26.21	-0.00064482
26.22	-0.000646022
26.23	-0.000647155
26.24	-0.000648231
26.25	-0.000649266
26.26	-0.000651274
26.27	-0.000652269
26.28	-0.000653265
26.29	-0.000654278
26.3	-0.000656321
26.31	-0.00065741
26.32	-0.000658559
26.33	-0.000659783
26.34	-0.000661097
26.35	-0.000661516
26.36	-0.000663056
26.37	-0.000663731
26.38	-0.000665556
26.39	-0.000666548
26.4	-0.000667721
26.41	-0.000668091
26.42	-0.000669673
26.43	-0.000670483
26.44	-0.000671537
26.45	-0.000672851
26.46	-0.00067344
26.47	-0.000674321
26.48	-0.000675509
26.49	-0.00067702
26.5	-0.000677871
26.51	-0.000679079
26.52	-0.000679658
26.53	-0.000680626
26.54	-0.000682
26.55	-0.000682795
26.56	-0.000684028
26.57	-0.000684717
26.58	-0.000685877
26.59	-0.000686526
26.6	-0.00068768
26.61	-0.000688357
26.62	-0.000688573
26.63	-0.000690347
26.64	-0.000690694
26.65	-0.000691632
26.66	-0.000692178
26.67	-0.000693351
26.68	-0.000694167
26.69	-0.000694644
26.7	-0.000695799
26.71	-0.00069665
26.72	-0.000697216
26.73	-0.000698513
26.74	-0.00069856
26.75	-0.000699375
26.76	-0.000700975
26.77	-0.000701379
26.78	-0.000701605
26.79	-0.000702671
26.8	-0.000703596
26.81	-0.000704397
26.82	-0.000705093
26.83	-0.000705703
26.84	-0.000706246
26.85	-0.000706739
26.86	-0.000708201
26.87	-0.000708652
26.88	-0.00070911
26.89	-0.000709593
26.9	-0.000710122
26.91	-0.000711714
26.92	-0.000712389
26.93	-0.000712165
26.94	-0.000713063
26.95	-0.000714101
26.96	-0.000714299
26.97	-0.000714675
26.98	-0.00071625
26.99	-0.000716042
27	-0.000717071
27.01	-0.000717357
27.02	-0.00071792
27.03	-0.000718778
27.04	-0.000718953
27.05	-0.000719462
27.06	-0.000720327
27.07	-0.000720567
27.08	-0.000721202
27.09	-0.000722253
27.1	-0.000722738
27.11	-0.000722679
27.12	-0.000723095
27.13	-0.000724006
27.14	-0.000724434
27.15	-0.000724397
27.16	-0.000724916
27.17	-0.000725013
27.18	-0.000725706
27.19	-0.000726017
27.2	-0.000726966
27.21	-0.000726573
27.22	-0.00072686
27.23	-0.000727847
27.24	-0.000727554
27.25	-0.000728003
27.26	-0.000728213
27.27	-0.000728207
27.28	-0.000729004
27.29	-0.000728625
27.3	-0.000729092
27.31	-0.000728426
27.32	-0.000728647
27.33	-0.000728776
27.34	-0.000728835
27.35	-0.000728845
27.36	-0.000728826
27.37	-0.0007288
27.38	-0.000728788
27.39	-0.000728812
27.4	-0.000727893
27.41	-0.000728051
27.42	-0.000727309
27.43	-0.000726687
27.44	-0.000727207
27.45	-0.000725891
27.46	-0.00072576
27.47	-0.000725835
27.48	-0.000725138
27.49	-0.000724691
27.5	-0.000724514
27.51	-0.00072463
27.52	-0.000724061
27.53	-0.000723827
27.54	-0.00072395
27.55	-0.000723453
27.56	-0.000723356
27.57	-0.000723682
27.58	-0.000723452
27.59	-0.000723689
27.6	-0.000723412
27.61	-0.000723646
27.62	-0.000723411
27.63	-0.000722729
27.64	-0.000722622
27.65	-0.000723111
27.66	-0.00072222
27.67	-0.000722969
27.68	-0.000722381
27.69	-0.000722476
27.7	-0.000722279
27.71	-0.000721809
27.72	-0.000722089
27.73	-0.000722142
27.74	-0.000720988
27.75	-0.000721651
27.76	-0.000721151
27.77	-0.000720511
27.78	-0.000720753
27.79	-0.000719899
27.8	-0.00071997
27.81	-0.00071999
27.82	-0.000718979
27.83	-0.000718959
27.84	-0.000717954
27.85	-0.000717984
27.86	-0.000717071
27.87	-0.000717238
27.88	-0.000716507
27.89	-0.000715899
27.9	-0.000715437
27.91	-0.000715143
27.92	-0.000714037
27.93	-0.000713143
27.94	-0.000712483
27.95	-0.000712077
27.96	-0.000710949
27.97	-0.00071012
27.98	-0.000709612
27.99	-0.000708447
28	-0.000707646
28.01	-0.000707233
28.02	-0.000706227
28.03	-0.000704652
28.04	-0.000703529
28.05	-0.00070288
28.06	-0.000701727
28.07	-0.000701092
28.08	-0.000699996
28.09	-0.00069846
28.1	-0.000697508
28.11	-0.00069616
28.12	-0.000694438
28.13	-0.000693365
28.14	-0.00069196
28.15	-0.000690247
28.16	-0.000689246
28.17	-0.00068798
28.18	-0.00068647
28.19	-0.000684736
28.2	-0.000683802
28.21	-0.000681688
28.22	-0.000680416
28.23	-0.000679007
28.24	-0.000677482
28.25	-0.000675864
28.26	-0.000674173
28.27	-0.00067243
28.28	-0.000670657
28.29	-0.000668875
28.3	-0.000667105
28.31	-0.000665369
28.32	-0.000663687
28.33	-0.000661081
28.34	-0.000659571
28.35	-0.000657179
28.36	-0.000655926
28.37	-0.000653833
28.38	-0.00065192
28.39	-0.000650208
28.4	-0.000647719
28.41	-0.000645473
28.42	-0.00064349
28.43	-0.000641792
28.44	-0.000639399
28.45	-0.000637332
28.46	-0.000635612
28.47	-0.000633258
28.48	-0.000631292
28.49	-0.000628734
28.5	-0.000626604
28.51	-0.000624922
28.52	-0.00062271
28.53	-0.000619987
28.54	-0.000617773
28.55	-0.000615089
28.56	-0.000612954
28.57	-0.000611389
28.58	-0.000608414
28.59	-0.000606049
28.6	-0.000604314
28.61	-0.000601228
28.62	-0.000599811
28.63	-0.000597083
28.64	-0.000595065
28.65	-0.000592774
28.66	-0.000590232
28.67	-0.000587458
28.68	-0.00058547
28.69	-0.000582289
28.7	-0.000579934
28.71	-0.000577424
28.72	-0.000575779
28.73	-0.000573017
28.74	-0.000570158
28.75	-0.00056822
28.76	-0.000565224
28.77	-0.000563188
28.78	-0.00056113
28.79	-0.00055807
28.8	-0.000556026
28.81	-0.000553018
28.82	-0.000551063
28.83	-0.00054818
28.84	-0.000546389
28.85	-0.000543706
28.86	-0.000541152
28.87	-0.000538743
28.88	-0.000535499
28.89	-0.000533437
28.9	-0.000530576
28.91	-0.000527934
28.92	-0.000525529
28.93	-0.000523378
28.94	-0.0005205
28.95	-0.000517912
28.96	-0.000515632
28.97	-0.000512678
28.98	-0.000510067
28.99	-0.000507817
29	-0.000504946
29.01	-0.00050247
29.02	-0.000500408
29.03	-0.000497776
29.04	-0.000494591
29.05	-0.000491871
29.06	-0.000489632
29.07	-0.000486892
29.08	-0.000483668
29.09	-0.000480976
29.1	-0.000478833
29.11	-0.000476256
29.12	-0.000473261
29.13	-0.000470865
29.14	-0.000468084
29.15	-0.000464935
29.16	-0.000462434
29.17	-0.000459597
29.18	-0.000456441
29.19	-0.000453981
29.2	-0.000451234
29.21	-0.000448215
29.22	-0.00044494
29.23	-0.000442425
29.24	-0.000438686
29.25	-0.000435738
29.26	-0.000432598
29.27	-0.000430279
29.28	-0.000426799
29.29	-0.000424171
29.3	-0.000420412
29.31	-0.000417537
29.32	-0.00041456
29.33	-0.000410496
29.34	-0.000407361
29.35	-0.00040417
29.36	-0.000400936
29.37	-0.000397675
29.38	-0.000395402
29.39	-0.000392131
29.4	-0.000388876
29.41	-0.000385652
29.42	-0.000382473
29.43	-0.000379353
29.44	-0.000376307
29.45	-0.000373348
29.46	-0.000370491
29.47	-0.000366749
29.48	-0.000364137
29.49	-0.000360667
29.5	-0.000357354
29.51	-0.000355211
29.52	-0.000352252
29.53	-0.000348489
29.54	-0.000345938
29.55	-0.000342609
29.56	-0.000339518
29.57	-0.000336677
29.58	-0.000334098
29.59	-0.000330796
29.6	-0.000327782
29.61	-0.00032507
29.62	-0.000321672
29.63	-0.0003186
29.64	-0.000315868
29.65	-0.000312488
29.66	-0.000309472
29.67	-0.000306832
29.68	-0.000303581
29.69	-0.00030073
29.7	-0.000297293
29.71	-0.00029428
29.72	-0.000291704
29.73	-0.000288576
29.74	-0.000285908
29.75	-0.000282712
29.76	-0.000278999
29.77	-0.000275781
29.78	-0.000273069
29.79	-0.000269875
29.8	-0.000267209
29.81	-0.000264083
29.82	-0.000260508
29.83	-0.000257495
29.84	-0.000254055
29.85	-0.000251198
29.86	-0.000247936
29.87	-0.000245278
29.88	-0.000242236
29.89	-0.000238821
29.9	-0.000235042
29.91	-0.000231909
29.92	-0.000228434
29.93	-0.000225626
29.94	-0.000222495
29.95	-0.000219052
29.96	-0.000215306
29.97	-0.000212267
29.98	-0.000208945
29.99	-0.00020535
30	-0.000202491
30.01	-0.000199378
30.02	-0.00019602
30.03	-0.000192426
30.04	-0.000188607
30.05	-0.00018557
30.06	-0.000182326
30.07	-0.000178883
30.08	-0.000175251
30.09	-0.000171437
30.1	-0.000167452
30.11	-0.000164303
30.12	-0.000161
30.13	-0.000157551
30.14	-0.000153964
30.15	-0.000150248
30.16	-0.000146411
30.17	-0.000142462
30.18	-0.000138408
30.19	-0.000135258
30.2	-0.000131021
30.21	-0.000127702
30.22	-0.000124312
30.23	-0.000119857
30.24	-0.000116345
30.25	-0.000112784
30.26	-0.000109181
30.27	-0.000104545
30.28	-0.000100881
30.29	-9.71985e-05
30.3	-9.35035e-05
30.31	-8.98037e-05
30.32	-8.51059e-05
30.33	-8.14174e-05
30.34	-7.7745e-05
30.35	-7.30956e-05
30.36	-6.9476e-05
30.37	-6.5893e-05
30.38	-6.13531e-05
30.39	-5.6863e-05
30.4	-5.34292e-05
30.41	-4.9058e-05
30.42	-4.47558e-05
30.43	-4.05288e-05
30.44	-3.63834e-05
30.45	-3.23255e-05
30.46	-2.83613e-05
30.47	-2.44967e-05
30.48	-1.97375e-05
30.49	-1.60897e-05
30.5	-1.15589e-05
30.51	-7.15085e-06
30.52	-2.87112e-06
30.53	1.27476e-06
30.54	5.28134e-06
30.55	9.14326e-06
30.56	1.38552e-05
30.57	1.8412e-05
30.58	2.28084e-05
30.59	2.70393e-05
30.6	3.10998e-05
30.61	3.4985e-05
30.62	3.96899e-05
30.63	4.42098e-05
30.64	4.85399e-05
30.65	5.26757e-05
30.66	5.76125e-05
30.67	6.13458e-05
30.68	6.58713e-05
30.69	7.01845e-05
30.7	7.42812e-05
30.71	7.91572e-05
30.72	8.38083e-05
30.73	8.82305e-05
30.74	9.24197e-05
30.75	9.63721e-05
30.76	0.000101084
30.77	0.000105551
30.78	0.00010977
30.79	0.000113737
30.8	0.000118449
30.81	0.000122902
30.82	0.000127092
30.83	0.000131017
30.84	0.000135673
30.85	0.000140056
30.86	0.000144165
30.87	0.000147994
30.88	0.000152543
30.89	0.000156807
30.9	0.000160784
30.91	0.000165471
30.92	0.000169865
30.93	0.000173964
30.94	0.000177764
30.95	0.000182265
30.96	0.000185462
30.97	0.000190354
30.98	0.000193938
30.99	0.000198213
31	0.000202175
31.01	0.000205824
31.02	0.000210156
31.03	0.00021317
31.04	0.000217864
31.05	0.000221236
31.06	0.000225285
31.07	0.000228008
31.08	0.000232405
31.09	0.000235473
31.1	0.000239211
31.11	0.000242617
31.12	0.000245691
31.13	0.000249431
31.14	0.000252836
31.15	0.000255905
31.16	0.000259636
31.17	0.000263029
31.18	0.000266082
31.19	0.000268796
31.2	0.000272168
31.21	0.000275199
31.22	0.000277887
31.23	0.000281233
31.24	0.000284235
31.25	0.000287893
31.26	0.000290206
31.27	0.000293175
31.28	0.0002968
31.29	0.000299079
31.3	0.000302013
31.31	0.000305602
31.32	0.000307845
31.33	0.000310744
31.34	0.000313297
31.35	0.000316506
31.36	0.00031937
31.37	0.000321891
31.38	0.000325067
31.39	0.000327901
31.4	0.000330392
31.41	0.000333541
31.42	0.000336349
31.43	0.000338816
31.44	0.000341944
31.45	0.000344733
31.46	0.000347184
31.47	0.000350299
31.48	0.000353078
31.49	0.000355522
31.5	0.000358634
31.51	0.000361414
31.52	0.000363863
31.53	0.000366983
31.54	0.000369776
31.55	0.000372243
31.56	0.000375386
31.57	0.000378206
31.58	0.000380706
31.59	0.000383887
31.6	0.000386751
31.61	0.0003893
31.62	0.000392536
31.63	0.000395462
31.64	0.000398079
31.65	0.00040139
31.66	0.000404398
31.67	0.000407104
31.68	0.000409511
31.69	0.000412622
31.7	0.000415439
31.71	0.000418965
31.72	0.000422203
31.73	0.000425156
31.74	0.000427826
31.75	0.000431217
31.76	0.000434331
31.77	0.000437172
31.78	0.000439743
31.79	0.000443047
31.8	0.000446088
31.81	0.000449868
31.82	0.000452392
31.83	0.000455662
31.84	0.000458684
31.85	0.000462459
31.86	0.000464992
31.87	0.000468287
31.88	0.000472348
31.89	0.000475179
31.9	0.000478783
31.91	0.000482165
31.92	0.000485329
31.93	0.000488279
31.94	0.00049202
31.95	0.000495555
31.96	0.000498891
31.97	0.00050203
31.98	0.000504978
31.99	0.000508739
32	0.000512318
32.01	0.00051572
32.02	0.00051895
32.03	0.000523013
32.04	0.000525914
32.05	0.000529657
32.06	0.000533249
32.07	0.000536694
32.08	0.000540999
32.09	0.000544167
32.1	0.000548205
32.11	0.000551118
32.12	0.000554913
32.13	0.000558594
32.14	0.000562167
32.15	0.000566639
32.16	0.000570015
32.17	0.000573301
32.18	0.000577504
32.19	0.000581629
32.2	0.000584683
32.21	0.000588672
32.22	0.000592603
32.23	0.000596482
32.24	0.000600315
32.25	0.000604109
32.26	0.000607871
32.27	0.000611608
32.28	0.000615326
32.29	0.000619032
32.3	0.000622734
32.31	0.000626439
32.32	0.000630153
32.33	0.000634883
32.34	0.000638638
32.35	0.000642424
32.36	0.00064625
32.37	0.000650122
32.38	0.000654048
32.39	0.000658036
32.4	0.000661093
32.41	0.000665228
32.42	0.000669448
32.43	0.000672762
32.44	0.000677177
32.45	0.000680701
32.46	0.000684344
32.47	0.000688113
32.48	0.000692016
32.49	0.000696062
32.5	0.00070026
32.51	0.000703618
32.52	0.000708145
32.53	0.00071185
32.54	0.000714742
32.55	0.000718829
32.56	0.00072312
32.57	0.000726625
32.58	0.000730354
32.59	0.000734314
32.6	0.000737515
32.61	0.000740968
32.62	0.000744681
32.63	0.000748664
32.64	0.000751927
32.65	0.000755479
32.66	0.00075933
32.67	0.000763491
32.68	0.00076697
32.69	0.000769779
32.7	0.000773927
32.71	0.000777425
32.72	0.000780282
32.73	0.00078451
32.74	0.000787118
32.75	0.000791118
32.76	0.00079452
32.77	0.000797334
32.78	0.000800572
32.79	0.000804244
32.8	0.000807361
32.81	0.000809935
32.82	0.000812976
32.83	0.000816495
32.84	0.000819505
32.85	0.000823015
32.86	0.000826039
32.87	0.000828586
32.88	0.000831669
32.89	0.0008343
32.9	0.00083749
32.91	0.000839252
32.92	0.000842596
32.93	0.000845535
32.94	0.000848082
32.95	0.000850247
32.96	0.000853044
32.97	0.000855486
32.98	0.000857583
32.99	0.000860349
33	0.000861797
33.01	0.000863939
33.02	0.000866787
33.03	0.000868356
33.04	0.000870656
33.05	0.000872702
33.06	0.000874507
33.07	0.000877083
33.08	0.000879445
33.09	0.000881604
33.1	0.000883576
33.11	0.000885372
33.12	0.000888007
33.13	0.000889494
33.14	0.000891847
33.15	0.00089408
33.16	0.000896207
33.17	0.000898241
33.18	0.000900197
33.19	0.000902088
33.2	0.00090393
33.21	0.000905736
33.22	0.00090752
33.23	0.000910297
33.24	0.000912082
33.25	0.000913888
33.26	0.000915732
33.27	0.000917626
33.28	0.000919588
33.29	0.00092163
33.3	0.000922768
33.31	0.000925018
33.32	0.000926394
33.33	0.000928911
33.34	0.000930586
33.35	0.000932433
33.36	0.000933467
33.37	0.000935704
33.38	0.00093716
33.39	0.000938851
33.4	0.000940792
33.41	0.000941999
33.42	0.000943488
33.43	0.000945275
33.44	0.000946375
33.45	0.000947806
33.46	0.000949583
33.47	0.000950723
33.48	0.000952242
33.49	0.000954156
33.5	0.000955481
33.51	0.000956236
33.52	0.000958435
33.53	0.000959096
33.54	0.000960236
33.55	0.000961871
33.56	0.000963019
33.57	0.000963696
33.58	0.000964919
33.59	0.000966707
33.6	0.000968075
33.61	0.000969041
33.62	0.000969623
33.63	0.000970837
33.64	0.000971702
33.65	0.000973236
33.66	0.000973455
33.67	0.000974377
33.68	0.000976021
33.69	0.000976403
33.7	0.000977543
33.71	0.000978457
33.72	0.000979165
33.73	0.000979683
33.74	0.000981031
33.75	0.000981227
33.76	0.000982288
33.77	0.000982233
33.78	0.000983081
33.79	0.000983851
33.8	0.00098456
33.81	0.000985227
33.82	0.000985871
33.83	0.000986512
33.84	0.000987166
33.85	0.000987855
33.86	0.000987596
33.87	0.000988408
33.88	0.000988311
33.89	0.000989323
33.9	0.000989464
33.91	0.000989754
33.92	0.00099021
33.93	0.000990854
33.94	0.000990703
33.95	0.000991778
33.96	0.000992098
33.97	0.000991683
33.98	0.000992552
33.99	0.000992725
34	0.000993222
34.01	0.000993062
34.02	0.000993266
34.03	0.000992853
34.04	0.000993843
34.05	0.000993256
34.06	0.000994112
34.07	0.000994432
34.08	0.000994236
34.09	0.000994543
34.1	0.000994374
34.11	0.000994749
34.12	0.000994689
34.13	0.000994214
34.14	0.000994344
34.15	0.0009941
34.16	0.000994503
34.17	0.000994572
34.18	0.000994329
34.19	0.000994795
34.2	0.000993989
34.21	0.000993933
34.22	0.000994647
34.23	0.000994153
34.24	0.000994471
34.25	0.000994622
34.26	0.000993626
34.27	0.000993506
34.28	0.000994282
34.29	0.000993974
34.3	0.000993605
34.31	0.000993195
34.32	0.000993765
34.33	0.000993337
34.34	0.000992932
34.35	0.000992571
34.36	0.000992274
34.37	0.000992065
34.38	0.000991963
34.39	0.000991991
34.4	0.00099217
34.41	0.00099152
34.42	0.000991065
34.43	0.000990824
34.44	0.00099082
34.45	0.000990075
34.46	0.000990608
34.47	0.000989444
34.48	0.000989602
34.49	0.000989105
34.5	0.000988974
34.51	0.000988231
34.52	0.000987897
34.53	0.000987995
34.54	0.000987546
34.55	0.000986572
34.56	0.000986094
34.57	0.000986135
34.58	0.000985716
34.59	0.000984859
34.6	0.000984586
34.61	0.000983918
34.62	0.000982878
34.63	0.000982488
34.64	0.000981768
34.65	0.000981743
34.66	0.000980432
34.67	0.000979858
34.68	0.000979043
34.69	0.00097801
34.7	0.000977779
34.71	0.000976373
34.72	0.000975813
34.73	0.000975123
34.74	0.000974323
34.75	0.000973436
34.76	0.000971484
34.77	0.000970488
34.78	0.000969471
34.79	0.000968454
34.8	0.00096746
34.81	0.000966511
34.82	0.000964628
34.83	0.000963834
34.84	0.00096215
34.85	0.000960598
34.86	0.000959201
34.87	0.000956981
34.88	0.000955959
34.89	0.000954157
34.9	0.000952597
34.91	0.000951301
34.92	0.000949291
34.93	0.00094859
34.94	0.000947218
34.95	0.000945198
34.96	0.000944552
34.97	0.000942301
34.98	0.000941467
34.99	0.000940073
35	0.000938139
35.01	0.000936689
35.02	0.000935743
35.03	0.000934323
35.04	0.000933452
35.05	0.000932151
35.06	0.000930441
35.07	0.000929344
35.08	0.000927882
35.09	0.000926077
35.1	0.00092495
35.11	0.000923523
35.12	0.000921818
35.13	0.000920855
35.14	0.000918658
35.15	0.000917246
35.16	0.000915641
35.17	0.000914866
35.18	0.000912941
35.19	0.000910888
35.2	0.000909728
35.21	0.000908483
35.22	0.000906174
35.23	0.000904822
35.24	0.000903448
35.25	0.000901074
35.26	0.00089972
35.27	0.000898409
35.28	0.000896161
35.29	0.000893997
35.3	0.000892938
35.31	0.000891005
35.32	0.00088922
35.33	0.000886602
35.34	0.000885174
35.35	0.000882955
35.36	0.000880968
35.37	0.000879231
35.38	0.000876767
35.39	0.000874596
35.4	0.000872738
35.41	0.000870215
35.42	0.000868046
35.43	0.000866252
35.44	0.000863854
35.45	0.000860873
35.46	0.000859328
35.47	0.000856239
35.48	0.000854628
35.49	0.000851515
35.5	0.000848918
35.51	0.00084686
35.52	0.00084436
35.53	0.000841437
35.54	0.000839112
35.55	0.000836406
35.56	0.000833336
35.57	0.000830925
35.58	0.000828191
35.59	0.000825154
35.6	0.000822833
35.61	0.00082025
35.62	0.000816422
35.63	0.000814369
35.64	0.000811112
35.65	0.000807669
35.66	0.00080506
35.67	0.000802303
35.68	0.000799419
35.69	0.000795427
35.7	0.000792345
35.71	0.000789192
35.72	0.000785988
35.73	0.000782752
35.74	0.000779502
35.75	0.000776257
35.76	0.000773036
35.77	0.000769858
35.78	0.000766742
35.79	0.000762705
35.8	0.000759766
35.81	0.000755944
35.82	0.000753257
35.83	0.000749724
35.84	0.000745363
35.85	0.000742191
35.86	0.000738228
35.87	0.00073549
35.88	0.000730997
35.89	0.000727765
35.9	0.000723814
35.91	0.000720159
35.92	0.000716821
35.93	0.000712815
35.94	0.000709159
35.95	0.000704872
35.96	0.00070097
35.97	0.00069747
35.98	0.000693391
35.99	0.000689749
36	0.000685562
36.01	0.000681846
36.02	0.000677618
36.03	0.000673897
36.04	0.000669697
36.05	0.000666036
36.06	0.000661932
36.07	0.0006584
36.08	0.000654457
36.09	0.000650119
36.1	0.000645403
36.11	0.000641326
36.12	0.000637903
36.13	0.000633152
36.14	0.000629087
36.15	0.000624725
36.16	0.000621082
36.17	0.000617173
36.18	0.000613016
36.19	0.000608625
36.2	0.000604016
36.21	0.000600204
36.22	0.000595206
36.23	0.000591037
36.24	0.000586711
36.25	0.000582245
36.26	0.000578653
36.27	0.000573951
36.28	0.000569154
36.29	0.000565276
36.3	0.000561332
36.31	0.000556339
36.32	0.000552309
36.33	0.000547258
36.34	0.0005432
36.35	0.00053915
36.36	0.000534122
36.37	0.000530131
36.38	0.000525191
36.39	0.000521316
36.4	0.00051652
36.41	0.000511817
36.42	0.000507222
36.43	0.000502747
36.44	0.000498407
36.45	0.000494216
36.46	0.000489186
36.47	0.000484333
36.48	0.000480668
36.49	0.000475206
36.5	0.00047096
36.51	0.000465943
36.52	0.000462167
36.53	0.000456648
36.54	0.000452396
36.55	0.000447425
36.56	0.000442749
36.57	0.000438379
36.58	0.000433328
36.59	0.000428609
36.6	0.000424235
36.61	0.000419217
36.62	0.000414569
36.63	0.000410301
36.64	0.000405428
36.65	0.00040096
36.66	0.000395909
36.67	0.000391288
36.68	0.000386109
36.69	0.000381383
36.7	0.000376121
36.71	0.000371336
36.72	0.000367039
36.73	0.000362241
36.74	0.000356955
36.75	0.00035219
36.76	0.000346958
36.77	0.000342271
36.78	0.000338139
36.79	0.000333573
36.8	0.000328584
36.81	0.000324184
36.82	0.000319382
36.83	0.000314189
36.84	0.000309617
36.85	0.000304674
36.86	0.000300373
36.87	0.000295722
36.88	0.000290732
36.89	0.000286414
36.9	0.000281778
36.91	0.000277832
36.92	0.000272588
36.93	0.000268056
36.94	0.000264244
36.95	0.000259162
36.96	0.000254821
36.97	0.000250229
36.98	0.000245397
36.99	0.000241332
37	0.000237046
37.01	0.000232546
37.02	0.000227842
37.03	0.000222943
37.04	0.000218858
37.05	0.000214596
37.06	0.000210165
37.07	0.000205575
37.08	0.000200833
37.09	0.000195949
37.1	0.000191931
37.11	0.000186787
37.12	0.000182525
37.13	0.000178155
37.14	0.000173683
37.15	0.000169119
37.16	0.000164469
37.17	0.000159743
37.18	0.000155947
37.19	0.00015109
37.2	0.000146179
37.21	0.000142223
37.22	0.000137227
37.23	0.000133201
37.24	0.000128151
37.25	0.000123084
37.26	0.000119008
37.27	0.00011393
37.28	0.000109857
37.29	0.000104796
37.3	0.000100755
37.31	9.57384e-05
37.32	9.07548e-05
37.33	8.68104e-05
37.34	8.19119e-05
37.35	7.70658e-05
37.36	7.22785e-05
37.37	6.75565e-05
37.38	6.29061e-05
37.39	5.83334e-05
37.4	5.28447e-05
37.41	4.8446e-05
37.42	4.31434e-05
37.43	3.89429e-05
37.44	3.38501e-05
37.45	2.8871e-05
37.46	2.40113e-05
37.47	1.92766e-05
37.48	1.46725e-05
37.49	9.20438e-06
37.5	4.87778e-06
37.51	-3.01985e-07
37.52	-5.32965e-06
37.53	-1.02e-05
37.54	-1.5908e-05
37.55	-2.04485e-05
37.56	-2.58165e-05
37.57	-3.10072e-05
37.58	-3.60156e-05
37.59	-4.08372e-05
37.6	-4.64671e-05
37.61	-5.09007e-05
37.62	-5.61336e-05
37.63	-6.11612e-05
37.64	-6.69792e-05
37.65	-7.15831e-05
37.66	-7.69688e-05
37.67	-8.21322e-05
37.68	-8.80689e-05
37.69	-9.27752e-05
37.7	-9.82468e-05
37.71	-0.00010348
37.72	-0.000108471
37.73	-0.000114216
37.74	-0.000119711
37.75	-0.000124953
37.76	-0.000130939
37.77	-0.000135663
37.78	-0.000141125
37.79	-0.000146319
37.8	-0.000152243
37.81	-0.000157893
37.82	-0.000163267
37.83	-0.000168361
37.84	-0.000174172
37.85	-0.000179698
37.86	-0.000185936
37.87	-0.000190883
37.88	-0.000196535
37.89	-0.000201891
37.9	-0.000207949
37.91	-0.000213704
37.92	-0.000219156
37.93	-0.000224302
37.94	-0.000230139
37.95	-0.000235665
37.96	-0.000241878
37.97	-0.000247777
37.98	-0.000253358
37.99	-0.000258621
38	-0.000264563
38.01	-0.000270182
38.02	-0.000275477
38.03	-0.000281446
38.04	-0.000287087
38.05	-0.0002934
38.06	-0.000298381
38.07	-0.000305031
38.08	-0.000310348
38.09	-0.00031633
38.1	-0.000321977
38.11	-0.000327287
38.12	-0.000333259
38.13	-0.000338893
38.14	-0.000345186
38.15	-0.000350139
38.16	-0.000355751
38.17	-0.000362021
38.18	-0.000367949
38.19	-0.000373533
38.2	-0.000378773
38.21	-0.00038467
38.22	-0.000390222
38.23	-0.000395429
38.24	-0.000401292
38.25	-0.000406809
38.26	-0.000412981
38.27	-0.000418808
38.28	-0.000424289
38.29	-0.000429426
38.3	-0.000435218
38.31	-0.000440665
38.32	-0.000445767
38.33	-0.000451526
38.34	-0.000456942
38.35	-0.000462014
38.36	-0.000467745
38.37	-0.000473133
38.38	-0.000478181
38.39	-0.000483888
38.4	-0.000489257
38.41	-0.000494287
38.42	-0.000498979
38.43	-0.000504336
38.44	-0.000509357
38.45	-0.000515044
38.46	-0.000519399
38.47	-0.000524423
38.48	-0.000529117
38.49	-0.000534482
38.5	-0.00053952
38.51	-0.000544234
38.52	-0.000548623
38.53	-0.000553692
38.54	-0.00055844
38.55	-0.00056287
38.56	-0.000566984
38.57	-0.000571784
38.58	-0.000576272
38.59	-0.000581451
38.6	-0.000585321
38.61	-0.000589887
38.62	-0.00059415
38.63	-0.000598113
38.64	-0.000602777
38.65	-0.000607147
38.66	-0.000611224
38.67	-0.000616011
38.68	-0.000619511
38.69	-0.000623726
38.7	-0.000627661
38.71	-0.000632317
38.72	-0.000636698
38.73	-0.000640807
38.74	-0.000644648
38.75	-0.000648222
38.76	-0.000652535
38.77	-0.000656589
38.78	-0.000660388
38.79	-0.000664935
38.8	-0.000668234
38.81	-0.000672288
38.82	-0.000676103
38.83	-0.00068068
38.84	-0.000684025
38.85	-0.000688141
38.86	-0.000692033
38.87	-0.000695704
38.88	-0.000699159
38.89	-0.000703401
38.9	-0.000707437
38.91	-0.000711268
38.92	-0.000714902
38.93	-0.000718341
38.94	-0.00072259
38.95	-0.000726655
38.96	-0.00073054
38.97	-0.00073425
38.98	-0.000737789
38.99	-0.000742164
39	-0.000745378
39.01	-0.000749437
39.02	-0.000753347
39.03	-0.000757113
39.04	-0.000760739
39.05	-0.000764232
39.06	-0.000768597
39.07	-0.000771839
39.08	-0.000775965
39.09	-0.000779979
39.1	-0.000783889
39.11	-0.000787699
39.12	-0.000791416
39.13	-0.000795046
39.14	-0.000798594
39.15	-0.000802068
39.16	-0.000806473
39.17	-0.000809815
39.18	-0.000814102
39.19	-0.00081834
39.2	-0.000821534
39.21	-0.000825692
39.22	-0.000829821
39.23	-0.000832928
39.24	-0.000837018
39.25	-0.0008411
39.26	-0.00084518
39.27	-0.000848265
39.28	-0.000852363
39.29	-0.000856481
39.3	-0.000860625
39.31	-0.000863805
39.32	-0.000868026
39.33	-0.000872297
39.34	-0.000875625
39.35	-0.000880018
39.36	-0.000883484
39.37	-0.00088803
39.38	-0.000891666
39.39	-0.000895397
39.4	-0.000899234
39.41	-0.000903183
39.42	-0.000907254
39.43	-0.000911454
39.44	-0.000914792
39.45	-0.000919277
39.46	-0.000922917
39.47	-0.000926721
39.48	-0.000930697
39.49	-0.000934854
39.5	-0.000939202
39.51	-0.000942748
39.52	-0.000946504
39.53	-0.000950476
39.54	-0.000954675
39.55	-0.00095811
39.56	-0.00096279
39.57	-0.000966725
39.58	-0.000970925
39.59	-0.000974398
39.6	-0.000978155
39.61	-0.000982205
39.62	-0.000986558
39.63	-0.000990225
39.64	-0.000994215
39.65	-0.000998538
39.66	-0.0010022
39.67	-0.00100622
39.68	-0.00100961
39.69	-0.00101437
39.7	-0.00101751
39.71	-0.00102205
39.72	-0.001026
39.73	-0.00102936
39.74	-0.00103415
39.75	-0.00103738
39.76	-0.00104106
39.77	-0.0010452
39.78	-0.00104881
39.79	-0.0010529
39.8	-0.00105749
39.81	-0.00106059
39.82	-0.0010652
39.83	-0.00106834
39.84	-0.00107202
39.85	-0.00107626
39.86	-0.00108006
39.87	-0.00108343
39.88	-0.00108739
39.89	-0.00109095
39.9	-0.00109513
39.91	-0.00109893
39.92	-0.00110236
39.93	-0.00110645
39.94	-0.00111019
39.95	-0.00111361
39.96	-0.00111772
39.97	-0.00112052
39.98	-0.00112504
39.99	-0.00112828
40	-0.00113226
40.01	-0.00113499
40.02	-0.00113848
40.03	-0.00114275
40.04	-0.00114581
40.05	-0.00114968
40.06	-0.00115236
40.07	-0.00115587
40.08	-0.00115923
40.09	-0.00116245
40.1	-0.00116653
40.11	-0.0011695
40.12	-0.00117237
40.13	-0.00117616
40.14	-0.00117887
40.15	-0.00118252
40.16	-0.00118513
40.17	-0.00118871
40.18	-0.00119127
40.19	-0.00119484
40.2	-0.00119741
40.21	-0.00120101
40.22	-0.00120366
40.23	-0.00120636
40.24	-0.00120914
40.25	-0.001212
40.26	-0.00121497
40.27	-0.00121705
40.28	-0.00122026
40.29	-0.00122263
40.3	-0.00122515
40.31	-0.00122786
40.32	-0.00123076
40.33	-0.00123286
40.34	-0.0012352
40.35	-0.00123777
40.36	-0.0012396
40.37	-0.0012417
40.38	-0.00124409
40.39	-0.00124579
40.4	-0.00124781
40.41	-0.00125016
40.42	-0.00125186
40.43	-0.00125394
40.44	-0.0012554
40.45	-0.00125726
40.46	-0.00125954
40.47	-0.00126026
40.48	-0.00126243
40.49	-0.00126406
40.5	-0.00126619
40.51	-0.00126781
40.52	-0.00126895
40.53	-0.00127063
40.54	-0.00127287
40.55	-0.00127467
40.56	-0.00127606
40.57	-0.00127806
40.58	-0.00127968
40.59	-0.00128094
40.6	-0.00128286
40.61	-0.00128445
40.62	-0.00128574
40.63	-0.00128773
40.64	-0.00128946
40.65	-0.00129093
40.66	-0.00129216
40.67	-0.00129418
40.68	-0.001295
40.69	-0.00129663
40.7	-0.00129811
40.71	-0.00129943
40.72	-0.00130064
40.73	-0.00130273
40.74	-0.00130373
40.75	-0.00130466
40.76	-0.00130654
40.77	-0.00130739
40.78	-0.00130922
40.79	-0.00131005
40.8	-0.0013109
40.81	-0.0013128
40.82	-0.00131376
40.83	-0.00131479
40.84	-0.00131593
40.85	-0.00131718
40.86	-0.00131756
40.87	-0.00131811
40.88	-0.00131983
40.89	-0.00132074
40.9	-0.00132087
40.91	-0.00132223
40.92	-0.00132284
40.93	-0.00132373
40.94	-0.00132391
40.95	-0.0013244
40.96	-0.00132522
40.97	-0.0013254
40.98	-0.00132594
40.99	-0.00132688
41	-0.00132723
41.01	-0.00132701
41.02	-0.00132824
41.03	-0.00132794
41.04	-0.00132813
41.05	-0.00132884
41.06	-0.00132908
41.07	-0.00132887
41.08	-0.00132923
41.09	-0.00132919
41.1	-0.00132876
41.11	-0.00132896
41.12	-0.00132882
41.13	-0.00132836
41.14	-0.00132859
41.15	-0.00132854
41.16	-0.00132822
41.17	-0.00132766
41.18	-0.00132789
41.19	-0.00132691
41.2	-0.00132675
41.21	-0.00132643
41.22	-0.00132598
41.23	-0.00132541
41.24	-0.00132474
41.25	-0.001324
41.26	-0.00132421
41.27	-0.00132338
41.28	-0.00132254
41.29	-0.00132172
41.3	-0.00132092
41.31	-0.00132018
41.32	-0.00131951
41.33	-0.00131894
41.34	-0.00131748
41.35	-0.00131716
41.36	-0.001316
41.37	-0.00131502
41.38	-0.00131424
41.39	-0.00131269
41.4	-0.00131138
41.41	-0.00131034
41.42	-0.00130959
41.43	-0.00130815
41.44	-0.00130704
41.45	-0.00130628
41.46	-0.0013049
41.47	-0.00130392
41.48	-0.00130235
41.49	-0.00130122
41.5	-0.00129956
41.51	-0.00129838
41.52	-0.0012977
41.53	-0.00129555
41.54	-0.00129495
41.55	-0.00129292
41.56	-0.00129149
41.57	-0.00129067
41.58	-0.00128848
41.59	-0.00128696
41.6	-0.00128611
41.61	-0.00128397
41.62	-0.00128255
41.63	-0.00128087
41.64	-0.00127997
41.65	-0.00127785
41.66	-0.00127654
41.67	-0.00127507
41.68	-0.00127346
41.69	-0.00127172
41.7	-0.00126988
41.71	-0.00126797
41.72	-0.00126699
41.73	-0.00126499
41.74	-0.00126297
41.75	-0.00126096
41.76	-0.00125998
41.77	-0.00125805
41.78	-0.0012562
41.79	-0.00125445
41.8	-0.00125282
41.81	-0.00125033
41.82	-0.001249
41.83	-0.00124686
41.84	-0.00124492
41.85	-0.00124321
41.86	-0.00124176
41.87	-0.00123958
41.88	-0.00123769
41.89	-0.00123612
41.9	-0.00123389
41.91	-0.00123201
41.92	-0.00122953
41.93	-0.00122744
41.94	-0.00122578
41.95	-0.00122357
41.96	-0.00122183
41.97	-0.00121958
41.98	-0.00121785
41.99	-0.00121565
42	-0.00121401
42.01	-0.00121194
42.02	-0.00120948
42.03	-0.00120764
42.04	-0.00120544
42.05	-0.00120291
42.06	-0.00120106
42.07	-0.00119792
42.08	-0.00119652
42.09	-0.00119386
42.1	-0.00119098
42.11	-0.00118889
42.12	-0.00118662
42.13	-0.00118419
42.14	-0.00118161
42.15	-0.00117892
42.16	-0.00117713
42.17	-0.00117426
42.18	-0.00117134
42.19	-0.00116938
42.2	-0.00116641
42.21	-0.00116344
42.22	-0.00116051
42.23	-0.00115763
42.24	-0.00115482
42.25	-0.0011521
42.26	-0.00114949
42.27	-0.00114602
42.28	-0.00114271
42.29	-0.00113957
42.3	-0.00113663
42.31	-0.00113391
42.32	-0.00113043
42.33	-0.0011272
42.34	-0.00112326
42.35	-0.00111962
42.36	-0.0011163
42.37	-0.00111232
42.38	-0.00110971
42.39	-0.00110548
42.4	-0.00110265
42.41	-0.00109925
42.42	-0.00109529
42.43	-0.0010918
42.44	-0.0010888
42.45	-0.0010853
42.46	-0.00108132
42.47	-0.00107789
42.48	-0.00107503
42.49	-0.00107175
42.5	-0.00106808
42.51	-0.00106504
42.52	-0.00106164
42.53	-0.0010579
42.54	-0.00105385
42.55	-0.00105051
42.56	-0.00104689
42.57	-0.00104402
42.58	-0.00103991
42.59	-0.00103658
42.6	-0.00103306
42.61	-0.00102935
42.62	-0.00102649
42.63	-0.00102249
42.64	-0.00101937
42.65	-0.00101515
42.66	-0.00101185
42.67	-0.00100849
42.68	-0.00100408
42.69	-0.00100065
42.7	-0.000997207
42.71	-0.000992781
42.72	-0.000989386
42.73	-0.000986041
42.74	-0.000981766
42.75	-0.000977577
42.76	-0.000974495
42.77	-0.000970536
42.78	-0.000965721
42.79	-0.000962066
42.8	-0.00095859
42.81	-0.000954312
42.82	-0.000950249
42.83	-0.000946419
42.84	-0.00094184
42.85	-0.000937531
42.86	-0.000933509
42.87	-0.000929791
42.88	-0.000925396
42.89	-0.000921341
42.9	-0.000916644
42.91	-0.000912322
42.92	-0.000908392
42.93	-0.000903872
42.94	-0.000899779
42.95	-0.00089513
42.96	-0.000890942
42.97	-0.000886233
42.98	-0.00088202
42.99	-0.000877319
43	-0.000872147
43.01	-0.00086752
43.02	-0.000863457
43.03	-0.000858973
43.04	-0.000854084
43.05	-0.000848807
43.06	-0.00084416
43.07	-0.000839157
43.08	-0.000834815
43.09	-0.000830151
43.1	-0.00082518
43.11	-0.000819918
43.12	-0.000815382
43.13	-0.000810588
43.14	-0.00080555
43.15	-0.000800285
43.16	-0.000794809
43.17	-0.000790136
43.18	-0.000785283
43.19	-0.000779265
43.2	-0.000774097
43.21	-0.000768794
43.22	-0.000764372
43.23	-0.000758846
43.24	-0.000753231
43.25	-0.000747541
43.26	-0.000742792
43.27	-0.000736998
43.28	-0.000732174
43.29	-0.000726335
43.3	-0.000720495
43.31	-0.000715669
43.32	-0.000709871
43.33	-0.000704115
43.34	-0.000698416
43.35	-0.000692788
43.36	-0.000687244
43.37	-0.0006818
43.38	-0.000676468
43.39	-0.000670263
43.4	-0.000664198
43.41	-0.000658287
43.42	-0.000652544
43.43	-0.000646982
43.44	-0.000641614
43.45	-0.000635454
43.46	-0.000629516
43.47	-0.000623812
43.48	-0.000617355
43.49	-0.000612159
43.5	-0.000605236
43.51	-0.000599599
43.52	-0.000593262
43.53	-0.000587236
43.54	-0.000581535
43.55	-0.000575171
43.56	-0.000569156
43.57	-0.000563503
43.58	-0.000557224
43.59	-0.000551331
43.6	-0.000544837
43.61	-0.000538754
43.62	-0.000532092
43.63	-0.000525866
43.64	-0.000520085
43.65	-0.000513762
43.66	-0.000506909
43.67	-0.000500537
43.68	-0.000494657
43.69	-0.000488282
43.7	-0.000481422
43.71	-0.000475088
43.72	-0.000469292
43.73	-0.000463045
43.74	-0.000456358
43.75	-0.000450241
43.76	-0.000443706
43.77	-0.000436764
43.78	-0.000430424
43.79	-0.000424698
43.8	-0.000417596
43.81	-0.000411129
43.82	-0.000405306
43.83	-0.000398139
43.84	-0.000391637
43.85	-0.00038581
43.86	-0.000378669
43.87	-0.000372224
43.88	-0.000365483
43.89	-0.000359458
43.9	-0.000353158
43.91	-0.000346592
43.92	-0.00033977
43.93	-0.000332701
43.94	-0.000326395
43.95	-0.000319862
43.96	-0.000313109
43.97	-0.000307148
43.98	-0.000300986
43.99	-0.000293632
44	-0.000287096
44.01	-0.000281386
44.02	-0.000274512
44.03	-0.000267481
44.04	-0.000261303
44.05	-0.000254985
44.06	-0.000248537
44.07	-0.000241966
44.08	-0.000235281
44.09	-0.000228491
44.1	-0.000222602
44.11	-0.000215624
44.12	-0.000209565
44.13	-0.000203431
44.14	-0.000196232
44.15	-0.000189974
44.16	-0.000183666
44.17	-0.000177314
44.18	-0.000171927
44.19	-0.000165512
44.2	-0.000159077
44.21	-0.000152627
44.22	-0.000147172
44.23	-0.000140717
44.24	-0.00013427
44.25	-0.000128838
44.26	-0.000122428
44.27	-0.000116046
44.28	-0.000110699
44.29	-0.000104395
44.3	-9.81385e-05
44.31	-9.19375e-05
44.32	-8.57979e-05
44.33	-8.07261e-05
44.34	-7.47284e-05
44.35	-6.8811e-05
44.36	-6.198e-05
44.37	-5.62415e-05
44.38	-5.06015e-05
44.39	-4.50659e-05
44.4	-3.86405e-05
44.41	-3.33311e-05
44.42	-2.71434e-05
44.43	-2.10829e-05
44.44	-1.51552e-05
44.45	-9.3658e-06
44.46	-3.72006e-06
44.47	1.77671e-06
44.48	8.11926e-06
44.49	1.43024e-05
44.5	1.93211e-05
44.51	2.51703e-05
44.52	3.1845e-05
44.53	3.73405e-05
44.54	4.36518e-05
44.55	4.87742e-05
44.56	5.47031e-05
44.57	6.04339e-05
44.58	6.69621e-05
44.59	7.22833e-05
44.6	7.8393e-05
44.61	8.42871e-05
44.62	8.99611e-05
44.63	9.64111e-05
44.64	0.000101633
44.65	0.000107623
44.66	0.000113376
44.67	0.00011989
44.68	0.000126159
44.69	0.000131182
44.7	0.000137953
44.71	0.000143469
44.72	0.000149727
44.73	0.000155723
44.74	0.000161455
44.75	0.000167918
44.76	0.000174109
44.77	0.000180026
44.78	0.000185664
44.79	0.000192022
44.8	0.000198097
44.81	0.000203884
44.82	0.000210382
44.83	0.000216588
44.84	0.000222498
44.85	0.000228112
44.86	0.000234425
44.87	0.000240436
44.88	0.000247142
44.89	0.000253541
44.9	0.00025963
44.91	0.000265408
44.92	0.000271872
44.93	0.00027802
44.94	0.00028485
44.95	0.000291361
44.96	0.00029755
44.97	0.000303416
44.98	0.000309957
44.99	0.000316171
45	0.000323057
45.01	0.000329614
45.02	0.00033584
45.03	0.000341733
45.04	0.000348292
45.05	0.000355516
45.06	0.000361405
45.07	0.000367956
45.08	0.000375169
45.09	0.000381042
45.1	0.000387576
45.11	0.000394769
45.12	0.00040062
45.13	0.00040713
45.14	0.000414296
45.15	0.000421119
45.16	0.000427598
45.17	0.000433733
45.18	0.000440523
45.19	0.000447969
45.2	0.000454069
45.21	0.000460824
45.22	0.000467234
45.23	0.000474299
45.24	0.000481019
45.25	0.000488394
45.26	0.000494424
45.27	0.000501109
45.28	0.00050845
45.29	0.000515448
45.3	0.000522102
45.31	0.000528414
45.32	0.000535384
45.33	0.000542012
45.34	0.0005493
45.35	0.000556248
45.36	0.000562857
45.37	0.000570128
45.38	0.000577062
45.39	0.00058366
45.4	0.000590924
45.41	0.000596854
45.42	0.000604453
45.43	0.00061072
45.44	0.000617659
45.45	0.000625269
45.46	0.000631554
45.47	0.000638514
45.48	0.000645151
45.49	0.000652467
45.5	0.000659464
45.51	0.000666144
45.52	0.000672508
45.53	0.00067956
45.54	0.0006863
45.55	0.000693731
45.56	0.000699856
45.57	0.000706677
45.58	0.000714196
45.59	0.000720415
45.6	0.000727338
45.61	0.000733967
45.62	0.000740304
45.63	0.000747352
45.64	0.000754114
45.65	0.000760594
45.66	0.000767793
45.67	0.000773715
45.68	0.000780364
45.69	0.000787741
45.7	0.000793852
45.71	0.000800698
45.72	0.000807283
45.73	0.000813611
45.74	0.000819685
45.75	0.000826509
45.76	0.000833087
45.77	0.000839422
45.78	0.000845517
45.79	0.000851378
45.8	0.000858008
45.81	0.00086441
45.82	0.00087059
45.83	0.000876551
45.84	0.000882297
45.85	0.000888833
45.86	0.000894163
45.87	0.000900292
45.88	0.000906224
45.89	0.000911964
45.9	0.000918516
45.91	0.000923885
45.92	0.000930076
45.93	0.000935095
45.94	0.000940945
45.95	0.000946631
45.96	0.00095216
45.97	0.000957536
45.98	0.000962765
45.99	0.000968851
46	0.000973801
46.01	0.000979619
46.02	0.000985312
46.03	0.000989884
46.04	0.000995342
46.05	0.00100069
46.06	0.00100594
46.07	0.00101109
46.08	0.00101615
46.09	0.00102212
46.1	0.00102702
46.11	0.00103184
46.12	0.0010376
46.13	0.00104229
46.14	0.00104694
46.15	0.00105253
46.16	0.00105709
46.17	0.00106261
46.18	0.00106711
46.19	0.00107259
46.2	0.00107705
46.21	0.00108251
46.22	0.00108697
46.23	0.00109244
46.24	0.00109692
46.25	0.00110143
46.26	0.00110696
46.27	0.00111154
46.28	0.00111615
46.29	0.00112083
46.3	0.00112556
46.31	0.00113036
46.32	0.00113523
46.33	0.00114019
46.34	0.00114524
46.35	0.00114939
46.36	0.00115465
46.37	0.00115903
46.38	0.00116353
46.39	0.00116816
46.4	0.00117294
46.41	0.00117686
46.42	0.00118195
46.43	0.0011862
46.44	0.00119062
46.45	0.00119523
46.46	0.00120004
46.47	0.00120405
46.48	0.00120927
46.49	0.00121371
46.5	0.00121738
46.51	0.00122229
46.52	0.00122645
46.53	0.00123087
46.54	0.00123556
46.55	0.00123952
46.56	0.00124378
46.57	0.00124833
46.58	0.00125318
46.59	0.00125736
46.6	0.00126086
46.61	0.0012657
46.62	0.00126988
46.63	0.00127443
46.64	0.00127834
46.65	0.00128263
46.66	0.00128631
46.67	0.0012914
46.68	0.00129489
46.69	0.0012988
46.7	0.00130315
46.71	0.00130793
46.72	0.00131118
46.73	0.00131588
46.74	0.00132007
46.75	0.00132374
46.76	0.00132791
46.77	0.00133159
46.78	0.0013358
46.79	0.00133953
46.8	0.00134382
46.81	0.00134765
46.82	0.00135206
46.83	0.00135605
46.84	0.00135963
46.85	0.00136382
46.86	0.00136762
46.87	0.00137106
46.88	0.00137513
46.89	0.00137886
46.9	0.00138225
46.91	0.00138633
46.92	0.00139009
46.93	0.00139356
46.94	0.00139775
46.95	0.00140167
46.96	0.00140533
46.97	0.00140874
46.98	0.00141193
46.99	0.0014159
47	0.00141966
47.01	0.00142323
47.02	0.00142663
47.03	0.00143086
47.04	0.00143394
47.05	0.00143789
47.06	0.00144071
47.07	0.00144442
47.08	0.00144804
47.09	0.00145157
47.1	0.00145504
47.11	0.00145846
47.12	0.00146184
47.13	0.00146519
47.14	0.00146854
47.15	0.00147189
47.16	0.00147426
47.17	0.00147766
47.18	0.00148111
47.19	0.00148462
47.2	0.00148722
47.21	0.0014909
47.22	0.0014937
47.23	0.00149661
47.24	0.00149967
47.25	0.00150288
47.26	0.00150626
47.27	0.00150883
47.28	0.00151159
47.29	0.00151457
47.3	0.00151778
47.31	0.00152024
47.32	0.00152296
47.33	0.00152597
47.34	0.00152926
47.35	0.00153187
47.36	0.0015348
47.37	0.00153708
47.38	0.00153972
47.39	0.00154273
47.4	0.00154513
47.41	0.00154795
47.42	0.00155019
47.43	0.00155287
47.44	0.00155501
47.45	0.00155762
47.46	0.00155973
47.47	0.00156235
47.48	0.00156449
47.49	0.00156617
47.5	0.00156842
47.51	0.00157124
47.52	0.00157266
47.53	0.00157569
47.54	0.00157735
47.55	0.00157966
47.56	0.00158164
47.57	0.00158329
47.58	0.00158465
47.59	0.00158672
47.6	0.00158853
47.61	0.00159009
47.62	0.00159242
47.63	0.00159355
47.64	0.00159548
47.65	0.00159623
47.66	0.00159783
47.67	0.0015993
47.68	0.00160064
47.69	0.00160188
47.7	0.00160304
47.71	0.00160414
47.72	0.00160619
47.73	0.00160722
47.74	0.00160823
47.75	0.00160926
47.76	0.00161132
47.77	0.00161243
47.78	0.0016136
47.79	0.00161487
47.8	0.00161623
47.81	0.00161673
47.82	0.00161837
47.83	0.00161917
47.84	0.00162115
47.85	0.00162234
47.86	0.00162275
47.87	0.0016244
47.88	0.00162531
47.89	0.0016265
47.9	0.00162799
47.91	0.0016288
47.92	0.00162996
47.93	0.00163047
47.94	0.00163136
47.95	0.00163265
47.96	0.00163336
47.97	0.00163451
47.98	0.00163512
47.99	0.0016362
48	0.00163679
48.01	0.0016369
48.02	0.00163855
48.03	0.00163876
48.04	0.00163955
48.05	0.00163994
48.06	0.00163996
48.07	0.00164061
48.08	0.00164093
48.09	0.00164194
48.1	0.00164164
48.11	0.00164208
48.12	0.00164225
48.13	0.0016432
48.14	0.00164293
48.15	0.00164347
48.16	0.00164284
48.17	0.00164306
48.18	0.00164315
48.19	0.00164314
48.2	0.00164303
48.21	0.00164286
48.22	0.00164265
48.23	0.00164241
48.24	0.00164217
48.25	0.00164094
48.26	0.00164076
48.27	0.00164064
48.28	0.0016396
48.29	0.00163967
48.3	0.00163886
48.31	0.00163819
48.32	0.0016367
48.33	0.00163639
48.34	0.0016353
48.35	0.00163444
48.36	0.00163383
48.37	0.0016325
48.38	0.00163147
48.39	0.00163075
48.4	0.00162937
48.41	0.00162836
48.42	0.00162673
48.43	0.00162551
48.44	0.00162471
48.45	0.00162236
48.46	0.00162149
48.47	0.0016201
48.48	0.00161823
48.49	0.0016169
48.5	0.00161512
48.51	0.00161393
48.52	0.00161233
48.53	0.00161036
48.54	0.00160804
48.55	0.00160638
48.56	0.00160441
48.57	0.00160315
48.58	0.00160062
48.59	0.00159885
48.6	0.00159686
48.61	0.00159466
48.62	0.00159229
48.63	0.00159075
48.64	0.00158809
48.65	0.00158631
48.66	0.00158343
48.67	0.00158149
48.68	0.0015795
48.69	0.00157649
48.7	0.00157447
48.71	0.00157247
48.72	0.00156951
48.73	0.00156661
48.74	0.0015648
48.75	0.00156209
48.76	0.00155951
48.77	0.00155709
48.78	0.00155383
48.79	0.00155177
48.8	0.00154892
48.81	0.00154632
48.82	0.00154297
48.83	0.0015409
48.84	0.00153814
48.85	0.00153471
48.86	0.00153262
48.87	0.0015289
48.88	0.00152657
48.89	0.00152366
48.9	0.00152018
48.91	0.00151715
48.92	0.00151461
48.93	0.00151157
48.94	0.00150805
48.95	0.00150507
48.96	0.00150266
48.97	0.00149884
48.98	0.00149662
48.99	0.00149304
49	0.00149011
49.01	0.00148685
49.02	0.00148329
49.03	0.00148045
49.04	0.00147734
49.05	0.001474
49.06	0.00147043
49.07	0.00146768
49.08	0.00146374
49.09	0.00146065
49.1	0.00145744
49.11	0.0014541
49.12	0.00145068
49.13	0.0014472
49.14	0.00144366
49.15	0.0014401
49.16	0.00143754
49.17	0.00143399
49.18	0.00143048
49.19	0.00142703
49.2	0.00142266
49.21	0.00141939
49.22	0.00141624
49.23	0.00141224
49.24	0.0014084
49.25	0.00140474
49.26	0.00140129
49.27	0.00139807
49.28	0.0013941
49.29	0.00139039
49.3	0.00138697
49.31	0.00138286
49.32	0.00137909
49.33	0.00137466
49.34	0.0013716
49.35	0.00136694
49.36	0.00136369
49.37	0.00135887
49.38	0.00135551
49.39	0.00135161
49.4	0.00134722
49.41	0.00134333
49.42	0.00133898
49.43	0.00133518
49.44	0.00132996
49.45	0.00132633
49.46	0.00132232
49.47	0.00131794
49.48	0.00131321
49.49	0.00130816
49.5	0.0013038
49.51	0.00129915
49.52	0.00129524
49.53	0.00129008
49.54	0.00128569
49.55	0.00128009
49.56	0.0012753
49.57	0.00127035
49.58	0.00126524
49.59	0.001261
49.6	0.00125565
49.61	0.0012502
49.62	0.00124468
49.63	0.00124011
49.64	0.0012345
49.65	0.00122887
49.66	0.00122425
49.67	0.00121864
49.68	0.00121308
49.69	0.00120757
49.7	0.00120214
49.71	0.0011968
49.72	0.00119158
49.73	0.00118648
49.74	0.00118054
49.75	0.00117477
49.76	0.00116918
49.77	0.0011638
49.78	0.00115864
49.79	0.00115272
49.8	0.00114706
49.81	0.00114168
49.82	0.00113559
49.83	0.00112981
49.84	0.00112436
49.85	0.00111826
49.86	0.00111252
49.87	0.00110717
49.88	0.00110121
49.89	0.00109468
49.9	0.00108957
49.91	0.00108292
49.92	0.00107773
49.93	0.00107103
49.94	0.00106484
49.95	0.00105916
49.96	0.00105302
49.97	0.00104743
49.98	0.00104141
49.99	0.00103498
50	0.00102914
