0	0
0,1	3,37179e-07
0,2	-2,8501e-07
0,3	2,48493e-07
0,4	2,00874e-07
0,5	5,56677e-08
0,6	-4,13159e-07
0,7	-7,39448e-08
0,8	-3,73471e-07
0,9	-1,27704e-06
1	-3,21296e-06
1,1	-6,02178e-06
1,2	-8,91067e-06
1,3	-1,0413e-05
1,4	-1,13531e-05
1,5	-1,18172e-05
1,6	-1,11286e-05
1,7	-9,82874e-06
1,8	-7,66325e-06
1,9	-4,57231e-06
2	-2,68561e-06
2,1	-3,21105e-07
2,2	2,01276e-06
2,3	1,61181e-06
2,4	-4,31562e-07
2,5	-5,23807e-06
2,6	-1,01527e-05
2,7	-1,67566e-05
2,8	-2,18801e-05
2,9	-2,56146e-05
3	-2,73251e-05
3,1	-2,76613e-05
3,2	-2,65679e-05
3,3	-2,22925e-05
3,4	-1,63933e-05
3,5	-7,74331e-06
3,6	1,46672e-06
3,7	1,17276e-05
3,8	2,22132e-05
3,9	3,07844e-05
4	3,79946e-05
4,1	4,20977e-05
4,2	4,30565e-05
4,3	4,35546e-05
4,4	4,30067e-05
4,5	4,2572e-05
4,6	4,31663e-05
4,7	4,34745e-05
4,8	4,49622e-05
4,9	4,78864e-05
5	5,13043e-05
5,1	5,60802e-05
5,2	6,18891e-05
5,3	6,82177e-05
5,4	7,53614e-05
5,5	8,24174e-05
5,6	8,92734e-05
5,7	9,45909e-05
5,8	9,87842e-05
5,9	0,000100994
6	0,000104054
6,1	0,000109456
6,2	0,000115304
6,3	0,000120271
6,4	0,00012454
6,5	0,000126751
6,6	0,000126938
6,7	0,000125464
6,8	0,00012395
6,9	0,000121207
7	0,000119163
7,1	0,000116785
7,2	0,000116011
7,3	0,000115667
7,4	0,000117404
7,5	0,000118618
7,6	0,000120386
7,7	0,000120398
7,8	0,000117896
7,9	0,000114617
8	0,000113736
8,1	0,000112819
8,2	0,000112782
8,3	0,000110851
8,4	0,000108529
8,5	0,000104568
8,6	9,89507e-05
8,7	9,18688e-05
8,8	8,37147e-05
8,9	7,40725e-05
9	6,27144e-05
9,1	5,1602e-05
9,2	3,98888e-05
9,3	2,79276e-05
9,4	1,62783e-05
9,5	6,71894e-06
9,6	2,5686e-07
9,7	-3,85872e-06
9,8	-7,12419e-06
9,9	-9,76915e-06
10	-1,27447e-05
10,1	-1,67125e-05
10,2	-2,20355e-05
10,3	-2,97702e-05
10,4	-3,96604e-05
10,5	-5,11336e-05
10,6	-6,52987e-05
10,7	-8,09468e-05
10,8	-9,85536e-05
10,9	-0,000116284
11	-0,000134998
11,1	-0,000152261
11,2	-0,000167351
11,3	-0,000179271
11,4	-0,000188764
11,5	-0,000197319
11,6	-0,000204189
11,7	-0,000211401
11,8	-0,000218767
11,9	-0,000225897
12	-0,000232201
12,1	-0,0002399
12,2	-0,000247026
12,3	-0,000254423
12,4	-0,00026174
12,5	-0,000269423
12,6	-0,000276704
12,7	-0,000283577
12,8	-0,00028978
12,9	-0,000294764
13	-0,000298656
13,1	-0,000301223
13,2	-0,000305826
13,3	-0,000312369
13,4	-0,000317243
13,5	-0,00032127
13,6	-0,000322636
13,7	-0,000321826
13,8	-0,000319556
13,9	-0,000314695
14	-0,000309198
14,1	-0,000303028
14,2	-0,000296084
14,3	-0,000289123
14,4	-0,000283692
14,5	-0,000278056
14,6	-0,000273129
14,7	-0,000268413
14,8	-0,000261933
14,9	-0,000254184
15	-0,00024208
15,1	-0,000232907
15,2	-0,000223281
15,3	-0,000214112
15,4	-0,000204578
15,5	-0,000193093
15,6	-0,000181294
15,7	-0,000167023
15,8	-0,000151317
15,9	-0,000134403
16	-0,000115696
16,1	-9,6801e-05
16,2	-7,55192e-05
16,3	-5,4853e-05
16,4	-3,40168e-05
16,5	-1,44481e-05
16,6	4,18084e-06
16,7	1,89505e-05
16,8	3,16815e-05
16,9	4,19221e-05
17	5,29374e-05
17,1	6,36988e-05
17,2	7,58751e-05
17,3	8,9826e-05
17,4	0,000104596
17,5	0,000122914
17,6	0,000142187
17,7	0,000164508
17,8	0,000188655
17,9	0,000213098
18	0,000239006
18,1	0,000265257
18,2	0,000289446
18,3	0,000312901
18,4	0,000332691
18,5	0,00034864
18,6	0,000363339
18,7	0,000376161
18,8	0,000389266
18,9	0,000401617
19	0,000412979
19,1	0,00042393
19,2	0,000434861
19,3	0,000444969
19,4	0,000454256
19,5	0,000464516
19,6	0,000473318
19,7	0,000481988
19,8	0,000490581
19,9	0,000497849
20	0,000503207
20,1	0,000507689
20,2	0,000509901
20,3	0,000512968
20,4	0,00051748
20,5	0,000521425
20,6	0,000524131
20,7	0,000524191
20,8	0,000521399
20,9	0,000515671
21	0,000507975
21,1	0,000498254
21,2	0,000486353
21,3	0,000473948
21,4	0,000461468
21,5	0,000448032
21,6	0,000435381
21,7	0,000421814
21,8	0,00040913
21,9	0,000394574
22	0,000378789
22,1	0,000358771
22,2	0,000339829
22,3	0,000321555
22,4	0,000302793
22,5	0,000283619
22,6	0,000264319
22,7	0,000243383
22,8	0,000220492
22,9	0,000196516
23	0,000169513
23,1	0,000141734
23,2	0,000112626
23,3	8,18455e-05
23,4	5,02623e-05
23,5	1,8976e-05
23,6	-1,2674e-05
23,7	-4,20951e-05
23,8	-6,94298e-05
23,9	-9,3543e-05
24	-0,000114012
24,1	-0,000134116
24,2	-0,000153828
24,3	-0,00017381
24,4	-0,000194408
24,5	-0,000217649
24,6	-0,000242241
24,7	-0,000269579
24,8	-0,000297745
24,9	-0,000328514
25	-0,000361366
25,1	-0,000394495
25,2	-0,000427815
25,3	-0,000460979
25,4	-0,000492387
25,5	-0,000521199
25,6	-0,000547349
25,7	-0,000568554
25,8	-0,000588327
25,9	-0,000606983
26	-0,000624645
26,1	-0,000641248
26,2	-0,000656538
26,3	-0,000670068
26,4	-0,00068219
26,5	-0,000693041
26,6	-0,000703527
26,7	-0,000712296
26,8	-0,000720715
26,9	-0,000727833
27	-0,000735343
27,1	-0,000741536
27,2	-0,000746254
27,3	-0,000748834
27,4	-0,000748047
27,5	-0,000745041
27,6	-0,000744268
27,7	-0,000743419
27,8	-0,00074135
27,9	-0,00073701
28	-0,000729364
28,1	-0,000719321
28,2	-0,000705662
28,3	-0,000688962
28,4	-0,000669522
28,5	-0,000648303
28,6	-0,000625859
28,7	-0,000601275
28,8	-0,000577114
28,9	-0,000551361
29	-0,00052538
29,1	-0,000498868
29,2	-0,000470824
29,3	-0,000439513
29,4	-0,000407443
29,5	-0,000375344
29,6	-0,000345155
29,7	-0,00031401
29,8	-0,000283233
29,9	-0,000250336
30	-0,000217021
30,1	-0,000181186
30,2	-0,000143929
30,3	-0,000105557
30,4	-6,46012e-05
30,5	-2,18244e-05
30,6	2,17638e-05
30,7	6,58961e-05
30,8	0,000111034
30,9	0,000154357
31	0,000196753
31,1	0,000234807
31,2	0,000268796
31,3	0,000299682
31,4	0,000329113
31,5	0,000358414
31,6	0,000387596
31,7	0,000417355
31,8	0,000449076
31,9	0,000482845
32	0,000517453
32,1	0,000554411
32,2	0,000591956
32,3	0,000631068
32,4	0,00067048
32,5	0,000710691
32,6	0,000748979
32,7	0,000786409
32,8	0,000820847
32,9	0,000851962
33	0,000877235
33,1	0,000899957
33,2	0,000921231
33,3	0,000940962
33,4	0,00095985
33,5	0,000975372
33,6	0,000988764
33,7	0,000998995
33,8	0,00100674
33,9	0,00101232
34	0,00101672
34,1	0,00101847
34,2	0,00101863
34,3	0,00101874
34,4	0,00101776
34,5	0,00101495
34,6	0,0010109
34,7	0,00100438
34,8	0,00099428
34,9	0,000979581
35	0,000965228
35,1	0,000952082
35,2	0,000936843
35,3	0,000919973
35,4	0,000899633
35,5	0,000875611
35,6	0,000849263
35,7	0,000818451
35,8	0,000785489
35,9	0,000749095
36	0,000710344
36,1	0,000669631
36,2	0,000627633
36,3	0,000584287
36,4	0,000538761
36,5	0,000492438
36,6	0,000444903
36,7	0,000395934
36,8	0,000347499
36,9	0,000299753
37	0,000254044
37,1	0,000207915
37,2	0,000161116
37,3	0,000114611
37,4	6,55914e-05
37,5	1,64876e-05
37,6	-3,60193e-05
37,7	-8,89841e-05
37,8	-0,000144186
37,9	-0,000201116
38	-0,000258972
38,1	-0,000317642
38,2	-0,000375707
38,3	-0,00043343
38,4	-0,000488756
38,5	-0,000540314
38,6	-0,000587413
38,7	-0,000631053
38,8	-0,000672927
38,9	-0,00071343
39	-0,000752668
39,1	-0,000792469
39,2	-0,000831396
39,3	-0,00087176
39,4	-0,000911628
39,5	-0,000952841
39,6	-0,000993022
39,7	-0,00103359
39,8	-0,00107475
39,9	-0,00111355
40	-0,00115182
40,1	-0,00118719
40,2	-0,00121914
40,3	-0,00124792
40,4	-0,00127157
40,5	-0,00129091
40,6	-0,00130849
40,7	-0,00132461
40,8	-0,00133822
40,9	-0,00134895
41	-0,00135602
41,1	-0,00135821
41,2	-0,00135679
41,3	-0,0013515
41,4	-0,00134243
41,5	-0,001331
41,6	-0,00131789
41,7	-0,00130193
41,8	-0,00128506
41,9	-0,00126625
42	-0,00124643
42,1	-0,00122338
42,2	-0,00119872
42,3	-0,00116878
42,4	-0,00113456
42,5	-0,00109968
42,6	-0,00106427
42,7	-0,00102797
42,8	-0,000988834
42,9	-0,000946299
43	-0,000901147
43,1	-0,000853461
43,2	-0,000801597
43,3	-0,000747153
43,4	-0,000689956
43,5	-0,000630038
43,6	-0,000568631
43,7	-0,000504156
43,8	-0,000439223
43,9	-0,000373632
44	-0,000306375
44,1	-0,000240646
44,2	-0,000175847
44,3	-0,000113601
44,4	-5,27628e-05
44,5	6,56823e-06
44,6	6,70364e-05
44,7	0,000128017
44,8	0,000189603
44,9	0,000252598
45	0,000317505
45,1	0,000383516
45,2	0,000451515
45,3	0,000521063
45,4	0,000591407
45,5	0,000661474
45,6	0,000730878
45,7	0,000798922
45,8	0,000864606
45,9	0,000926637
46	0,000983438
46,1	0,00103816
46,2	0,00108969
46,3	0,00113967
46,4	0,00118852
46,5	0,0012344
46,6	0,0012793
46,7	0,00132298
46,8	0,00136501
46,9	0,00140478
47	0,00144348
47,1	0,00148012
47,2	0,00151351
47,3	0,00154525
47,4	0,00157372
47,5	0,00159808
47,6	0,00161921
47,7	0,00163468
47,8	0,00164877
47,9	0,00166137
48	0,00167094
48,1	0,00167649
48,2	0,00167851
48,3	0,00167489
48,4	0,00166589
48,5	0,00165204
48,6	0,0016341
48,7	0,00161195
48,8	0,00158657
48,9	0,00155789
49	0,00152782
49,1	0,00149505
49,2	0,0014601
49,3	0,00142415
49,4	0,00138405
49,5	0,00134021
49,6	0,00129155
49,7	0,00123745
49,8	0,00118171
49,9	0,00112347
50	0,00106223
