-20	0.0272854
-19.9905	0.0342956
-19.981	0.0412461
-19.9715	0.0481337
-19.962	0.0549571
-19.9525	0.0617151
-19.943	0.0684043
-19.9335	0.0750233
-19.924	0.0815699
-19.9145	0.0880426
-19.905	0.094439
-19.8955	0.100758
-19.886	0.106996
-19.8765	0.113153
-19.867	0.119225
-19.8575	0.125213
-19.848	0.131112
-19.8385	0.136923
-19.829	0.142642
-19.8195	0.148268
-19.81	0.1538
-19.8005	0.159234
-19.791	0.164571
-19.7815	0.169808
-19.772	0.174942
-19.7625	0.179973
-19.753	0.1849
-19.7435	0.189719
-19.734	0.194429
-19.7245	0.199031
-19.715	0.203519
-19.7055	0.207895
-19.696	0.212155
-19.6865	0.2163
-19.677	0.220327
-19.6675	0.224234
-19.658	0.228021
-19.6485	0.231685
-19.639	0.235225
-19.6295	0.23864
-19.62	0.241928
-19.6105	0.245088
-19.601	0.24812
-19.5915	0.251021
-19.582	0.253789
-19.5725	0.256426
-19.563	0.258927
-19.5535	0.261293
-19.544	0.263522
-19.5345	0.265612
-19.525	0.267564
-19.5155	0.269375
-19.506	0.271046
-19.4965	0.272573
-19.487	0.273958
-19.4775	0.275198
-19.468	0.276292
-19.4585	0.277239
-19.449	0.27804
-19.4395	0.278692
-19.43	0.279195
-19.4205	0.279549
-19.411	0.279751
-19.4015	0.279801
-19.392	0.279699
-19.3825	0.279443
-19.373	0.279034
-19.3635	0.27847
-19.354	0.277751
-19.3445	0.276877
-19.335	0.275845
-19.3255	0.274655
-19.316	0.273309
-19.3065	0.271805
-19.297	0.270142
-19.2875	0.26832
-19.278	0.266337
-19.2685	0.264196
-19.259	0.261893
-19.2495	0.25943
-19.24	0.256807
-19.2305	0.254021
-19.221	0.251075
-19.2115	0.247966
-19.202	0.244696
-19.1925	0.241263
-19.183	0.237668
-19.1735	0.233911
-19.164	0.229991
-19.1545	0.225909
-19.145	0.221664
-19.1355	0.217257
-19.126	0.212687
-19.1165	0.207955
-19.107	0.20306
-19.0975	0.198005
-19.088	0.192786
-19.0785	0.187406
-19.069	0.181864
-19.0595	0.176161
-19.05	0.170296
-19.0405	0.164272
-19.031	0.158086
-19.0215	0.151741
-19.012	0.145236
-19.0025	0.138573
-18.993	0.13175
-18.9835	0.12477
-18.974	0.117631
-18.9645	0.110336
-18.955	0.102884
-18.9455	0.0952771
-18.936	0.0875148
-18.9265	0.0795971
-18.917	0.0715267
-18.9075	0.0633023
-18.898	0.0549265
-18.8885	0.0463987
-18.879	0.0377205
-18.8695	0.0288924
-18.86	0.0199156
-18.8505	0.0107915
-18.841	0.00151924
-18.8315	-0.00789888
-18.822	-0.0174608
-18.8125	-0.0271674
-18.803	-0.0370177
-18.7935	-0.0470088
-18.784	-0.0571408
-18.7745	-0.0674118
-18.765	-0.0778221
-18.7555	-0.088369
-18.746	-0.0990518
-18.7365	-0.109869
-18.727	-0.12082
-18.7175	-0.131902
-18.708	-0.143115
-18.6985	-0.154458
-18.689	-0.165928
-18.6795	-0.177525
-18.67	-0.189247
-18.6605	-0.201092
-18.651	-0.213059
-18.6415	-0.225146
-18.632	-0.237352
-18.6225	-0.249676
-18.613	-0.262115
-18.6035	-0.274668
-18.594	-0.287334
-18.5845	-0.300109
-18.575	-0.312994
-18.5655	-0.325987
-18.556	-0.339084
-18.5465	-0.352284
-18.537	-0.365588
-18.5275	-0.37899
-18.518	-0.392491
-18.5085	-0.406087
-18.499	-0.419778
-18.4895	-0.433562
-18.48	-0.447436
-18.4705	-0.461398
-18.461	-0.475446
-18.4515	-0.489579
-18.442	-0.503794
-18.4325	-0.518089
-18.423	-0.532463
-18.4135	-0.546913
-18.404	-0.561436
-18.3945	-0.576031
-18.385	-0.590696
-18.3755	-0.605428
-18.366	-0.620225
-18.3565	-0.635086
-18.347	-0.650006
-18.3375	-0.664986
-18.328	-0.680022
-18.3185	-0.69511
-18.309	-0.710251
-18.2995	-0.725442
-18.29	-0.740678
-18.2805	-0.755959
-18.271	-0.771284
-18.2615	-0.786646
-18.252	-0.802047
-18.2425	-0.817482
-18.233	-0.83295
-18.2235	-0.848447
-18.214	-0.863973
-18.2045	-0.879523
-18.195	-0.895095
-18.1855	-0.910687
-18.176	-0.926296
-18.1665	-0.941921
-18.157	-0.957558
-18.1475	-0.973204
-18.138	-0.988858
-18.1285	-1.00452
-18.119	-1.02018
-18.1095	-1.03584
-18.1	-1.05149
-18.0905	-1.06714
-18.081	-1.08279
-18.0715	-1.09842
-18.062	-1.11403
-18.0525	-1.12963
-18.043	-1.14521
-18.0335	-1.16077
-18.024	-1.17631
-18.0145	-1.19181
-18.005	-1.20729
-17.9955	-1.22274
-17.986	-1.23815
-17.9765	-1.25352
-17.967	-1.26885
-17.9575	-1.28413
-17.948	-1.29937
-17.9385	-1.31457
-17.929	-1.32971
-17.9195	-1.34479
-17.91	-1.35982
-17.9005	-1.37479
-17.891	-1.38969
-17.8815	-1.40453
-17.872	-1.4193
-17.8625	-1.43401
-17.853	-1.44863
-17.8435	-1.46318
-17.834	-1.47765
-17.8245	-1.49204
-17.815	-1.50635
-17.8055	-1.52057
-17.796	-1.53469
-17.7865	-1.54873
-17.777	-1.56267
-17.7675	-1.57651
-17.758	-1.59025
-17.7485	-1.60388
-17.739	-1.61741
-17.7295	-1.63083
-17.72	-1.64414
-17.7105	-1.65733
-17.701	-1.67041
-17.6915	-1.68336
-17.682	-1.69619
-17.6725	-1.7089
-17.663	-1.72148
-17.6535	-1.73393
-17.644	-1.74625
-17.6345	-1.75843
-17.625	-1.77047
-17.6155	-1.78237
-17.606	-1.79412
-17.5965	-1.80573
-17.587	-1.8172
-17.5775	-1.82851
-17.568	-1.83966
-17.5585	-1.85066
-17.549	-1.8615
-17.5395	-1.87218
-17.53	-1.88269
-17.5205	-1.89304
-17.511	-1.90322
-17.5015	-1.91322
-17.492	-1.92306
-17.4825	-1.93271
-17.473	-1.94219
-17.4635	-1.95149
-17.454	-1.9606
-17.4445	-1.96953
-17.435	-1.97826
-17.4255	-1.98681
-17.416	-1.99517
-17.4065	-2.00333
-17.397	-2.01129
-17.3875	-2.01905
-17.378	-2.02661
-17.3685	-2.03397
-17.359	-2.04112
-17.3495	-2.04806
-17.34	-2.05479
-17.3305	-2.06131
-17.321	-2.06761
-17.3115	-2.07369
-17.302	-2.07956
-17.2925	-2.08521
-17.283	-2.09063
-17.2735	-2.09583
-17.264	-2.1008
-17.2545	-2.10554
-17.245	-2.11005
-17.2355	-2.11433
-17.226	-2.11837
-17.2165	-2.12218
-17.207	-2.12575
-17.1975	-2.12908
-17.188	-2.13217
-17.1785	-2.13501
-17.169	-2.13761
-17.1595	-2.13996
-17.15	-2.14206
-17.1405	-2.14392
-17.131	-2.14552
-17.1215	-2.14687
-17.112	-2.14796
-17.1025	-2.1488
-17.093	-2.14938
-17.0835	-2.1497
-17.074	-2.14976
-17.0645	-2.14956
-17.055	-2.14909
-17.0455	-2.14836
-17.036	-2.14737
-17.0265	-2.1461
-17.017	-2.14457
-17.0075	-2.14277
-16.998	-2.1407
-16.9885	-2.13836
-16.979	-2.13574
-16.9695	-2.13285
-16.96	-2.12969
-16.9505	-2.12625
-16.941	-2.12253
-16.9315	-2.11854
-16.922	-2.11426
-16.9125	-2.10971
-16.903	-2.10487
-16.8935	-2.09976
-16.884	-2.09436
-16.8745	-2.08869
-16.865	-2.08272
-16.8555	-2.07648
-16.846	-2.06995
-16.8365	-2.06313
-16.827	-2.05603
-16.8175	-2.04864
-16.808	-2.04097
-16.7985	-2.03301
-16.789	-2.02477
-16.7795	-2.01623
-16.77	-2.00741
-16.7605	-1.9983
-16.751	-1.9889
-16.7415	-1.97921
-16.732	-1.96923
-16.7225	-1.95897
-16.713	-1.94842
-16.7035	-1.93757
-16.694	-1.92644
-16.6845	-1.91502
-16.675	-1.90331
-16.6655	-1.89132
-16.656	-1.87903
-16.6465	-1.86646
-16.637	-1.85359
-16.6275	-1.84044
-16.618	-1.827
-16.6085	-1.81328
-16.599	-1.79927
-16.5895	-1.78497
-16.58	-1.77039
-16.5705	-1.75552
-16.561	-1.74037
-16.5515	-1.72493
-16.542	-1.70921
-16.5325	-1.6932
-16.523	-1.67692
-16.5135	-1.66035
-16.504	-1.6435
-16.4945	-1.62637
-16.485	-1.60897
-16.4755	-1.59128
-16.466	-1.57332
-16.4565	-1.55508
-16.447	-1.53657
-16.4375	-1.51779
-16.428	-1.49873
-16.4185	-1.4794
-16.409	-1.45979
-16.3995	-1.43992
-16.39	-1.41979
-16.3805	-1.39938
-16.371	-1.37871
-16.3615	-1.35778
-16.352	-1.33658
-16.3425	-1.31512
-16.333	-1.2934
-16.3235	-1.27143
-16.314	-1.2492
-16.3045	-1.22671
-16.295	-1.20397
-16.2855	-1.18098
-16.276	-1.15774
-16.2665	-1.13425
-16.257	-1.11051
-16.2475	-1.08654
-16.238	-1.06231
-16.2285	-1.03785
-16.219	-1.01315
-16.2095	-0.988214
-16.2	-0.963043
-16.1905	-0.937638
-16.181	-0.912004
-16.1715	-0.886142
-16.162	-0.860054
-16.1525	-0.833741
-16.143	-0.807208
-16.1335	-0.780455
-16.124	-0.753486
-16.1145	-0.726302
-16.105	-0.698906
-16.0955	-0.671299
-16.086	-0.643487
-16.0765	-0.61547
-16.067	-0.58725
-16.0575	-0.558831
-16.048	-0.530215
-16.0385	-0.501404
-16.029	-0.472403
-16.0195	-0.443211
-16.01	-0.413834
-16.0005	-0.384274
-15.991	-0.354533
-15.9815	-0.324614
-15.972	-0.294521
-15.9625	-0.264255
-15.953	-0.23382
-15.9435	-0.203219
-15.934	-0.172455
-15.9245	-0.141533
-15.915	-0.110452
-15.9055	-0.0792173
-15.896	-0.0478317
-15.8865	-0.0162993
-15.877	0.0153784
-15.8675	0.0471973
-15.858	0.079153
-15.8485	0.111245
-15.839	0.143467
-15.8295	0.175817
-15.82	0.208293
-15.8105	0.24089
-15.801	0.273605
-15.7915	0.306434
-15.782	0.339374
-15.7725	0.372422
-15.763	0.405574
-15.7535	0.438828
-15.744	0.472177
-15.7345	0.50562
-15.725	0.539153
-15.7155	0.572773
-15.706	0.606475
-15.6965	0.640256
-15.687	0.674112
-15.6775	0.708039
-15.668	0.742036
-15.6585	0.776095
-15.649	0.810215
-15.6395	0.844391
-15.63	0.87862
-15.6205	0.912899
-15.611	0.947222
-15.6015	0.981586
-15.592	1.01599
-15.5825	1.05042
-15.573	1.08489
-15.5635	1.11938
-15.554	1.15389
-15.5445	1.18842
-15.535	1.22296
-15.5255	1.25751
-15.516	1.29207
-15.5065	1.32663
-15.497	1.36118
-15.4875	1.39573
-15.478	1.43027
-15.4685	1.4648
-15.459	1.49931
-15.4495	1.53379
-15.44	1.56825
-15.4305	1.60267
-15.421	1.63706
-15.4115	1.67141
-15.402	1.70572
-15.3925	1.73998
-15.383	1.77419
-15.3735	1.80834
-15.364	1.84244
-15.3545	1.87646
-15.345	1.91042
-15.3355	1.94431
-15.326	1.97812
-15.3165	2.01185
-15.307	2.0455
-15.2975	2.07905
-15.288	2.11251
-15.2785	2.14588
-15.269	2.17914
-15.2595	2.21229
-15.25	2.24534
-15.2405	2.27827
-15.231	2.31108
-15.2215	2.34377
-15.212	2.37633
-15.2025	2.40876
-15.193	2.44105
-15.1835	2.47321
-15.174	2.50522
-15.1645	2.53708
-15.155	2.56879
-15.1455	2.60034
-15.136	2.63173
-15.1265	2.66296
-15.117	2.69402
-15.1075	2.7249
-15.098	2.75561
-15.0885	2.78614
-15.079	2.81648
-15.0695	2.84663
-15.06	2.87658
-15.0505	2.90634
-15.041	2.9359
-15.0315	2.96525
-15.022	2.99439
-15.0125	3.02331
-15.003	3.05202
-14.9935	3.08051
-14.984	3.10877
-14.9745	3.1368
-14.965	3.16459
-14.9555	3.19215
-14.946	3.21946
-14.9365	3.24653
-14.927	3.27335
-14.9175	3.29991
-14.908	3.32622
-14.8985	3.35226
-14.889	3.37804
-14.8795	3.40355
-14.87	3.42878
-14.8605	3.45374
-14.851	3.47842
-14.8415	3.50282
-14.832	3.52692
-14.8225	3.55074
-14.813	3.57426
-14.8035	3.59748
-14.794	3.6204
-14.7845	3.64301
-14.775	3.66531
-14.7655	3.6873
-14.756	3.70897
-14.7465	3.73032
-14.737	3.75134
-14.7275	3.77204
-14.718	3.79241
-14.7085	3.81245
-14.699	3.83214
-14.6895	3.8515
-14.68	3.87051
-14.6705	3.88918
-14.661	3.90749
-14.6515	3.92545
-14.642	3.94306
-14.6325	3.9603
-14.623	3.97718
-14.6135	3.9937
-14.604	4.00984
-14.5945	4.02562
-14.585	4.04102
-14.5755	4.05604
-14.566	4.07068
-14.5565	4.08493
-14.547	4.0988
-14.5375	4.11228
-14.528	4.12537
-14.5185	4.13806
-14.509	4.15036
-14.4995	4.16225
-14.49	4.17375
-14.4805	4.18484
-14.471	4.19552
-14.4615	4.20579
-14.452	4.21564
-14.4425	4.22508
-14.433	4.23411
-14.4235	4.24271
-14.414	4.2509
-14.4045	4.25866
-14.395	4.26599
-14.3855	4.27289
-14.376	4.27937
-14.3665	4.28541
-14.357	4.29101
-14.3475	4.29618
-14.338	4.30091
-14.3285	4.3052
-14.319	4.30905
-14.3095	4.31246
-14.3	4.31542
-14.2905	4.31793
-14.281	4.31999
-14.2715	4.3216
-14.262	4.32276
-14.2525	4.32347
-14.243	4.32372
-14.2335	4.32352
-14.224	4.32285
-14.2145	4.32173
-14.205	4.32015
-14.1955	4.3181
-14.186	4.3156
-14.1765	4.31263
-14.167	4.30919
-14.1575	4.30529
-14.148	4.30092
-14.1385	4.29608
-14.129	4.29078
-14.1195	4.28501
-14.11	4.27876
-14.1005	4.27205
-14.091	4.26486
-14.0815	4.2572
-14.072	4.24907
-14.0625	4.24046
-14.053	4.23139
-14.0435	4.22183
-14.034	4.21181
-14.0245	4.20131
-14.015	4.19033
-14.0055	4.17888
-13.996	4.16695
-13.9865	4.15455
-13.977	4.14168
-13.9675	4.12833
-13.958	4.1145
-13.9485	4.1002
-13.939	4.08543
-13.9295	4.07018
-13.92	4.05445
-13.9105	4.03825
-13.901	4.02158
-13.8915	4.00444
-13.882	3.98682
-13.8725	3.96874
-13.863	3.95018
-13.8535	3.93115
-13.844	3.91165
-13.8345	3.89168
-13.825	3.87125
-13.8155	3.85034
-13.806	3.82898
-13.7965	3.80714
-13.787	3.78485
-13.7775	3.76209
-13.768	3.73886
-13.7585	3.71518
-13.749	3.69104
-13.7395	3.66644
-13.73	3.64139
-13.7205	3.61588
-13.711	3.58992
-13.7015	3.5635
-13.692	3.53664
-13.6825	3.50933
-13.673	3.48157
-13.6635	3.45336
-13.654	3.42472
-13.6445	3.39563
-13.635	3.3661
-13.6255	3.33614
-13.616	3.30574
-13.6065	3.27491
-13.597	3.24365
-13.5875	3.21195
-13.578	3.17984
-13.5685	3.1473
-13.559	3.11433
-13.5495	3.08095
-13.54	3.04716
-13.5305	3.01294
-13.521	2.97832
-13.5115	2.94329
-13.502	2.90785
-13.4925	2.87201
-13.483	2.83577
-13.4735	2.79913
-13.464	2.7621
-13.4545	2.72467
-13.445	2.68686
-13.4355	2.64866
-13.426	2.61008
-13.4165	2.57112
-13.407	2.53178
-13.3975	2.49207
-13.388	2.45199
-13.3785	2.41155
-13.369	2.37074
-13.3595	2.32957
-13.35	2.28805
-13.3405	2.24617
-13.331	2.20395
-13.3215	2.16138
-13.312	2.11847
-13.3025	2.07523
-13.293	2.03164
-13.2835	1.98773
-13.274	1.9435
-13.2645	1.89894
-13.255	1.85406
-13.2455	1.80888
-13.236	1.76338
-13.2265	1.71757
-13.217	1.67146
-13.2075	1.62506
-13.198	1.57836
-13.1885	1.53138
-13.179	1.48411
-13.1695	1.43655
-13.16	1.38873
-13.1505	1.34063
-13.141	1.29227
-13.1315	1.24364
-13.122	1.19476
-13.1125	1.14562
-13.103	1.09623
-13.0935	1.0466
-13.084	0.996734
-13.0745	0.946631
-13.065	0.8963
-13.0555	0.845743
-13.046	0.794967
-13.0365	0.743976
-13.027	0.692776
-13.0175	0.64137
-13.008	0.589764
-12.9985	0.537965
-12.989	0.485974
-12.9795	0.4338
-12.97	0.381446
-12.9605	0.328918
-12.951	0.276221
-12.9415	0.22336
-12.932	0.170341
-12.9225	0.117168
-12.913	0.0638477
-12.9035	0.0103847
-12.894	-0.0432157
-12.8845	-0.0969471
-12.875	-0.150805
-12.8655	-0.204785
-12.856	-0.258878
-12.8465	-0.313083
-12.837	-0.367391
-12.8275	-0.421798
-12.818	-0.476298
-12.8085	-0.530886
-12.799	-0.585556
-12.7895	-0.640301
-12.78	-0.695117
-12.7705	-0.749998
-12.761	-0.804938
-12.7515	-0.859932
-12.742	-0.914973
-12.7325	-0.970056
-12.723	-1.02518
-12.7135	-1.08032
-12.704	-1.1355
-12.6945	-1.19069
-12.685	-1.24589
-12.6755	-1.30111
-12.666	-1.35632
-12.6565	-1.41153
-12.647	-1.46672
-12.6375	-1.5219
-12.628	-1.57706
-12.6185	-1.63219
-12.609	-1.68728
-12.5995	-1.74234
-12.59	-1.79735
-12.5805	-1.8523
-12.571	-1.9072
-12.5615	-1.96203
-12.552	-2.01679
-12.5425	-2.07147
-12.533	-2.12608
-12.5235	-2.18059
-12.514	-2.23501
-12.5045	-2.28933
-12.495	-2.34354
-12.4855	-2.39764
-12.476	-2.45162
-12.4665	-2.50547
-12.457	-2.5592
-12.4475	-2.61279
-12.438	-2.66623
-12.4285	-2.71953
-12.419	-2.77267
-12.4095	-2.82566
-12.4	-2.87847
-12.3905	-2.93111
-12.381	-2.98358
-12.3715	-3.03585
-12.362	-3.08794
-12.3525	-3.13983
-12.343	-3.19152
-12.3335	-3.243
-12.324	-3.29427
-12.3145	-3.34531
-12.305	-3.39613
-12.2955	-3.44672
-12.286	-3.49707
-12.2765	-3.54717
-12.267	-3.59702
-12.2575	-3.64662
-12.248	-3.69596
-12.2385	-3.74503
-12.229	-3.79382
-12.2195	-3.84234
-12.21	-3.89057
-12.2005	-3.93851
-12.191	-3.98615
-12.1815	-4.0335
-12.172	-4.08053
-12.1625	-4.12725
-12.153	-4.17366
-12.1435	-4.21973
-12.134	-4.26548
-12.1245	-4.31089
-12.115	-4.35596
-12.1055	-4.40069
-12.096	-4.44506
-12.0865	-4.48907
-12.077	-4.53272
-12.0675	-4.576
-12.058	-4.61891
-12.0485	-4.66143
-12.039	-4.70358
-12.0295	-4.74533
-12.02	-4.78669
-12.0105	-4.82764
-12.001	-4.86819
-11.9915	-4.90833
-11.982	-4.94805
-11.9725	-4.98736
-11.963	-5.02623
-11.9535	-5.06468
-11.944	-5.10268
-11.9345	-5.14025
-11.925	-5.17737
-11.9155	-5.21404
-11.906	-5.25025
-11.8965	-5.28601
-11.887	-5.32129
-11.8775	-5.35611
-11.868	-5.39045
-11.8585	-5.42431
-11.849	-5.45769
-11.8395	-5.49058
-11.83	-5.52298
-11.8205	-5.55488
-11.811	-5.58628
-11.8015	-5.61717
-11.792	-5.64755
-11.7825	-5.67741
-11.773	-5.70676
-11.7635	-5.73558
-11.754	-5.76387
-11.7445	-5.79164
-11.735	-5.81886
-11.7255	-5.84555
-11.716	-5.87169
-11.7065	-5.89729
-11.697	-5.92233
-11.6875	-5.94682
-11.678	-5.97075
-11.6685	-5.99412
-11.659	-6.01693
-11.6495	-6.03916
-11.64	-6.06082
-11.6305	-6.0819
-11.621	-6.1024
-11.6115	-6.12232
-11.602	-6.14165
-11.5925	-6.16039
-11.583	-6.17854
-11.5735	-6.19609
-11.564	-6.21305
-11.5545	-6.2294
-11.545	-6.24514
-11.5355	-6.26028
-11.526	-6.2748
-11.5165	-6.28872
-11.507	-6.30201
-11.4975	-6.31469
-11.488	-6.32674
-11.4785	-6.33817
-11.469	-6.34897
-11.4595	-6.35915
-11.45	-6.36869
-11.4405	-6.3776
-11.431	-6.38587
-11.4215	-6.39351
-11.412	-6.4005
-11.4025	-6.40685
-11.393	-6.41256
-11.3835	-6.41762
-11.374	-6.42204
-11.3645	-6.4258
-11.355	-6.42891
-11.3455	-6.43137
-11.336	-6.43318
-11.3265	-6.43433
-11.317	-6.43482
-11.3075	-6.43465
-11.298	-6.43382
-11.2885	-6.43234
-11.279	-6.43019
-11.2695	-6.42737
-11.26	-6.42389
-11.2505	-6.41975
-11.241	-6.41494
-11.2315	-6.40946
-11.222	-6.40332
-11.2125	-6.3965
-11.203	-6.38902
-11.1935	-6.38087
-11.184	-6.37204
-11.1745	-6.36255
-11.165	-6.35239
-11.1555	-6.34155
-11.146	-6.33005
-11.1365	-6.31787
-11.127	-6.30502
-11.1175	-6.2915
-11.108	-6.27731
-11.0985	-6.26245
-11.089	-6.24691
-11.0795	-6.23071
-11.07	-6.21384
-11.0605	-6.1963
-11.051	-6.17809
-11.0415	-6.15921
-11.032	-6.13966
-11.0225	-6.11945
-11.013	-6.09857
-11.0035	-6.07702
-10.994	-6.05482
-10.9845	-6.03194
-10.975	-6.00841
-10.9655	-5.98422
-10.956	-5.95937
-10.9465	-5.93385
-10.937	-5.90769
-10.9275	-5.88087
-10.918	-5.85339
-10.9085	-5.82526
-10.899	-5.79648
-10.8895	-5.76706
-10.88	-5.73699
-10.8705	-5.70627
-10.861	-5.67491
-10.8515	-5.64291
-10.842	-5.61027
-10.8325	-5.577
-10.823	-5.54309
-10.8135	-5.50855
-10.804	-5.47338
-10.7945	-5.43759
-10.785	-5.40117
-10.7755	-5.36413
-10.766	-5.32647
-10.7565	-5.2882
-10.747	-5.24931
-10.7375	-5.20982
-10.728	-5.16971
-10.7185	-5.12901
-10.709	-5.0877
-10.6995	-5.04579
-10.69	-5.00329
-10.6805	-4.9602
-10.671	-4.91653
-10.6615	-4.87226
-10.652	-4.82742
-10.6425	-4.782
-10.633	-4.73601
-10.6235	-4.68945
-10.614	-4.64232
-10.6045	-4.59464
-10.595	-4.54639
-10.5855	-4.49759
-10.576	-4.44824
-10.5665	-4.39835
-10.557	-4.34791
-10.5475	-4.29694
-10.538	-4.24543
-10.5285	-4.1934
-10.519	-4.14084
-10.5095	-4.08777
-10.5	-4.03418
-10.4905	-3.98008
-10.481	-3.92547
-10.4715	-3.87037
-10.462	-3.81477
-10.4525	-3.75867
-10.443	-3.7021
-10.4335	-3.64504
-10.424	-3.58751
-10.4145	-3.5295
-10.405	-3.47103
-10.3955	-3.41211
-10.386	-3.35272
-10.3765	-3.29289
-10.367	-3.23262
-10.3575	-3.1719
-10.348	-3.11076
-10.3385	-3.04918
-10.329	-2.98719
-10.3195	-2.92478
-10.31	-2.86196
-10.3005	-2.79873
-10.291	-2.73511
-10.2815	-2.67109
-10.272	-2.60669
-10.2625	-2.54191
-10.253	-2.47676
-10.2435	-2.41123
-10.234	-2.34535
-10.2245	-2.27911
-10.215	-2.21252
-10.2055	-2.14558
-10.196	-2.07831
-10.1865	-2.01071
-10.177	-1.94279
-10.1675	-1.87454
-10.158	-1.80599
-10.1485	-1.73714
-10.139	-1.66798
-10.1295	-1.59854
-10.12	-1.52881
-10.1105	-1.4588
-10.101	-1.38852
-10.0915	-1.31798
-10.082	-1.24719
-10.0725	-1.17614
-10.063	-1.10485
-10.0535	-1.03332
-10.044	-0.961564
-10.0345	-0.889587
-10.025	-0.817394
-10.0155	-0.744994
-10.006	-0.672394
-9.9965	-0.599601
-9.987	-0.52662
-9.9775	-0.453462
-9.968	-0.380132
-9.9585	-0.306637
-9.949	-0.232987
-9.9395	-0.159186
-9.93	-0.0852429
-9.9205	-0.0111662
-9.911	0.0630383
-9.9015	0.137362
-9.892	0.211799
-9.8825	0.286339
-9.873	0.360977
-9.8635	0.435704
-9.854	0.510514
-9.8445	0.585397
-9.835	0.660346
-9.8255	0.735355
-9.816	0.810415
-9.8065	0.885519
-9.797	0.960659
-9.7875	1.03583
-9.778	1.11101
-9.7685	1.18621
-9.759	1.26142
-9.7495	1.33662
-9.74	1.41181
-9.7305	1.48699
-9.721	1.56213
-9.7115	1.63724
-9.702	1.71231
-9.6925	1.78733
-9.683	1.8623
-9.6735	1.93719
-9.664	2.01202
-9.6545	2.08676
-9.645	2.16141
-9.6355	2.23597
-9.626	2.31042
-9.6165	2.38475
-9.607	2.45897
-9.5975	2.53306
-9.588	2.60701
-9.5785	2.68082
-9.569	2.75447
-9.5595	2.82797
-9.55	2.9013
-9.5405	2.97445
-9.531	3.04741
-9.5215	3.12019
-9.512	3.19276
-9.5025	3.26513
-9.493	3.33729
-9.4835	3.40922
-9.474	3.48092
-9.4645	3.55238
-9.455	3.6236
-9.4455	3.69456
-9.436	3.76526
-9.4265	3.83569
-9.417	3.90584
-9.4075	3.97571
-9.398	4.04529
-9.3885	4.11456
-9.379	4.18353
-9.3695	4.25218
-9.36	4.32051
-9.3505	4.38851
-9.341	4.45617
-9.3315	4.52348
-9.322	4.59045
-9.3125	4.65705
-9.303	4.72328
-9.2935	4.78914
-9.284	4.85461
-9.2745	4.9197
-9.265	4.98438
-9.2555	5.04867
-9.246	5.11253
-9.2365	5.17598
-9.227	5.23901
-9.2175	5.3016
-9.208	5.36375
-9.1985	5.42545
-9.189	5.48669
-9.1795	5.54748
-9.17	5.60779
-9.1605	5.66763
-9.151	5.72699
-9.1415	5.78585
-9.132	5.84422
-9.1225	5.90208
-9.113	5.95944
-9.1035	6.01628
-9.094	6.07259
-9.0845	6.12838
-9.075	6.18363
-9.0655	6.23833
-9.056	6.29249
-9.0465	6.34609
-9.037	6.39912
-9.0275	6.45159
-9.018	6.50348
-9.0085	6.55479
-8.999	6.60552
-8.9895	6.65565
-8.98	6.70518
-8.9705	6.7541
-8.961	6.80242
-8.9515	6.85011
-8.942	6.89718
-8.9325	6.94363
-8.923	6.98944
-8.9135	7.0346
-8.904	7.07912
-8.8945	7.123
-8.885	7.16621
-8.8755	7.20876
-8.866	7.25064
-8.8565	7.29185
-8.847	7.33238
-8.8375	7.37222
-8.828	7.41138
-8.8185	7.44984
-8.809	7.48761
-8.7995	7.52467
-8.79	7.56102
-8.7805	7.59666
-8.771	7.63158
-8.7615	7.66578
-8.752	7.69925
-8.7425	7.73198
-8.733	7.76399
-8.7235	7.79525
-8.714	7.82576
-8.7045	7.85553
-8.695	7.88454
-8.6855	7.9128
-8.676	7.94029
-8.6665	7.96702
-8.657	7.99298
-8.6475	8.01816
-8.638	8.04257
-8.6285	8.0662
-8.619	8.08905
-8.6095	8.1111
-8.6	8.13237
-8.5905	8.15284
-8.581	8.17251
-8.5715	8.19139
-8.562	8.20946
-8.5525	8.22672
-8.543	8.24317
-8.5335	8.25881
-8.524	8.27364
-8.5145	8.28764
-8.505	8.30083
-8.4955	8.31319
-8.486	8.32473
-8.4765	8.33544
-8.467	8.34532
-8.4575	8.35437
-8.448	8.36258
-8.4385	8.36995
-8.429	8.37649
-8.4195	8.38219
-8.41	8.38704
-8.4005	8.39105
-8.391	8.39422
-8.3815	8.39654
-8.372	8.39801
-8.3625	8.39863
-8.353	8.3984
-8.3435	8.39731
-8.334	8.39538
-8.3245	8.39259
-8.315	8.38894
-8.3055	8.38444
-8.296	8.37908
-8.2865	8.37287
-8.277	8.36579
-8.2675	8.35786
-8.258	8.34907
-8.2485	8.33942
-8.239	8.32891
-8.2295	8.31754
-8.22	8.30532
-8.2105	8.29223
-8.201	8.27828
-8.1915	8.26348
-8.182	8.24782
-8.1725	8.23129
-8.163	8.21392
-8.1535	8.19568
-8.144	8.17659
-8.1345	8.15664
-8.125	8.13584
-8.1155	8.11418
-8.106	8.09167
-8.0965	8.06831
-8.087	8.04411
-8.0775	8.01905
-8.068	7.99314
-8.0585	7.96639
-8.049	7.93879
-8.0395	7.91035
-8.03	7.88107
-8.0205	7.85095
-8.011	7.82
-8.0015	7.78821
-7.992	7.75558
-7.9825	7.72213
-7.973	7.68785
-7.9635	7.65274
-7.954	7.61681
-7.9445	7.58006
-7.935	7.54249
-7.9255	7.5041
-7.916	7.4649
-7.9065	7.42489
-7.897	7.38408
-7.8875	7.34246
-7.878	7.30004
-7.8685	7.25683
-7.859	7.21282
-7.8495	7.16802
-7.84	7.12243
-7.8305	7.07607
-7.821	7.02892
-7.8115	6.981
-7.802	6.9323
-7.7925	6.88284
-7.783	6.83261
-7.7735	6.78163
-7.764	6.72989
-7.7545	6.6774
-7.745	6.62416
-7.7355	6.57018
-7.726	6.51547
-7.7165	6.46002
-7.707	6.40384
-7.6975	6.34694
-7.688	6.28933
-7.6785	6.23099
-7.669	6.17195
-7.6595	6.11221
-7.65	6.05177
-7.6405	5.99064
-7.631	5.92882
-7.6215	5.86632
-7.612	5.80314
-7.6025	5.73929
-7.593	5.67478
-7.5835	5.6096
-7.574	5.54378
-7.5645	5.4773
-7.555	5.41019
-7.5455	5.34244
-7.536	5.27406
-7.5265	5.20505
-7.517	5.13543
-7.5075	5.0652
-7.498	4.99437
-7.4885	4.92294
-7.479	4.85091
-7.4695	4.7783
-7.46	4.70512
-7.4505	4.63136
-7.441	4.55704
-7.4315	4.48216
-7.422	4.40674
-7.4125	4.33077
-7.403	4.25426
-7.3935	4.17722
-7.384	4.09966
-7.3745	4.02159
-7.365	3.94301
-7.3555	3.86393
-7.346	3.78436
-7.3365	3.7043
-7.327	3.62377
-7.3175	3.54276
-7.308	3.4613
-7.2985	3.37938
-7.289	3.29702
-7.2795	3.21421
-7.27	3.13098
-7.2605	3.04732
-7.251	2.96325
-7.2415	2.87877
-7.232	2.7939
-7.2225	2.70863
-7.213	2.62299
-7.2035	2.53697
-7.194	2.45058
-7.1845	2.36384
-7.175	2.27675
-7.1655	2.18932
-7.156	2.10156
-7.1465	2.01347
-7.137	1.92507
-7.1275	1.83637
-7.118	1.74737
-7.1085	1.65808
-7.099	1.56851
-7.0895	1.47867
-7.08	1.38857
-7.0705	1.29822
-7.061	1.20762
-7.0515	1.11679
-7.042	1.02574
-7.0325	0.934463
-7.023	0.842982
-7.0135	0.751302
-7.004	0.659433
-6.9945	0.567384
-6.985	0.475163
-6.9755	0.382781
-6.966	0.290247
-6.9565	0.197568
-6.947	0.104756
-6.9375	0.0118196
-6.928	-0.0812332
-6.9185	-0.174391
-6.909	-0.267646
-6.8995	-0.360988
-6.89	-0.454407
-6.8805	-0.547895
-6.871	-0.641442
-6.8615	-0.735038
-6.852	-0.828674
-6.8425	-0.92234
-6.833	-1.01603
-6.8235	-1.10973
-6.814	-1.20343
-6.8045	-1.29712
-6.795	-1.39079
-6.7855	-1.48444
-6.776	-1.57805
-6.7665	-1.67162
-6.757	-1.76512
-6.7475	-1.85857
-6.738	-1.95194
-6.7285	-2.04522
-6.719	-2.13841
-6.7095	-2.23149
-6.7	-2.32447
-6.6905	-2.41731
-6.681	-2.51003
-6.6715	-2.6026
-6.662	-2.69502
-6.6525	-2.78728
-6.643	-2.87937
-6.6335	-2.97128
-6.624	-3.063
-6.6145	-3.15451
-6.605	-3.24582
-6.5955	-3.33691
-6.586	-3.42777
-6.5765	-3.51839
-6.567	-3.60876
-6.5575	-3.69888
-6.548	-3.78873
-6.5385	-3.8783
-6.529	-3.96759
-6.5195	-4.05658
-6.51	-4.14527
-6.5005	-4.23364
-6.491	-4.32169
-6.4815	-4.40941
-6.472	-4.49679
-6.4625	-4.58381
-6.453	-4.67047
-6.4435	-4.75677
-6.434	-4.84269
-6.4245	-4.92821
-6.415	-5.01334
-6.4055	-5.09807
-6.396	-5.18237
-6.3865	-5.26626
-6.377	-5.34971
-6.3675	-5.43271
-6.358	-5.51527
-6.3485	-5.59736
-6.339	-5.67899
-6.3295	-5.76014
-6.32	-5.8408
-6.3105	-5.92096
-6.301	-6.00062
-6.2915	-6.07977
-6.282	-6.15839
-6.2725	-6.23649
-6.263	-6.31404
-6.2535	-6.39105
-6.244	-6.4675
-6.2345	-6.54339
-6.225	-6.61871
-6.2155	-6.69344
-6.206	-6.76759
-6.1965	-6.84113
-6.187	-6.91408
-6.1775	-6.9864
-6.168	-7.05811
-6.1585	-7.12919
-6.149	-7.19963
-6.1395	-7.26942
-6.13	-7.33856
-6.1205	-7.40704
-6.111	-7.47485
-6.1015	-7.54199
-6.092	-7.60844
-6.0825	-7.6742
-6.073	-7.73926
-6.0635	-7.80362
-6.054	-7.86726
-6.0445	-7.93018
-6.035	-7.99237
-6.0255	-8.05383
-6.016	-8.11455
-6.0065	-8.17451
-5.997	-8.23372
-5.9875	-8.29217
-5.978	-8.34985
-5.9685	-8.40675
-5.959	-8.46287
-5.9495	-8.5182
-5.94	-8.57274
-5.9305	-8.62647
-5.921	-8.67939
-5.9115	-8.7315
-5.902	-8.78279
-5.8925	-8.83325
-5.883	-8.88288
-5.8735	-8.93167
-5.864	-8.97961
-5.8545	-9.02671
-5.845	-9.07295
-5.8355	-9.11832
-5.826	-9.16283
-5.8165	-9.20647
-5.807	-9.24923
-5.7975	-9.2911
-5.788	-9.33209
-5.7785	-9.37218
-5.769	-9.41138
-5.7595	-9.44967
-5.75	-9.48705
-5.7405	-9.52352
-5.731	-9.55908
-5.7215	-9.59371
-5.712	-9.62741
-5.7025	-9.66019
-5.693	-9.69202
-5.6835	-9.72292
-5.674	-9.75288
-5.6645	-9.78189
-5.655	-9.80994
-5.6455	-9.83705
-5.636	-9.86319
-5.6265	-9.88837
-5.617	-9.91258
-5.6075	-9.93583
-5.598	-9.9581
-5.5885	-9.9794
-5.579	-9.99971
-5.5695	-10.019
-5.56	-10.0374
-5.5505	-10.0548
-5.541	-10.0711
-5.5315	-10.0865
-5.522	-10.1009
-5.5125	-10.1143
-5.503	-10.1267
-5.4935	-10.138
-5.484	-10.1484
-5.4745	-10.1578
-5.465	-10.1661
-5.4555	-10.1735
-5.446	-10.1798
-5.4365	-10.1852
-5.427	-10.1895
-5.4175	-10.1927
-5.408	-10.195
-5.3985	-10.1963
-5.389	-10.1965
-5.3795	-10.1957
-5.37	-10.1939
-5.3605	-10.1911
-5.351	-10.1872
-5.3415	-10.1823
-5.332	-10.1764
-5.3225	-10.1695
-5.313	-10.1615
-5.3035	-10.1525
-5.294	-10.1425
-5.2845	-10.1315
-5.275	-10.1194
-5.2655	-10.1063
-5.256	-10.0922
-5.2465	-10.0771
-5.237	-10.0609
-5.2275	-10.0438
-5.218	-10.0255
-5.2085	-10.0063
-5.199	-9.98607
-5.1895	-9.96481
-5.18	-9.94252
-5.1705	-9.91922
-5.161	-9.8949
-5.1515	-9.86958
-5.142	-9.84323
-5.1325	-9.81588
-5.123	-9.78752
-5.1135	-9.75816
-5.104	-9.72779
-5.0945	-9.69642
-5.085	-9.66404
-5.0755	-9.63068
-5.066	-9.59631
-5.0565	-9.56096
-5.047	-9.52461
-5.0375	-9.48728
-5.028	-9.44896
-5.0185	-9.40967
-5.009	-9.36939
-4.9995	-9.32815
-4.99	-9.28593
-4.9805	-9.24274
-4.971	-9.19859
-4.9615	-9.15349
-4.952	-9.10742
-4.9425	-9.0604
-4.933	-9.01244
-4.9235	-8.96352
-4.914	-8.91367
-4.9045	-8.86289
-4.895	-8.81117
-4.8855	-8.75852
-4.876	-8.70496
-4.8665	-8.65047
-4.857	-8.59507
-4.8475	-8.53877
-4.838	-8.48156
-4.8285	-8.42345
-4.819	-8.36445
-4.8095	-8.30456
-4.8	-8.24379
-4.7905	-8.18214
-4.781	-8.11963
-4.7715	-8.05624
-4.762	-7.992
-4.7525	-7.9269
-4.743	-7.86096
-4.7335	-7.79417
-4.724	-7.72655
-4.7145	-7.6581
-4.705	-7.58883
-4.6955	-7.51874
-4.686	-7.44784
-4.6765	-7.37613
-4.667	-7.30363
-4.6575	-7.23034
-4.648	-7.15627
-4.6385	-7.08142
-4.629	-7.0058
-4.6195	-6.92942
-4.61	-6.85229
-4.6005	-6.7744
-4.591	-6.69578
-4.5815	-6.61643
-4.572	-6.53635
-4.5625	-6.45555
-4.553	-6.37404
-4.5435	-6.29183
-4.534	-6.20893
-4.5245	-6.12534
-4.515	-6.04108
-4.5055	-5.95614
-4.496	-5.87054
-4.4865	-5.78429
-4.477	-5.6974
-4.4675	-5.60987
-4.458	-5.52171
-4.4485	-5.43293
-4.439	-5.34354
-4.4295	-5.25355
-4.42	-5.16297
-4.4105	-5.0718
-4.401	-4.98006
-4.3915	-4.88775
-4.382	-4.79488
-4.3725	-4.70147
-4.363	-4.60752
-4.3535	-4.51304
-4.344	-4.41803
-4.3345	-4.32252
-4.325	-4.22651
-4.3155	-4.13
-4.306	-4.03302
-4.2965	-3.93556
-4.287	-3.83764
-4.2775	-3.73926
-4.268	-3.64045
-4.2585	-3.5412
-4.249	-3.44153
-4.2395	-3.34144
-4.23	-3.24095
-4.2205	-3.14007
-4.211	-3.03881
-4.2015	-2.93717
-4.192	-2.83517
-4.1825	-2.73282
-4.173	-2.63013
-4.1635	-2.52711
-4.154	-2.42377
-4.1445	-2.32012
-4.135	-2.21616
-4.1255	-2.11192
-4.116	-2.0074
-4.1065	-1.90262
-4.097	-1.79757
-4.0875	-1.69228
-4.078	-1.58676
-4.0685	-1.48101
-4.059	-1.37505
-4.0495	-1.26889
-4.04	-1.16253
-4.0305	-1.05599
-4.021	-0.949287
-4.0115	-0.842422
-4.002	-0.735409
-3.9925	-0.62826
-3.983	-0.520987
-3.9735	-0.413598
-3.964	-0.306108
-3.9545	-0.198525
-3.945	-0.0908608
-3.9355	0.0168716
-3.926	0.124663
-3.9165	0.232499
-3.907	0.340372
-3.8975	0.448269
-3.888	0.556179
-3.8785	0.66409
-3.869	0.771991
-3.8595	0.879871
-3.85	0.987717
-3.8405	1.09552
-3.831	1.20327
-3.8215	1.31095
-3.812	1.41855
-3.8025	1.52606
-3.793	1.63347
-3.7835	1.74077
-3.774	1.84794
-3.7645	1.95498
-3.755	2.06187
-3.7455	2.16861
-3.736	2.27517
-3.7265	2.38155
-3.717	2.48774
-3.7075	2.59372
-3.698	2.69949
-3.6885	2.80503
-3.679	2.91033
-3.6695	3.01538
-3.66	3.12017
-3.6505	3.22469
-3.641	3.32892
-3.6315	3.43286
-3.622	3.53649
-3.6125	3.63981
-3.603	3.74279
-3.5935	3.84543
-3.584	3.94772
-3.5745	4.04965
-3.565	4.1512
-3.5555	4.25237
-3.546	4.35314
-3.5365	4.4535
-3.527	4.55345
-3.5175	4.65296
-3.508	4.75203
-3.4985	4.85065
-3.489	4.9488
-3.4795	5.04648
-3.47	5.14368
-3.4605	5.24038
-3.451	5.33657
-3.4415	5.43224
-3.432	5.52739
-3.4225	5.62199
-3.413	5.71604
-3.4035	5.80954
-3.394	5.90246
-3.3845	5.9948
-3.375	6.08655
-3.3655	6.17769
-3.356	6.26822
-3.3465	6.35812
-3.337	6.44739
-3.3275	6.53602
-3.318	6.62399
-3.3085	6.71129
-3.299	6.79792
-3.2895	6.88386
-3.28	6.96911
-3.2705	7.05365
-3.261	7.13747
-3.2515	7.22057
-3.242	7.30293
-3.2325	7.38455
-3.223	7.46541
-3.2135	7.54551
-3.204	7.62484
-3.1945	7.70337
-3.185	7.78112
-3.1755	7.85806
-3.166	7.93419
-3.1565	8.0095
-3.147	8.08398
-3.1375	8.15762
-3.128	8.23041
-3.1185	8.30234
-3.109	8.3734
-3.0995	8.44359
-3.09	8.51289
-3.0805	8.5813
-3.071	8.64881
-3.0615	8.7154
-3.052	8.78108
-3.0425	8.84583
-3.033	8.90965
-3.0235	8.97252
-3.014	9.03443
-3.0045	9.09539
-2.995	9.15538
-2.9855	9.21439
-2.976	9.27242
-2.9665	9.32945
-2.957	9.38549
-2.9475	9.44052
-2.938	9.49453
-2.9285	9.54752
-2.919	9.59948
-2.9095	9.6504
-2.9	9.70028
-2.8905	9.74911
-2.881	9.79688
-2.8715	9.84358
-2.862	9.88921
-2.8525	9.93376
-2.843	9.97723
-2.8335	10.0196
-2.824	10.0609
-2.8145	10.1011
-2.805	6.27744e+66
-2.7955	6.27744e+66
-2.786	6.27744e+66
-2.7765	6.27744e+66
-2.767	6.27744e+66
-2.7575	6.27744e+66
-2.748	6.27744e+66
-2.7385	6.27744e+66
-2.729	6.27744e+66
-2.7195	6.27744e+66
-2.71	6.27744e+66
-2.7005	6.27744e+66
-2.691	6.27744e+66
-2.6815	6.27744e+66
-2.672	6.27744e+66
-2.6625	6.27744e+66
-2.653	6.27744e+66
-2.6435	6.27744e+66
-2.634	6.27744e+66
-2.6245	6.27744e+66
-2.615	6.27744e+66
-2.6055	6.27744e+66
-2.596	6.27744e+66
-2.5865	6.27744e+66
-2.577	6.27744e+66
-2.5675	6.27744e+66
-2.558	6.27744e+66
-2.5485	6.27744e+66
-2.539	6.27744e+66
-2.5295	6.27744e+66
-2.52	6.27744e+66
-2.5105	6.27744e+66
-2.501	6.27744e+66
-2.4915	6.27744e+66
-2.482	6.27744e+66
-2.4725	6.27744e+66
-2.463	6.27744e+66
-2.4535	6.27744e+66
-2.444	6.27744e+66
-2.4345	6.27744e+66
-2.425	6.27744e+66
-2.4155	6.27744e+66
-2.406	6.27744e+66
-2.3965	6.27744e+66
-2.387	6.27744e+66
-2.3775	6.27744e+66
-2.368	6.27744e+66
-2.3585	6.27744e+66
-2.349	6.27744e+66
-2.3395	6.27744e+66
-2.33	6.27744e+66
-2.3205	6.27744e+66
-2.311	6.27744e+66
-2.3015	6.27744e+66
-2.292	6.27744e+66
-2.2825	6.27744e+66
-2.273	6.27744e+66
-2.2635	6.27744e+66
-2.254	6.27744e+66
-2.2445	6.27744e+66
-2.235	6.27744e+66
-2.2255	6.27744e+66
-2.216	6.27744e+66
-2.2065	6.27744e+66
-2.197	6.27744e+66
-2.1875	6.27744e+66
-2.178	6.27744e+66
-2.1685	6.27744e+66
-2.159	6.27744e+66
-2.1495	6.27744e+66
-2.14	6.27744e+66
-2.1305	6.27744e+66
-2.121	6.27744e+66
-2.1115	6.27744e+66
-2.102	6.27744e+66
-2.0925	6.27744e+66
-2.083	6.27744e+66
-2.0735	6.27744e+66
-2.064	6.27744e+66
-2.0545	6.27744e+66
-2.045	6.27744e+66
-2.0355	6.27744e+66
-2.026	6.27744e+66
-2.0165	6.27744e+66
-2.007	6.27744e+66
-1.9975	6.27744e+66
-1.988	6.27744e+66
-1.9785	6.27744e+66
-1.969	6.27744e+66
-1.9595	6.27744e+66
-1.95	6.27744e+66
-1.9405	6.27744e+66
-1.931	6.27744e+66
-1.9215	6.27744e+66
-1.912	6.27744e+66
-1.9025	6.27744e+66
-1.893	6.27744e+66
-1.8835	6.27744e+66
-1.874	6.27744e+66
-1.8645	6.27744e+66
-1.855	6.27744e+66
-1.8455	6.27744e+66
-1.836	6.27744e+66
-1.8265	6.27744e+66
-1.817	6.27744e+66
-1.8075	6.27744e+66
-1.798	6.27744e+66
-1.7885	6.27744e+66
-1.779	6.27744e+66
-1.7695	6.27744e+66
-1.76	6.27744e+66
-1.7505	6.27744e+66
-1.741	6.27744e+66
-1.7315	6.27744e+66
-1.722	6.27744e+66
-1.7125	6.27744e+66
-1.703	6.27744e+66
-1.6935	6.27744e+66
-1.684	6.27744e+66
-1.6745	6.27744e+66
-1.665	6.27744e+66
-1.6555	6.27744e+66
-1.646	6.27744e+66
-1.6365	6.27744e+66
-1.627	6.27744e+66
-1.6175	6.27744e+66
-1.608	6.27744e+66
-1.5985	6.27744e+66
-1.589	6.27744e+66
-1.5795	6.27744e+66
-1.57	6.27744e+66
-1.5605	6.27744e+66
-1.551	6.27744e+66
-1.5415	6.27744e+66
-1.532	6.27744e+66
-1.5225	6.27744e+66
-1.513	6.27744e+66
-1.5035	6.27744e+66
-1.494	6.27744e+66
-1.4845	6.27744e+66
-1.475	6.27744e+66
-1.4655	6.27744e+66
-1.456	6.27744e+66
-1.4465	6.27744e+66
-1.437	6.27744e+66
-1.4275	6.27744e+66
-1.418	6.27744e+66
-1.4085	6.27744e+66
-1.399	6.27744e+66
-1.3895	6.27744e+66
-1.38	6.27744e+66
-1.3705	6.27744e+66
-1.361	6.27744e+66
-1.3515	6.27744e+66
-1.342	6.27744e+66
-1.3325	6.27744e+66
-1.323	6.27744e+66
-1.3135	6.27744e+66
-1.304	6.27744e+66
-1.2945	6.27744e+66
-1.285	6.27744e+66
-1.2755	6.27744e+66
-1.266	6.27744e+66
-1.2565	6.27744e+66
-1.247	6.27744e+66
-1.2375	6.27744e+66
-1.228	6.27744e+66
-1.2185	6.27744e+66
-1.209	6.27744e+66
-1.1995	6.27744e+66
-1.19	6.27744e+66
-1.1805	6.27744e+66
-1.171	6.27744e+66
-1.1615	6.27744e+66
-1.152	6.27744e+66
-1.1425	6.27744e+66
-1.133	6.27744e+66
-1.1235	6.27744e+66
-1.114	6.27744e+66
-1.1045	6.27744e+66
-1.095	6.27744e+66
-1.0855	6.27744e+66
-1.076	6.27744e+66
-1.0665	6.27744e+66
-1.057	6.27744e+66
-1.0475	6.27744e+66
-1.038	6.27744e+66
-1.0285	6.27744e+66
-1.019	6.27744e+66
-1.0095	6.27744e+66
-1	6.27744e+66
