0	0
0.01	0.000999996
0.02	0.00199997
0.03	0.0029999
0.04	0.00399977
0.05	0.00499954
0.06	0.00599921
0.07	0.00699874
0.08	0.00799812
0.09	0.00899733
0.1	0.00999634
0.11	0.0109951
0.12	0.0119937
0.13	0.012992
0.14	0.01399
0.15	0.0149876
0.16	0.015985
0.17	0.016982
0.18	0.0179786
0.19	0.0189749
0.2	0.0199707
0.21	0.0209661
0.22	0.021961
0.23	0.0229555
0.24	0.0239494
0.25	0.0249428
0.26	0.0259357
0.27	0.026928
0.28	0.0279197
0.29	0.0289108
0.3	0.0299012
0.31	0.0308911
0.32	0.0318802
0.33	0.0328686
0.34	0.0338563
0.35	0.0348433
0.36	0.0358295
0.37	0.0368149
0.38	0.0377995
0.39	0.0387833
0.4	0.0397662
0.41	0.0407483
0.42	0.0417294
0.43	0.0427097
0.44	0.043689
0.45	0.0446674
0.46	0.0456447
0.47	0.0466211
0.48	0.0475965
0.49	0.0485708
0.5	0.0495441
0.51	0.0505162
0.52	0.0514873
0.53	0.0524572
0.54	0.053426
0.55	0.0543937
0.56	0.0553601
0.57	0.0563254
0.58	0.0572894
0.59	0.0582521
0.6	0.0592136
0.61	0.0601738
0.62	0.0611327
0.63	0.0620902
0.64	0.0630464
0.65	0.0640012
0.66	0.0649546
0.67	0.0659066
0.68	0.0668572
0.69	0.0678063
0.7	0.0687539
0.71	0.0697001
0.72	0.0706447
0.73	0.0715878
0.74	0.0725293
0.75	0.0734692
0.76	0.0744076
0.77	0.0753443
0.78	0.0762794
0.79	0.0772129
0.8	0.0781446
0.81	0.0790747
0.82	0.080003
0.83	0.0809297
0.84	0.0818545
0.85	0.0827776
0.86	0.0836989
0.87	0.0846184
0.88	0.085536
0.89	0.0864518
0.9	0.0873657
0.91	0.0882778
0.92	0.0891879
0.93	0.0900961
0.94	0.0910023
0.95	0.0919066
0.96	0.0928089
0.97	0.0937092
0.98	0.0946074
0.99	0.0955036
1	0.0963978
1.01	0.0972899
1.02	0.0981799
1.03	0.0990677
1.04	0.0999534
1.05	0.100837
1.06	0.101718
1.07	0.102598
1.08	0.103475
1.09	0.104349
1.1	0.105222
1.11	0.106092
1.12	0.10696
1.13	0.107826
1.14	0.108689
1.15	0.10955
1.16	0.110409
1.17	0.111265
1.18	0.112119
1.19	0.112971
1.2	0.11382
1.21	0.114667
1.22	0.115511
1.23	0.116353
1.24	0.117192
1.25	0.118029
1.26	0.118863
1.27	0.119695
1.28	0.120524
1.29	0.121351
1.3	0.122175
1.31	0.122996
1.32	0.123815
1.33	0.124631
1.34	0.125444
1.35	0.126255
1.36	0.127063
1.37	0.127869
1.38	0.128671
1.39	0.129471
1.4	0.130269
1.41	0.131063
1.42	0.131855
1.43	0.132644
1.44	0.13343
1.45	0.134213
1.46	0.134993
1.47	0.135771
1.48	0.136546
1.49	0.137317
1.5	0.138086
1.51	0.138852
1.52	0.139615
1.53	0.140375
1.54	0.141132
1.55	0.141886
1.56	0.142638
1.57	0.143386
1.58	0.144131
1.59	0.144873
1.6	0.145612
1.61	0.146348
1.62	0.147081
1.63	0.14781
1.64	0.148537
1.65	0.149261
1.66	0.149981
1.67	0.150698
1.68	0.151412
1.69	0.152123
1.7	0.152831
1.71	0.153536
1.72	0.154237
1.73	0.154935
1.74	0.15563
1.75	0.156322
1.76	0.15701
1.77	0.157695
1.78	0.158377
1.79	0.159055
1.8	0.15973
1.81	0.160402
1.82	0.161071
1.83	0.161736
1.84	0.162397
1.85	0.163056
1.86	0.163711
1.87	0.164362
1.88	0.16501
1.89	0.165655
1.9	0.166296
1.91	0.166934
1.92	0.167569
1.93	0.168199
1.94	0.168827
1.95	0.169451
1.96	0.170071
1.97	0.170688
1.98	0.171301
1.99	0.171911
2	0.172517
2.01	0.17312
2.02	0.173719
2.03	0.174315
2.04	0.174906
2.05	0.175495
2.06	0.176079
2.07	0.17666
2.08	0.177238
2.09	0.177812
2.1	0.178382
2.11	0.178948
2.12	0.179511
2.13	0.18007
2.14	0.180625
2.15	0.181177
2.16	0.181725
2.17	0.182269
2.18	0.182809
2.19	0.183346
2.2	0.183879
2.21	0.184408
2.22	0.184934
2.23	0.185455
2.24	0.185973
2.25	0.186487
2.26	0.186997
2.27	0.187504
2.28	0.188006
2.29	0.188505
2.3	0.189
2.31	0.189491
2.32	0.189978
2.33	0.190461
2.34	0.19094
2.35	0.191416
2.36	0.191887
2.37	0.192355
2.38	0.192819
2.39	0.193279
2.4	0.193735
2.41	0.194187
2.42	0.194635
2.43	0.195079
2.44	0.195519
2.45	0.195955
2.46	0.196387
2.47	0.196815
2.48	0.197239
2.49	0.19766
2.5	0.198076
2.51	0.198488
2.52	0.198896
2.53	0.1993
2.54	0.1997
2.55	0.200096
2.56	0.200488
2.57	0.200876
2.58	0.20126
2.59	0.20164
2.6	0.202016
2.61	0.202388
2.62	0.202755
2.63	0.203119
2.64	0.203478
2.65	0.203833
2.66	0.204185
2.67	0.204532
2.68	0.204875
2.69	0.205214
2.7	0.205548
2.71	0.205879
2.72	0.206205
2.73	0.206528
2.74	0.206846
2.75	0.20716
2.76	0.20747
2.77	0.207775
2.78	0.208077
2.79	0.208374
2.8	0.208667
2.81	0.208956
2.82	0.209241
2.83	0.209521
2.84	0.209798
2.85	0.21007
2.86	0.210338
2.87	0.210602
2.88	0.210861
2.89	0.211116
2.9	0.211367
2.91	0.211614
2.92	0.211857
2.93	0.212095
2.94	0.212329
2.95	0.212559
2.96	0.212785
2.97	0.213006
2.98	0.213223
2.99	0.213436
3	0.213645
3.01	0.213849
3.02	0.214049
3.03	0.214245
3.04	0.214436
3.05	0.214624
3.06	0.214806
3.07	0.214985
3.08	0.215159
3.09	0.21533
3.1	0.215495
3.11	0.215657
3.12	0.215814
3.13	0.215967
3.14	0.216115
3.15	0.21626
3.16	0.2164
3.17	0.216535
3.18	0.216667
3.19	0.216794
3.2	0.216916
3.21	0.217035
3.22	0.217149
3.23	0.217259
3.24	0.217364
3.25	0.217465
3.26	0.217562
3.27	0.217654
3.28	0.217742
3.29	0.217826
3.3	0.217906
3.31	0.217981
3.32	0.218052
3.33	0.218118
3.34	0.21818
3.35	0.218238
3.36	0.218291
3.37	0.21834
3.38	0.218385
3.39	0.218426
3.4	0.218462
3.41	0.218493
3.42	0.218521
3.43	0.218544
3.44	0.218562
3.45	0.218577
3.46	0.218587
3.47	0.218592
3.48	0.218594
3.49	0.218591
3.5	0.218583
3.51	0.218572
3.52	0.218555
3.53	0.218535
3.54	0.21851
3.55	0.218481
3.56	0.218448
3.57	0.21841
3.58	0.218368
3.59	0.218321
3.6	0.21827
3.61	0.218215
3.62	0.218156
3.63	0.218092
3.64	0.218024
3.65	0.217951
3.66	0.217874
3.67	0.217793
3.68	0.217708
3.69	0.217618
3.7	0.217524
3.71	0.217425
3.72	0.217322
3.73	0.217215
3.74	0.217104
3.75	0.216988
3.76	0.216868
3.77	0.216743
3.78	0.216615
3.79	0.216482
3.8	0.216344
3.81	0.216203
3.82	0.216057
3.83	0.215906
3.84	0.215752
3.85	0.215593
3.86	0.21543
3.87	0.215262
3.88	0.21509
3.89	0.214914
3.9	0.214734
3.91	0.214549
3.92	0.21436
3.93	0.214167
3.94	0.21397
3.95	0.213768
3.96	0.213562
3.97	0.213351
3.98	0.213137
3.99	0.212918
4	0.212695
4.01	0.212468
4.02	0.212236
4.03	0.212
4.04	0.21176
4.05	0.211516
4.06	0.211267
4.07	0.211015
4.08	0.210758
4.09	0.210497
4.1	0.210231
4.11	0.209961
4.12	0.209688
4.13	0.20941
4.14	0.209127
4.15	0.208841
4.16	0.20855
4.17	0.208256
4.18	0.207957
4.19	0.207653
4.2	0.207346
4.21	0.207035
4.22	0.206719
4.23	0.206399
4.24	0.206075
4.25	0.205747
4.26	0.205415
4.27	0.205078
4.28	0.204738
4.29	0.204393
4.3	0.204045
4.31	0.203692
4.32	0.203335
4.33	0.202974
4.34	0.202609
4.35	0.202239
4.36	0.201866
4.37	0.201489
4.38	0.201107
4.39	0.200722
4.4	0.200332
4.41	0.199938
4.42	0.199541
4.43	0.199139
4.44	0.198733
4.45	0.198323
4.46	0.19791
4.47	0.197492
4.48	0.19707
4.49	0.196644
4.5	0.196215
4.51	0.195781
4.52	0.195343
4.53	0.194901
4.54	0.194456
4.55	0.194006
4.56	0.193553
4.57	0.193095
4.58	0.192634
4.59	0.192168
4.6	0.191699
4.61	0.191226
4.62	0.190749
4.63	0.190268
4.64	0.189783
4.65	0.189295
4.66	0.188802
4.67	0.188306
4.68	0.187805
4.69	0.187301
4.7	0.186793
4.71	0.186282
4.72	0.185766
4.73	0.185247
4.74	0.184724
4.75	0.184197
4.76	0.183666
4.77	0.183132
4.78	0.182594
4.79	0.182052
4.8	0.181506
4.81	0.180957
4.82	0.180403
4.83	0.179847
4.84	0.179286
4.85	0.178722
4.86	0.178154
4.87	0.177582
4.88	0.177007
4.89	0.176428
4.9	0.175846
4.91	0.17526
4.92	0.17467
4.93	0.174077
4.94	0.17348
4.95	0.172879
4.96	0.172275
4.97	0.171668
4.98	0.171056
4.99	0.170442
5	0.169823
5.01	0.169202
5.02	0.168576
5.03	0.167947
5.04	0.167315
5.05	0.166679
5.06	0.16604
5.07	0.165398
5.08	0.164751
5.09	0.164102
5.1	0.163449
5.11	0.162793
5.12	0.162133
5.13	0.16147
5.14	0.160804
5.15	0.160134
5.16	0.159461
5.17	0.158784
5.18	0.158104
5.19	0.157421
5.2	0.156735
5.21	0.156045
5.22	0.155352
5.23	0.154656
5.24	0.153957
5.25	0.153254
5.26	0.152548
5.27	0.151839
5.28	0.151127
5.29	0.150412
5.3	0.149693
5.31	0.148972
5.32	0.148247
5.33	0.147519
5.34	0.146788
5.35	0.146054
5.36	0.145317
5.37	0.144576
5.38	0.143833
5.39	0.143087
5.4	0.142337
5.41	0.141585
5.42	0.14083
5.43	0.140071
5.44	0.13931
5.45	0.138546
5.46	0.137779
5.47	0.137009
5.48	0.136236
5.49	0.13546
5.5	0.134681
5.51	0.1339
5.52	0.133116
5.53	0.132328
5.54	0.131538
5.55	0.130746
5.56	0.12995
5.57	0.129152
5.58	0.128351
5.59	0.127547
5.6	0.12674
5.61	0.125931
5.62	0.125119
5.63	0.124305
5.64	0.123487
5.65	0.122668
5.66	0.121845
5.67	0.12102
5.68	0.120192
5.69	0.119362
5.7	0.11853
5.71	0.117694
5.72	0.116857
5.73	0.116016
5.74	0.115173
5.75	0.114328
5.76	0.113481
5.77	0.11263
5.78	0.111778
5.79	0.110923
5.8	0.110066
5.81	0.109206
5.82	0.108344
5.83	0.10748
5.84	0.106613
5.85	0.105744
5.86	0.104873
5.87	0.104
5.88	0.103124
5.89	0.102246
5.9	0.101366
5.91	0.100484
5.92	0.0995993
5.93	0.0987127
5.94	0.097824
5.95	0.0969331
5.96	0.0960402
5.97	0.0951452
5.98	0.0942482
5.99	0.0933491
6	0.092448
6.01	0.091545
6.02	0.0906399
6.03	0.0897329
6.04	0.0888239
6.05	0.087913
6.06	0.0870002
6.07	0.0860856
6.08	0.085169
6.09	0.0842506
6.1	0.0833304
6.11	0.0824084
6.12	0.0814846
6.13	0.0805591
6.14	0.0796318
6.15	0.0787027
6.16	0.077772
6.17	0.0768395
6.18	0.0759054
6.19	0.0749697
6.2	0.0740323
6.21	0.0730933
6.22	0.0721527
6.23	0.0712106
6.24	0.0702669
6.25	0.0693216
6.26	0.0683749
6.27	0.0674267
6.28	0.066477
6.29	0.0655258
6.3	0.0645733
6.31	0.0636193
6.32	0.0626639
6.33	0.0617072
6.34	0.0607491
6.35	0.0597897
6.36	0.058829
6.37	0.057867
6.38	0.0569037
6.39	0.0559392
6.4	0.0549735
6.41	0.0540066
6.42	0.0530385
6.43	0.0520692
6.44	0.0510988
6.45	0.0501273
6.46	0.0491547
6.47	0.048181
6.48	0.0472063
6.49	0.0462305
6.5	0.0452537
6.51	0.044276
6.52	0.0432972
6.53	0.0423175
6.54	0.0413369
6.55	0.0403554
6.56	0.039373
6.57	0.0383897
6.58	0.0374056
6.59	0.0364206
6.6	0.0354349
6.61	0.0344484
6.62	0.0334611
6.63	0.0324732
6.64	0.0314844
6.65	0.030495
6.66	0.029505
6.67	0.0285143
6.68	0.0275229
6.69	0.026531
6.7	0.0255384
6.71	0.0245454
6.72	0.0235517
6.73	0.0225576
6.74	0.0215629
6.75	0.0205678
6.76	0.0195723
6.77	0.0185763
6.78	0.0175799
6.79	0.0165831
6.8	0.0155859
6.81	0.0145884
6.82	0.0135906
6.83	0.0125925
6.84	0.0115941
6.85	0.0105955
6.86	0.00959659
6.87	0.0085975
6.88	0.00759822
6.89	0.00659878
6.9	0.00559919
6.91	0.00459947
6.92	0.00359966
6.93	0.00259976
6.94	0.00159981
6.95	0.000599828
6.96	-0.000400171
6.97	-0.00140016
6.98	-0.00240012
6.99	-0.00340003
7	-0.00439986
7.01	-0.00539959
7.02	-0.00639921
7.03	-0.00739869
7.04	-0.008398
7.05	-0.00939713
7.06	-0.0103961
7.07	-0.0113947
7.08	-0.0123932
7.09	-0.0133914
7.1	-0.0143892
7.11	-0.0153868
7.12	-0.016384
7.13	-0.0173809
7.14	-0.0183774
7.15	-0.0193734
7.16	-0.0203691
7.17	-0.0213643
7.18	-0.022359
7.19	-0.0233533
7.2	-0.024347
7.21	-0.0253402
7.22	-0.0263329
7.23	-0.0273249
7.24	-0.0283164
7.25	-0.0293072
7.26	-0.0302974
7.27	-0.031287
7.28	-0.0322758
7.29	-0.0332639
7.3	-0.0342514
7.31	-0.035238
7.32	-0.0362239
7.33	-0.037209
7.34	-0.0381933
7.35	-0.0391767
7.36	-0.0401593
7.37	-0.041141
7.38	-0.0421218
7.39	-0.0431017
7.4	-0.0440806
7.41	-0.0450586
7.42	-0.0460356
7.43	-0.0470116
7.44	-0.0479865
7.45	-0.0489604
7.46	-0.0499332
7.47	-0.050905
7.48	-0.0518756
7.49	-0.0528451
7.5	-0.0538134
7.51	-0.0547806
7.52	-0.0557465
7.53	-0.0567113
7.54	-0.0576748
7.55	-0.058637
7.56	-0.059598
7.57	-0.0605577
7.58	-0.061516
7.59	-0.062473
7.6	-0.0634286
7.61	-0.0643829
7.62	-0.0653358
7.63	-0.0662872
7.64	-0.0672372
7.65	-0.0681857
7.66	-0.0691327
7.67	-0.0700783
7.68	-0.0710223
7.69	-0.0719647
7.7	-0.0729056
7.71	-0.0738449
7.72	-0.0747826
7.73	-0.0757187
7.74	-0.0766532
7.75	-0.0775859
7.76	-0.078517
7.77	-0.0794464
7.78	-0.0803741
7.79	-0.0813
7.8	-0.0822241
7.81	-0.0831465
7.82	-0.0840671
7.83	-0.0849858
7.84	-0.0859027
7.85	-0.0868178
7.86	-0.0877309
7.87	-0.0886422
7.88	-0.0895515
7.89	-0.090459
7.9	-0.0913644
7.91	-0.0922679
7.92	-0.0931694
7.93	-0.0940689
7.94	-0.0949663
7.95	-0.0958617
7.96	-0.096755
7.97	-0.0976463
7.98	-0.0985354
7.99	-0.0994224
8	-0.100307
8.01	-0.10119
8.02	-0.102071
8.03	-0.102949
8.04	-0.103825
8.05	-0.104699
8.06	-0.105571
8.07	-0.10644
8.08	-0.107307
8.09	-0.108172
8.1	-0.109034
8.11	-0.109894
8.12	-0.110752
8.13	-0.111607
8.14	-0.11246
8.15	-0.113311
8.16	-0.114159
8.17	-0.115005
8.18	-0.115848
8.19	-0.116689
8.2	-0.117527
8.21	-0.118363
8.22	-0.119196
8.23	-0.120027
8.24	-0.120855
8.25	-0.121681
8.26	-0.122504
8.27	-0.123324
8.28	-0.124142
8.29	-0.124957
8.3	-0.125769
8.31	-0.126579
8.32	-0.127386
8.33	-0.12819
8.34	-0.128992
8.35	-0.129791
8.36	-0.130587
8.37	-0.13138
8.38	-0.132171
8.39	-0.132959
8.4	-0.133743
8.41	-0.134526
8.42	-0.135305
8.43	-0.136081
8.44	-0.136855
8.45	-0.137625
8.46	-0.138393
8.47	-0.139158
8.48	-0.13992
8.49	-0.140679
8.5	-0.141434
8.51	-0.142187
8.52	-0.142937
8.53	-0.143684
8.54	-0.144428
8.55	-0.145169
8.56	-0.145907
8.57	-0.146641
8.58	-0.147373
8.59	-0.148102
8.6	-0.148827
8.61	-0.149549
8.62	-0.150269
8.63	-0.150985
8.64	-0.151697
8.65	-0.152407
8.66	-0.153113
8.67	-0.153817
8.68	-0.154517
8.69	-0.155214
8.7	-0.155907
8.71	-0.156597
8.72	-0.157284
8.73	-0.157968
8.74	-0.158649
8.75	-0.159326
8.76	-0.16
8.77	-0.16067
8.78	-0.161337
8.79	-0.162001
8.8	-0.162661
8.81	-0.163318
8.82	-0.163972
8.83	-0.164622
8.84	-0.165269
8.85	-0.165912
8.86	-0.166552
8.87	-0.167189
8.88	-0.167821
8.89	-0.168451
8.9	-0.169077
8.91	-0.169699
8.92	-0.170318
8.93	-0.170934
8.94	-0.171546
8.95	-0.172154
8.96	-0.172759
8.97	-0.17336
8.98	-0.173958
8.99	-0.174552
9	-0.175142
9.01	-0.175729
9.02	-0.176312
9.03	-0.176892
9.04	-0.177468
9.05	-0.17804
9.06	-0.178609
9.07	-0.179174
9.08	-0.179735
9.09	-0.180293
9.1	-0.180846
9.11	-0.181397
9.12	-0.181943
9.13	-0.182486
9.14	-0.183025
9.15	-0.18356
9.16	-0.184091
9.17	-0.184619
9.18	-0.185143
9.19	-0.185663
9.2	-0.186179
9.21	-0.186692
9.22	-0.1872
9.23	-0.187705
9.24	-0.188206
9.25	-0.188703
9.26	-0.189197
9.27	-0.189686
9.28	-0.190172
9.29	-0.190653
9.3	-0.191131
9.31	-0.191605
9.32	-0.192075
9.33	-0.192541
9.34	-0.193003
9.35	-0.193462
9.36	-0.193916
9.37	-0.194366
9.38	-0.194813
9.39	-0.195255
9.4	-0.195694
9.41	-0.196128
9.42	-0.196559
9.43	-0.196985
9.44	-0.197408
9.45	-0.197827
9.46	-0.198241
9.47	-0.198652
9.48	-0.199058
9.49	-0.199461
9.5	-0.199859
9.51	-0.200254
9.52	-0.200644
9.53	-0.20103
9.54	-0.201413
9.55	-0.201791
9.56	-0.202165
9.57	-0.202535
9.58	-0.202901
9.59	-0.203263
9.6	-0.203621
9.61	-0.203974
9.62	-0.204324
9.63	-0.204669
9.64	-0.205011
9.65	-0.205348
9.66	-0.205681
9.67	-0.20601
9.68	-0.206335
9.69	-0.206655
9.7	-0.206972
9.71	-0.207284
9.72	-0.207592
9.73	-0.207896
9.74	-0.208196
9.75	-0.208492
9.76	-0.208783
9.77	-0.209071
9.78	-0.209354
9.79	-0.209632
9.8	-0.209907
9.81	-0.210178
9.82	-0.210444
9.83	-0.210706
9.84	-0.210964
9.85	-0.211217
9.86	-0.211467
9.87	-0.211712
9.88	-0.211953
9.89	-0.212189
9.9	-0.212422
9.91	-0.21265
9.92	-0.212874
9.93	-0.213094
9.94	-0.213309
9.95	-0.21352
9.96	-0.213727
9.97	-0.21393
9.98	-0.214128
9.99	-0.214322
10	-0.214512
10.01	-0.214697
10.02	-0.214878
10.03	-0.215055
10.04	-0.215228
10.05	-0.215396
10.06	-0.21556
10.07	-0.21572
10.08	-0.215876
10.09	-0.216027
10.1	-0.216174
10.11	-0.216316
10.12	-0.216455
10.13	-0.216588
10.14	-0.216718
10.15	-0.216843
10.16	-0.216964
10.17	-0.217081
10.18	-0.217193
10.19	-0.217301
10.2	-0.217405
10.21	-0.217504
10.22	-0.217599
10.23	-0.21769
10.24	-0.217777
10.25	-0.217859
10.26	-0.217936
10.27	-0.21801
10.28	-0.218079
10.29	-0.218143
10.3	-0.218204
10.31	-0.21826
10.32	-0.218311
10.33	-0.218359
10.34	-0.218402
10.35	-0.218441
10.36	-0.218475
10.37	-0.218505
10.38	-0.21853
10.39	-0.218552
10.4	-0.218569
10.41	-0.218581
10.42	-0.21859
10.43	-0.218593
10.44	-0.218593
10.45	-0.218588
10.46	-0.218579
10.47	-0.218566
10.48	-0.218548
10.49	-0.218526
10.5	-0.218499
10.51	-0.218468
10.52	-0.218433
10.53	-0.218394
10.54	-0.21835
10.55	-0.218301
10.56	-0.218249
10.57	-0.218192
10.58	-0.218131
10.59	-0.218065
10.6	-0.217995
10.61	-0.217921
10.62	-0.217842
10.63	-0.21776
10.64	-0.217672
10.65	-0.217581
10.66	-0.217485
10.67	-0.217385
10.68	-0.21728
10.69	-0.217171
10.7	-0.217058
10.71	-0.21694
10.72	-0.216819
10.73	-0.216692
10.74	-0.216562
10.75	-0.216427
10.76	-0.216288
10.77	-0.216145
10.78	-0.215997
10.79	-0.215845
10.8	-0.215689
10.81	-0.215528
10.82	-0.215363
10.83	-0.215194
10.84	-0.21502
10.85	-0.214842
10.86	-0.21466
10.87	-0.214474
10.88	-0.214283
10.89	-0.214088
10.9	-0.213889
10.91	-0.213686
10.92	-0.213478
10.93	-0.213266
10.94	-0.21305
10.95	-0.212829
10.96	-0.212605
10.97	-0.212376
10.98	-0.212142
10.99	-0.211905
11	-0.211663
11.01	-0.211417
11.02	-0.211167
11.03	-0.210912
11.04	-0.210654
11.05	-0.210391
11.06	-0.210124
11.07	-0.209852
11.08	-0.209577
11.09	-0.209297
11.1	-0.209013
11.11	-0.208725
11.12	-0.208433
11.13	-0.208136
11.14	-0.207836
11.15	-0.207531
11.16	-0.207222
11.17	-0.206909
11.18	-0.206591
11.19	-0.20627
11.2	-0.205944
11.21	-0.205615
11.22	-0.205281
11.23	-0.204943
11.24	-0.204601
11.25	-0.204254
11.26	-0.203904
11.27	-0.203549
11.28	-0.203191
11.29	-0.202828
11.3	-0.202461
11.31	-0.20209
11.32	-0.201715
11.33	-0.201336
11.34	-0.200953
11.35	-0.200566
11.36	-0.200175
11.37	-0.19978
11.38	-0.19938
11.39	-0.198977
11.4	-0.19857
11.41	-0.198158
11.42	-0.197743
11.43	-0.197324
11.44	-0.1969
11.45	-0.196473
11.46	-0.196041
11.47	-0.195606
11.48	-0.195167
11.49	-0.194724
11.5	-0.194276
11.51	-0.193825
11.52	-0.19337
11.53	-0.192911
11.54	-0.192448
11.55	-0.191981
11.56	-0.19151
11.57	-0.191036
11.58	-0.190557
11.59	-0.190075
11.6	-0.189588
11.61	-0.189098
11.62	-0.188604
11.63	-0.188106
11.64	-0.187604
11.65	-0.187099
11.66	-0.186589
11.67	-0.186076
11.68	-0.185559
11.69	-0.185038
11.7	-0.184513
11.71	-0.183985
11.72	-0.183453
11.73	-0.182917
11.74	-0.182377
11.75	-0.181834
11.76	-0.181287
11.77	-0.180736
11.78	-0.180181
11.79	-0.179623
11.8	-0.179061
11.81	-0.178495
11.82	-0.177926
11.83	-0.177353
11.84	-0.176776
11.85	-0.176196
11.86	-0.175612
11.87	-0.175024
11.88	-0.174433
11.89	-0.173838
11.9	-0.17324
11.91	-0.172638
11.92	-0.172032
11.93	-0.171423
11.94	-0.170811
11.95	-0.170195
11.96	-0.169575
11.97	-0.168952
11.98	-0.168325
11.99	-0.167695
12	-0.167061
12.01	-0.166424
12.02	-0.165783
12.03	-0.165139
12.04	-0.164492
12.05	-0.163841
12.06	-0.163187
12.07	-0.162529
12.08	-0.161868
12.09	-0.161204
12.1	-0.160536
12.11	-0.159865
12.12	-0.15919
12.13	-0.158512
12.14	-0.157831
12.15	-0.157147
12.16	-0.156459
12.17	-0.155768
12.18	-0.155074
12.19	-0.154377
12.2	-0.153676
12.21	-0.152972
12.22	-0.152265
12.23	-0.151555
12.24	-0.150841
12.25	-0.150125
12.26	-0.149405
12.27	-0.148682
12.28	-0.147956
12.29	-0.147227
12.3	-0.146494
12.31	-0.145759
12.32	-0.145021
12.33	-0.144279
12.34	-0.143535
12.35	-0.142787
12.36	-0.142037
12.37	-0.141283
12.38	-0.140527
12.39	-0.139767
12.4	-0.139005
12.41	-0.138239
12.42	-0.137471
12.43	-0.1367
12.44	-0.135926
12.45	-0.135149
12.46	-0.134369
12.47	-0.133586
12.48	-0.132801
12.49	-0.132013
12.5	-0.131221
12.51	-0.130427
12.52	-0.129631
12.53	-0.128831
12.54	-0.128029
12.55	-0.127224
12.56	-0.126417
12.57	-0.125606
12.58	-0.124794
12.59	-0.123978
12.6	-0.12316
12.61	-0.122339
12.62	-0.121515
12.63	-0.120689
12.64	-0.119861
12.65	-0.119029
12.66	-0.118196
12.67	-0.117359
12.68	-0.116521
12.69	-0.115679
12.7	-0.114836
12.71	-0.113989
12.72	-0.113141
12.73	-0.11229
12.74	-0.111436
12.75	-0.11058
12.76	-0.109722
12.77	-0.108861
12.78	-0.107999
12.79	-0.107133
12.8	-0.106266
12.81	-0.105396
12.82	-0.104524
12.83	-0.103649
12.84	-0.102773
12.85	-0.101894
12.86	-0.101013
12.87	-0.10013
12.88	-0.0992447
12.89	-0.0983573
12.9	-0.0974677
12.91	-0.0965761
12.92	-0.0956823
12.93	-0.0947865
12.94	-0.0938887
12.95	-0.0929888
12.96	-0.0920869
12.97	-0.091183
12.98	-0.0902772
12.99	-0.0893694
13	-0.0884596
13.01	-0.087548
13.02	-0.0866344
13.03	-0.085719
13.04	-0.0848017
13.05	-0.0838826
13.06	-0.0829617
13.07	-0.082039
13.08	-0.0811145
13.09	-0.0801882
13.1	-0.0792602
13.11	-0.0783305
13.12	-0.077399
13.13	-0.0764659
13.14	-0.0755312
13.15	-0.0745948
13.16	-0.0736567
13.17	-0.0727171
13.18	-0.0717759
13.19	-0.0708331
13.2	-0.0698888
13.21	-0.068943
13.22	-0.0679956
13.23	-0.0670468
13.24	-0.0660965
13.25	-0.0651448
13.26	-0.0641917
13.27	-0.0632371
13.28	-0.0622812
13.29	-0.0613239
13.3	-0.0603653
13.31	-0.0594054
13.32	-0.0584442
13.33	-0.0574817
13.34	-0.0565179
13.35	-0.0555529
13.36	-0.0545867
13.37	-0.0536193
13.38	-0.0526508
13.39	-0.0516811
13.4	-0.0507102
13.41	-0.0497382
13.42	-0.0487652
13.43	-0.0477911
13.44	-0.0468159
13.45	-0.0458398
13.46	-0.0448626
13.47	-0.0438844
13.48	-0.0429053
13.49	-0.0419252
13.5	-0.0409442
13.51	-0.0399623
13.52	-0.0389796
13.53	-0.037996
13.54	-0.0370115
13.55	-0.0360263
13.56	-0.0350402
13.57	-0.0340534
13.58	-0.0330659
13.59	-0.0320776
13.6	-0.0310886
13.61	-0.0300989
13.62	-0.0291086
13.63	-0.0281176
13.64	-0.027126
13.65	-0.0261339
13.66	-0.0251411
13.67	-0.0241478
13.68	-0.023154
13.69	-0.0221596
13.7	-0.0211648
13.71	-0.0201695
13.72	-0.0191737
13.73	-0.0181776
13.74	-0.017181
13.75	-0.0161841
13.76	-0.0151868
13.77	-0.0141892
13.78	-0.0131912
13.79	-0.012193
13.8	-0.0111945
13.81	-0.0101958
13.82	-0.00919681
13.83	-0.00819764
13.84	-0.00719829
13.85	-0.00619878
13.86	-0.00519914
13.87	-0.00419939
13.88	-0.00319954
13.89	-0.00219962
13.9	-0.00119965
13.91	-0.000199657
13.92	0.000800341
13.93	0.00180032
13.94	0.00280026
13.95	0.00380014
13.96	0.00479994
13.97	0.00579963
13.98	0.00679919
13.99	0.0077986
14	0.00879785
14.01	0.0097969
14.02	0.0107957
14.03	0.0117943
14.04	0.0127927
14.05	0.0137907
14.06	0.0147885
14.07	0.0157859
14.08	0.016783
14.09	0.0177797
14.1	0.018776
14.11	0.0197719
14.12	0.0207674
14.13	0.0217624
14.14	0.022757
14.15	0.023751
14.16	0.0247445
14.17	0.0257375
14.18	0.0267299
14.19	0.0277217
14.2	0.028713
14.21	0.0297035
14.22	0.0306935
14.23	0.0316827
14.24	0.0326713
14.25	0.0336592
14.26	0.0346463
14.27	0.0356326
14.28	0.0366182
14.29	0.037603
14.3	0.0385869
14.31	0.03957
14.32	0.0405523
14.33	0.0415336
14.34	0.042514
14.35	0.0434935
14.36	0.0444721
14.37	0.0454497
14.38	0.0464263
14.39	0.0474018
14.4	0.0483764
14.41	0.0493498
14.42	0.0503222
14.43	0.0512935
14.44	0.0522637
14.45	0.0532327
14.46	0.0542006
14.47	0.0551673
14.48	0.0561327
14.49	0.057097
14.5	0.05806
14.51	0.0590217
14.52	0.0599822
14.53	0.0609413
14.54	0.0618991
14.55	0.0628556
14.56	0.0638107
14.57	0.0647644
14.58	0.0657167
14.59	0.0666675
14.6	0.0676169
14.61	0.0685648
14.62	0.0695113
14.63	0.0704562
14.64	0.0713996
14.65	0.0723414
14.66	0.0732817
14.67	0.0742204
14.68	0.0751574
14.69	0.0760929
14.7	0.0770266
14.71	0.0779587
14.72	0.0788891
14.73	0.0798178
14.74	0.0807448
14.75	0.08167
14.76	0.0825934
14.77	0.0835151
14.78	0.0844349
14.79	0.0853529
14.8	0.0862691
14.81	0.0871834
14.82	0.0880958
14.83	0.0890063
14.84	0.0899149
14.85	0.0908215
14.86	0.0917262
14.87	0.0926289
14.88	0.0935296
14.89	0.0944282
14.9	0.0953249
14.91	0.0962194
14.92	0.0971119
14.93	0.0980023
14.94	0.0988906
14.95	0.0997768
14.96	0.100661
14.97	0.101543
14.98	0.102422
14.99	0.1033
15	0.104175
15.01	0.105048
15.02	0.105919
15.03	0.106787
15.04	0.107653
15.05	0.108517
15.06	0.109379
15.07	0.110238
15.08	0.111095
15.09	0.111949
15.1	0.112801
15.11	0.113651
15.12	0.114498
15.13	0.115343
15.14	0.116185
15.15	0.117025
15.16	0.117862
15.17	0.118697
15.18	0.119529
15.19	0.120359
15.2	0.121186
15.21	0.12201
15.22	0.122832
15.23	0.123652
15.24	0.124468
15.25	0.125282
15.26	0.126094
15.27	0.126902
15.28	0.127708
15.29	0.128511
15.3	0.129312
15.31	0.13011
15.32	0.130905
15.33	0.131697
15.34	0.132486
15.35	0.133273
15.36	0.134057
15.37	0.134838
15.38	0.135616
15.39	0.136391
15.4	0.137163
15.41	0.137933
15.42	0.138699
15.43	0.139463
15.44	0.140224
15.45	0.140981
15.46	0.141736
15.47	0.142488
15.48	0.143237
15.49	0.143982
15.5	0.144725
15.51	0.145465
15.52	0.146201
15.53	0.146935
15.54	0.147665
15.55	0.148392
15.56	0.149116
15.57	0.149838
15.58	0.150555
15.59	0.15127
15.6	0.151982
15.61	0.15269
15.62	0.153395
15.63	0.154097
15.64	0.154796
15.65	0.155492
15.66	0.156184
15.67	0.156873
15.68	0.157558
15.69	0.158241
15.7	0.15892
15.71	0.159596
15.72	0.160268
15.73	0.160937
15.74	0.161603
15.75	0.162266
15.76	0.162925
15.77	0.16358
15.78	0.164233
15.79	0.164881
15.8	0.165527
15.81	0.166169
15.82	0.166807
15.83	0.167442
15.84	0.168074
15.85	0.168702
15.86	0.169326
15.87	0.169948
15.88	0.170565
15.89	0.171179
15.9	0.17179
15.91	0.172397
15.92	0.173
15.93	0.1736
15.94	0.174196
15.95	0.174789
15.96	0.175378
15.97	0.175963
15.98	0.176545
15.99	0.177123
16	0.177697
16.01	0.178268
16.02	0.178835
16.03	0.179399
16.04	0.179959
16.05	0.180515
16.06	0.181067
16.07	0.181616
16.08	0.182161
16.09	0.182702
16.1	0.183239
16.11	0.183773
16.12	0.184303
16.13	0.184829
16.14	0.185351
16.15	0.18587
16.16	0.186385
16.17	0.186896
16.18	0.187403
16.19	0.187906
16.2	0.188406
16.21	0.188901
16.22	0.189393
16.23	0.189881
16.24	0.190365
16.25	0.190845
16.26	0.191321
16.27	0.191794
16.28	0.192262
16.29	0.192727
16.3	0.193187
16.31	0.193644
16.32	0.194097
16.33	0.194545
16.34	0.19499
16.35	0.195431
16.36	0.195868
16.37	0.196301
16.38	0.19673
16.39	0.197155
16.4	0.197576
16.41	0.197993
16.42	0.198406
16.43	0.198815
16.44	0.19922
16.45	0.199621
16.46	0.200018
16.47	0.20041
16.48	0.200799
16.49	0.201184
16.5	0.201565
16.51	0.201941
16.52	0.202314
16.53	0.202682
16.54	0.203046
16.55	0.203407
16.56	0.203763
16.57	0.204115
16.58	0.204463
16.59	0.204807
16.6	0.205146
16.61	0.205482
16.62	0.205813
16.63	0.20614
16.64	0.206464
16.65	0.206783
16.66	0.207097
16.67	0.207408
16.68	0.207715
16.69	0.208017
16.7	0.208315
16.71	0.208609
16.72	0.208899
16.73	0.209184
16.74	0.209466
16.75	0.209743
16.76	0.210016
16.77	0.210285
16.78	0.210549
16.79	0.21081
16.8	0.211066
16.81	0.211318
16.82	0.211565
16.83	0.211809
16.84	0.212048
16.85	0.212283
16.86	0.212514
16.87	0.21274
16.88	0.212962
16.89	0.21318
16.9	0.213394
16.91	0.213603
16.92	0.213809
16.93	0.214009
16.94	0.214206
16.95	0.214398
16.96	0.214587
16.97	0.21477
16.98	0.21495
16.99	0.215125
17	0.215296
17.01	0.215463
17.02	0.215625
17.03	0.215783
17.04	0.215937
17.05	0.216086
17.06	0.216231
17.07	0.216372
17.08	0.216509
17.09	0.216641
17.1	0.216769
17.11	0.216892
17.12	0.217012
17.13	0.217126
17.14	0.217237
17.15	0.217343
17.16	0.217445
17.17	0.217543
17.18	0.217636
17.19	0.217725
17.2	0.21781
17.21	0.21789
17.22	0.217966
17.23	0.218038
17.24	0.218105
17.25	0.218168
17.26	0.218227
17.27	0.218281
17.28	0.218331
17.29	0.218377
17.3	0.218418
17.31	0.218455
17.32	0.218487
17.33	0.218516
17.34	0.218539
17.35	0.218559
17.36	0.218574
17.37	0.218585
17.38	0.218592
17.39	0.218594
17.4	0.218592
17.41	0.218585
17.42	0.218574
17.43	0.218559
17.44	0.218539
17.45	0.218516
17.46	0.218487
17.47	0.218455
17.48	0.218418
17.49	0.218377
17.5	0.218331
17.51	0.218281
17.52	0.218227
17.53	0.218168
17.54	0.218105
17.55	0.218038
17.56	0.217966
17.57	0.21789
17.58	0.21781
17.59	0.217725
17.6	0.217636
17.61	0.217543
17.62	0.217445
17.63	0.217343
17.64	0.217237
17.65	0.217126
17.66	0.217011
17.67	0.216892
17.68	0.216769
17.69	0.216641
17.7	0.216509
17.71	0.216372
17.72	0.216231
17.73	0.216086
17.74	0.215937
17.75	0.215783
17.76	0.215625
17.77	0.215462
17.78	0.215296
17.79	0.215125
17.8	0.21495
17.81	0.21477
17.82	0.214586
17.83	0.214398
17.84	0.214206
17.85	0.214009
17.86	0.213808
17.87	0.213603
17.88	0.213394
17.89	0.21318
17.9	0.212962
17.91	0.21274
17.92	0.212513
17.93	0.212283
17.94	0.212048
17.95	0.211809
17.96	0.211565
17.97	0.211317
17.98	0.211065
17.99	0.210809
18	0.210549
18.01	0.210284
18.02	0.210016
18.03	0.209743
18.04	0.209465
18.05	0.209184
18.06	0.208898
18.07	0.208609
18.08	0.208315
18.09	0.208017
18.1	0.207714
18.11	0.207408
18.12	0.207097
18.13	0.206782
18.14	0.206463
18.15	0.20614
18.16	0.205813
18.17	0.205481
18.18	0.205146
18.19	0.204806
18.2	0.204462
18.21	0.204115
18.22	0.203762
18.23	0.203406
18.24	0.203046
18.25	0.202682
18.26	0.202313
18.27	0.201941
18.28	0.201564
18.29	0.201184
18.3	0.200799
18.31	0.20041
18.32	0.200017
18.33	0.19962
18.34	0.19922
18.35	0.198815
18.36	0.198406
18.37	0.197993
18.38	0.197576
18.39	0.197155
18.4	0.19673
18.41	0.196301
18.42	0.195868
18.43	0.195431
18.44	0.19499
18.45	0.194545
18.46	0.194096
18.47	0.193643
18.48	0.193187
18.49	0.192726
18.5	0.192262
18.51	0.191793
18.52	0.191321
18.53	0.190845
18.54	0.190364
18.55	0.18988
18.56	0.189392
18.57	0.188901
18.58	0.188405
18.59	0.187906
18.6	0.187402
18.61	0.186895
18.62	0.186384
18.63	0.185869
18.64	0.185351
18.65	0.184829
18.66	0.184302
18.67	0.183772
18.68	0.183239
18.69	0.182701
18.7	0.18216
18.71	0.181615
18.72	0.181067
18.73	0.180514
18.74	0.179958
18.75	0.179398
18.76	0.178835
18.77	0.178268
18.78	0.177697
18.79	0.177122
18.8	0.176544
18.81	0.175962
18.82	0.175377
18.83	0.174788
18.84	0.174195
18.85	0.173599
18.86	0.172999
18.87	0.172396
18.88	0.171789
18.89	0.171179
18.9	0.170565
18.91	0.169947
18.92	0.169326
18.93	0.168701
18.94	0.168073
18.95	0.167442
18.96	0.166807
18.97	0.166168
18.98	0.165526
18.99	0.164881
19	0.164232
19.01	0.16358
19.02	0.162924
19.03	0.162265
19.04	0.161603
19.05	0.160937
19.06	0.160268
19.07	0.159595
19.08	0.158919
19.09	0.15824
19.1	0.157558
19.11	0.156872
19.12	0.156183
19.13	0.155491
19.14	0.154795
19.15	0.154097
19.16	0.153395
19.17	0.15269
19.18	0.151981
19.19	0.15127
19.2	0.150555
19.21	0.149837
19.22	0.149116
19.23	0.148392
19.24	0.147664
19.25	0.146934
19.26	0.146201
19.27	0.145464
19.28	0.144724
19.29	0.143982
19.3	0.143236
19.31	0.142487
19.32	0.141735
19.33	0.140981
19.34	0.140223
19.35	0.139462
19.36	0.138699
19.37	0.137932
19.38	0.137163
19.39	0.13639
19.4	0.135615
19.41	0.134837
19.42	0.134056
19.43	0.133272
19.44	0.132486
19.45	0.131696
19.46	0.130904
19.47	0.130109
19.48	0.129311
19.49	0.128511
19.5	0.127707
19.51	0.126902
19.52	0.126093
19.53	0.125281
19.54	0.124467
19.55	0.123651
19.56	0.122831
19.57	0.12201
19.58	0.121185
19.59	0.120358
19.6	0.119528
19.61	0.118696
19.62	0.117861
19.63	0.117024
19.64	0.116184
19.65	0.115342
19.66	0.114497
19.67	0.11365
19.68	0.1128
19.69	0.111948
19.7	0.111094
19.71	0.110237
19.72	0.109378
19.73	0.108516
19.74	0.107653
19.75	0.106786
19.76	0.105918
19.77	0.105047
19.78	0.104174
19.79	0.103299
19.8	0.102422
19.81	0.101542
19.82	0.10066
19.83	0.099776
19.84	0.0988899
19.85	0.0980016
19.86	0.0971112
19.87	0.0962187
19.88	0.0953241
19.89	0.0944275
19.9	0.0935288
19.91	0.0926281
19.92	0.0917254
19.93	0.0908207
19.94	0.0899141
19.95	0.0890055
19.96	0.088095
19.97	0.0871826
19.98	0.0862683
19.99	0.0853522
20	0.0844342
20.01	0.0835143
20.02	0.0825927
20.03	0.0816692
20.04	0.080744
20.05	0.079817
20.06	0.0788883
20.07	0.0779579
20.08	0.0770258
20.09	0.0760921
20.1	0.0751566
20.11	0.0742196
20.12	0.0732809
20.13	0.0723406
20.14	0.0713988
20.15	0.0704554
20.16	0.0695105
20.17	0.068564
20.18	0.0676161
20.19	0.0666667
20.2	0.0657158
20.21	0.0647636
20.22	0.0638099
20.23	0.0628548
20.24	0.0618983
20.25	0.0609405
20.26	0.0599814
20.27	0.0590209
20.28	0.0580592
20.29	0.0570962
20.3	0.0561319
20.31	0.0551664
20.32	0.0541997
20.33	0.0532319
20.34	0.0522629
20.35	0.0512927
20.36	0.0503214
20.37	0.049349
20.38	0.0483755
20.39	0.047401
20.4	0.0464254
20.41	0.0454488
20.42	0.0444713
20.43	0.0434927
20.44	0.0425132
20.45	0.0415328
20.46	0.0405514
20.47	0.0395692
20.48	0.0385861
20.49	0.0376021
20.5	0.0366174
20.51	0.0356318
20.52	0.0346454
20.53	0.0336583
20.54	0.0326705
20.55	0.0316819
20.56	0.0306926
20.57	0.0297027
20.58	0.0287121
20.59	0.0277209
20.6	0.0267291
20.61	0.0257367
20.62	0.0247437
20.63	0.0237502
20.64	0.0227561
20.65	0.0217616
20.66	0.0207665
20.67	0.0197711
20.68	0.0187752
20.69	0.0177788
20.7	0.0167821
20.71	0.015785
20.72	0.0147876
20.73	0.0137899
20.74	0.0127918
20.75	0.0117935
20.76	0.0107949
20.77	0.00979604
20.78	0.00879699
20.79	0.00779775
20.8	0.00679833
20.81	0.00579877
20.82	0.00479908
20.83	0.00379928
20.84	0.00279941
20.85	0.00179946
20.86	0.000799484
20.87	-0.000200514
20.88	-0.00120051
20.89	-0.00220048
20.9	-0.00320039
20.91	-0.00420024
20.92	-0.0052
20.93	-0.00619964
20.94	-0.00719915
20.95	-0.00819849
20.96	-0.00919766
20.97	-0.0101966
20.98	-0.0111954
20.99	-0.0121939
21	-0.0131921
21.01	-0.01419
21.02	-0.0151877
21.03	-0.0161849
21.04	-0.0171819
21.05	-0.0181784
21.06	-0.0191746
21.07	-0.0201703
21.08	-0.0211656
21.09	-0.0221605
21.1	-0.0231548
21.11	-0.0241486
21.12	-0.025142
21.13	-0.0261347
21.14	-0.0271269
21.15	-0.0281185
21.16	-0.0291094
21.17	-0.0300998
21.18	-0.0310894
21.19	-0.0320784
21.2	-0.0330667
21.21	-0.0340543
21.22	-0.0350411
21.23	-0.0360271
21.24	-0.0370124
21.25	-0.0379968
21.26	-0.0389804
21.27	-0.0399632
21.28	-0.0409451
21.29	-0.0419261
21.3	-0.0429061
21.31	-0.0438852
21.32	-0.0448634
21.33	-0.0458406
21.34	-0.0468168
21.35	-0.0477919
21.36	-0.048766
21.37	-0.0497391
21.38	-0.050711
21.39	-0.0516819
21.4	-0.0526516
21.41	-0.0536202
21.42	-0.0545876
21.43	-0.0555538
21.44	-0.0565187
21.45	-0.0574825
21.46	-0.058445
21.47	-0.0594062
21.48	-0.0603662
21.49	-0.0613248
21.5	-0.062282
21.51	-0.0632379
21.52	-0.0641925
21.53	-0.0651456
21.54	-0.0660973
21.55	-0.0670476
21.56	-0.0679964
21.57	-0.0689438
21.58	-0.0698896
21.59	-0.0708339
21.6	-0.0717767
21.61	-0.0727179
21.62	-0.0736575
21.63	-0.0745956
21.64	-0.075532
21.65	-0.0764667
21.66	-0.0773998
21.67	-0.0783313
21.68	-0.079261
21.69	-0.080189
21.7	-0.0811153
21.71	-0.0820398
21.72	-0.0829625
21.73	-0.0838834
21.74	-0.0848025
21.75	-0.0857198
21.76	-0.0866352
21.77	-0.0875488
21.78	-0.0884604
21.79	-0.0893701
21.8	-0.0902779
21.81	-0.0911838
21.82	-0.0920877
21.83	-0.0929895
21.84	-0.0938894
21.85	-0.0947873
21.86	-0.0956831
21.87	-0.0965768
21.88	-0.0974685
21.89	-0.0983581
21.9	-0.0992455
21.91	-0.100131
21.92	-0.101014
21.93	-0.101895
21.94	-0.102774
21.95	-0.10365
21.96	-0.104525
21.97	-0.105397
21.98	-0.106266
21.99	-0.107134
22	-0.107999
22.01	-0.108862
22.02	-0.109723
22.03	-0.110581
22.04	-0.111437
22.05	-0.11229
22.06	-0.113141
22.07	-0.11399
22.08	-0.114836
22.09	-0.11568
22.1	-0.116521
22.11	-0.11736
22.12	-0.118196
22.13	-0.11903
22.14	-0.119861
22.15	-0.12069
22.16	-0.121516
22.17	-0.12234
22.18	-0.12316
22.19	-0.123979
22.2	-0.124794
22.21	-0.125607
22.22	-0.126417
22.23	-0.127225
22.24	-0.12803
22.25	-0.128832
22.26	-0.129632
22.27	-0.130428
22.28	-0.131222
22.29	-0.132013
22.3	-0.132802
22.31	-0.133587
22.32	-0.13437
22.33	-0.135149
22.34	-0.135926
22.35	-0.136701
22.36	-0.137472
22.37	-0.13824
22.38	-0.139005
22.39	-0.139768
22.4	-0.140527
22.41	-0.141284
22.42	-0.142037
22.43	-0.142788
22.44	-0.143535
22.45	-0.14428
22.46	-0.145021
22.47	-0.14576
22.48	-0.146495
22.49	-0.147227
22.5	-0.147956
22.51	-0.148682
22.52	-0.149405
22.53	-0.150125
22.54	-0.150842
22.55	-0.151555
22.56	-0.152266
22.57	-0.152973
22.58	-0.153677
22.59	-0.154377
22.6	-0.155075
22.61	-0.155769
22.62	-0.15646
22.63	-0.157148
22.64	-0.157832
22.65	-0.158513
22.66	-0.159191
22.67	-0.159865
22.68	-0.160536
22.69	-0.161204
22.7	-0.161869
22.71	-0.16253
22.72	-0.163187
22.73	-0.163842
22.74	-0.164493
22.75	-0.16514
22.76	-0.165784
22.77	-0.166425
22.78	-0.167062
22.79	-0.167695
22.8	-0.168326
22.81	-0.168952
22.82	-0.169575
22.83	-0.170195
22.84	-0.170811
22.85	-0.171424
22.86	-0.172033
22.87	-0.172638
22.88	-0.17324
22.89	-0.173839
22.9	-0.174434
22.91	-0.175025
22.92	-0.175612
22.93	-0.176196
22.94	-0.176777
22.95	-0.177353
22.96	-0.177926
22.97	-0.178496
22.98	-0.179061
22.99	-0.179623
23	-0.180182
23.01	-0.180736
23.02	-0.181287
23.03	-0.181834
23.04	-0.182378
23.05	-0.182917
23.06	-0.183453
23.07	-0.183985
23.08	-0.184514
23.09	-0.185038
23.1	-0.185559
23.11	-0.186076
23.12	-0.18659
23.13	-0.187099
23.14	-0.187605
23.15	-0.188106
23.16	-0.188604
23.17	-0.189098
23.18	-0.189589
23.19	-0.190075
23.2	-0.190557
23.21	-0.191036
23.22	-0.191511
23.23	-0.191981
23.24	-0.192448
23.25	-0.192911
23.26	-0.19337
23.27	-0.193826
23.28	-0.194277
23.29	-0.194724
23.3	-0.195167
23.31	-0.195607
23.32	-0.196042
23.33	-0.196473
23.34	-0.196901
23.35	-0.197324
23.36	-0.197743
23.37	-0.198159
23.38	-0.19857
23.39	-0.198977
23.4	-0.199381
23.41	-0.19978
23.42	-0.200175
23.43	-0.200567
23.44	-0.200954
23.45	-0.201337
23.46	-0.201716
23.47	-0.202091
23.48	-0.202462
23.49	-0.202828
23.5	-0.203191
23.51	-0.20355
23.52	-0.203904
23.53	-0.204255
23.54	-0.204601
23.55	-0.204943
23.56	-0.205281
23.57	-0.205615
23.58	-0.205945
23.59	-0.20627
23.6	-0.206592
23.61	-0.206909
23.62	-0.207222
23.63	-0.207531
23.64	-0.207836
23.65	-0.208137
23.66	-0.208433
23.67	-0.208725
23.68	-0.209013
23.69	-0.209297
23.7	-0.209577
23.71	-0.209853
23.72	-0.210124
23.73	-0.210391
23.74	-0.210654
23.75	-0.210913
23.76	-0.211167
23.77	-0.211417
23.78	-0.211663
23.79	-0.211905
23.8	-0.212142
23.81	-0.212376
23.82	-0.212605
23.83	-0.212829
23.84	-0.21305
23.85	-0.213266
23.86	-0.213478
23.87	-0.213686
23.88	-0.213889
23.89	-0.214089
23.9	-0.214284
23.91	-0.214474
23.92	-0.214661
23.93	-0.214843
23.94	-0.21502
23.95	-0.215194
23.96	-0.215363
23.97	-0.215528
23.98	-0.215689
23.99	-0.215845
24	-0.215997
24.01	-0.216145
24.02	-0.216288
24.03	-0.216427
24.04	-0.216562
24.05	-0.216693
24.06	-0.216819
24.07	-0.216941
24.08	-0.217058
24.09	-0.217171
24.1	-0.21728
24.11	-0.217385
24.12	-0.217485
24.13	-0.217581
24.14	-0.217672
24.15	-0.21776
24.16	-0.217843
24.17	-0.217921
24.18	-0.217995
24.19	-0.218065
24.2	-0.218131
24.21	-0.218192
24.22	-0.218249
24.23	-0.218302
24.24	-0.21835
24.25	-0.218394
24.26	-0.218433
24.27	-0.218468
24.28	-0.218499
24.29	-0.218526
24.3	-0.218548
24.31	-0.218566
24.32	-0.218579
24.33	-0.218588
24.34	-0.218593
24.35	-0.218593
24.36	-0.21859
24.37	-0.218581
24.38	-0.218569
24.39	-0.218552
24.4	-0.21853
24.41	-0.218505
24.42	-0.218475
24.43	-0.21844
24.44	-0.218402
24.45	-0.218359
24.46	-0.218311
24.47	-0.21826
24.48	-0.218204
24.49	-0.218143
24.5	-0.218079
24.51	-0.21801
24.52	-0.217936
24.53	-0.217859
24.54	-0.217776
24.55	-0.21769
24.56	-0.217599
24.57	-0.217504
24.58	-0.217405
24.59	-0.217301
24.6	-0.217193
24.61	-0.217081
24.62	-0.216964
24.63	-0.216843
24.64	-0.216718
24.65	-0.216588
24.66	-0.216454
24.67	-0.216316
24.68	-0.216174
24.69	-0.216027
24.7	-0.215876
24.71	-0.21572
24.72	-0.21556
24.73	-0.215396
24.74	-0.215228
24.75	-0.215055
24.76	-0.214878
24.77	-0.214697
24.78	-0.214512
24.79	-0.214322
24.8	-0.214128
24.81	-0.213929
24.82	-0.213727
24.83	-0.21352
24.84	-0.213309
24.85	-0.213093
24.86	-0.212874
24.87	-0.21265
24.88	-0.212422
24.89	-0.212189
24.9	-0.211952
24.91	-0.211712
24.92	-0.211466
24.93	-0.211217
24.94	-0.210963
24.95	-0.210706
24.96	-0.210444
24.97	-0.210177
24.98	-0.209907
24.99	-0.209632
25	-0.209353
25.01	-0.20907
25.02	-0.208783
25.03	-0.208492
25.04	-0.208196
25.05	-0.207896
25.06	-0.207592
25.07	-0.207284
25.08	-0.206972
25.09	-0.206655
25.1	-0.206334
25.11	-0.20601
25.12	-0.205681
25.13	-0.205348
25.14	-0.20501
25.15	-0.204669
25.16	-0.204324
25.17	-0.203974
25.18	-0.20362
25.19	-0.203263
25.2	-0.202901
25.21	-0.202535
25.22	-0.202165
25.23	-0.201791
25.24	-0.201412
25.25	-0.20103
25.26	-0.200644
25.27	-0.200253
25.28	-0.199859
25.29	-0.19946
25.3	-0.199058
25.31	-0.198651
25.32	-0.198241
25.33	-0.197826
25.34	-0.197408
25.35	-0.196985
25.36	-0.196558
25.37	-0.196128
25.38	-0.195693
25.39	-0.195255
25.4	-0.194812
25.41	-0.194366
25.42	-0.193916
25.43	-0.193461
25.44	-0.193003
25.45	-0.192541
25.46	-0.192075
25.47	-0.191605
25.48	-0.191131
25.49	-0.190653
25.5	-0.190171
25.51	-0.189686
25.52	-0.189196
25.53	-0.188703
25.54	-0.188206
25.55	-0.187705
25.56	-0.1872
25.57	-0.186691
25.58	-0.186179
25.59	-0.185662
25.6	-0.185142
25.61	-0.184618
25.62	-0.184091
25.63	-0.183559
25.64	-0.183024
25.65	-0.182485
25.66	-0.181943
25.67	-0.181396
25.68	-0.180846
25.69	-0.180292
25.7	-0.179735
25.71	-0.179173
25.72	-0.178608
25.73	-0.17804
25.74	-0.177467
25.75	-0.176891
25.76	-0.176312
25.77	-0.175729
25.78	-0.175142
25.79	-0.174551
25.8	-0.173957
25.81	-0.17336
25.82	-0.172758
25.83	-0.172154
25.84	-0.171545
25.85	-0.170933
25.86	-0.170318
25.87	-0.169699
25.88	-0.169076
25.89	-0.16845
25.9	-0.167821
25.91	-0.167188
25.92	-0.166552
25.93	-0.165912
25.94	-0.165268
25.95	-0.164622
25.96	-0.163971
25.97	-0.163318
25.98	-0.162661
25.99	-0.162
26	-0.161337
26.01	-0.160669
26.02	-0.159999
26.03	-0.159325
26.04	-0.158648
26.05	-0.157968
26.06	-0.157284
26.07	-0.156597
26.08	-0.155907
26.09	-0.155213
26.1	-0.154516
26.11	-0.153816
26.12	-0.153113
26.13	-0.152406
26.14	-0.151697
26.15	-0.150984
26.16	-0.150268
26.17	-0.149549
26.18	-0.148826
26.19	-0.148101
26.2	-0.147372
26.21	-0.146641
26.22	-0.145906
26.23	-0.145168
26.24	-0.144427
26.25	-0.143684
26.26	-0.142937
26.27	-0.142187
26.28	-0.141434
26.29	-0.140678
26.3	-0.139919
26.31	-0.139157
26.32	-0.138392
26.33	-0.137625
26.34	-0.136854
26.35	-0.136081
26.36	-0.135304
26.37	-0.134525
26.38	-0.133743
26.39	-0.132958
26.4	-0.13217
26.41	-0.13138
26.42	-0.130586
26.43	-0.12979
26.44	-0.128991
26.45	-0.12819
26.46	-0.127385
26.47	-0.126578
26.48	-0.125768
26.49	-0.124956
26.5	-0.124141
26.51	-0.123323
26.52	-0.122503
26.53	-0.12168
26.54	-0.120854
26.55	-0.120026
26.56	-0.119196
26.57	-0.118362
26.58	-0.117527
26.59	-0.116688
26.6	-0.115847
26.61	-0.115004
26.62	-0.114158
26.63	-0.11331
26.64	-0.11246
26.65	-0.111607
26.66	-0.110751
26.67	-0.109894
26.68	-0.109033
26.69	-0.108171
26.7	-0.107306
26.71	-0.106439
26.72	-0.10557
26.73	-0.104698
26.74	-0.103824
26.75	-0.102948
26.76	-0.10207
26.77	-0.101189
26.78	-0.100307
26.79	-0.0994217
26.8	-0.0985346
26.81	-0.0976455
26.82	-0.0967543
26.83	-0.0958609
26.84	-0.0949655
26.85	-0.0940681
26.86	-0.0931686
26.87	-0.0922671
26.88	-0.0913636
26.89	-0.0904582
26.9	-0.0895508
26.91	-0.0886414
26.92	-0.0877301
26.93	-0.086817
26.94	-0.0859019
26.95	-0.084985
26.96	-0.0840663
26.97	-0.0831457
26.98	-0.0822233
26.99	-0.0812992
27	-0.0803733
27.01	-0.0794456
27.02	-0.0785162
27.03	-0.0775851
27.04	-0.0766524
27.05	-0.0757179
27.06	-0.0747818
27.07	-0.0738441
27.08	-0.0729048
27.09	-0.0719639
27.1	-0.0710215
27.11	-0.0700774
27.12	-0.0691319
27.13	-0.0681849
27.14	-0.0672364
27.15	-0.0662864
27.16	-0.0653349
27.17	-0.0643821
27.18	-0.0634278
27.19	-0.0624722
27.2	-0.0615152
27.21	-0.0605568
27.22	-0.0595972
27.23	-0.0586362
27.24	-0.0576739
27.25	-0.0567104
27.26	-0.0557457
27.27	-0.0547797
27.28	-0.0538126
27.29	-0.0528442
27.3	-0.0518748
27.31	-0.0509041
27.32	-0.0499324
27.33	-0.0489596
27.34	-0.0479857
27.35	-0.0470107
27.36	-0.0460347
27.37	-0.0450578
27.38	-0.0440798
27.39	-0.0431008
27.4	-0.042121
27.41	-0.0411402
27.42	-0.0401585
27.43	-0.0391759
27.44	-0.0381924
27.45	-0.0372082
27.46	-0.0362231
27.47	-0.0352372
27.48	-0.0342505
27.49	-0.0332631
27.5	-0.032275
27.51	-0.0312861
27.52	-0.0302966
27.53	-0.0293064
27.54	-0.0283155
27.55	-0.0273241
27.56	-0.026332
27.57	-0.0253394
27.58	-0.0243462
27.59	-0.0233524
27.6	-0.0223582
27.61	-0.0213634
27.62	-0.0203682
27.63	-0.0193726
27.64	-0.0183765
27.65	-0.01738
27.66	-0.0163832
27.67	-0.0153859
27.68	-0.0143884
27.69	-0.0133905
27.7	-0.0123923
27.71	-0.0113939
27.72	-0.0103952
27.73	-0.00939627
27.74	-0.00839714
27.75	-0.00739783
27.76	-0.00639835
27.77	-0.00539874
27.78	-0.004399
27.79	-0.00339917
27.8	-0.00239926
27.81	-0.0013993
27.82	-0.000399314
27.83	0.000600685
27.84	0.00160067
27.85	0.00260062
27.86	0.00360051
27.87	0.00460033
27.88	0.00560004
27.89	0.00659963
27.9	0.00759908
27.91	0.00859836
27.92	0.00959744
27.93	0.0105963
27.94	0.011595
27.95	0.0125934
27.96	0.0135915
27.97	0.0145893
27.98	0.0155868
27.99	0.0165839
28	0.0175807
28.01	0.0185771
28.02	0.0195731
28.03	0.0205687
28.04	0.0215638
28.05	0.0225584
28.06	0.0235526
28.07	0.0245462
28.08	0.0255393
28.09	0.0265318
28.1	0.0275238
28.11	0.0285151
28.12	0.0295058
28.13	0.0304959
28.14	0.0314853
28.15	0.032474
28.16	0.033462
28.17	0.0344493
28.18	0.0354358
28.19	0.0364215
28.2	0.0374064
28.21	0.0383905
28.22	0.0393738
28.23	0.0403562
28.24	0.0413377
28.25	0.0423184
28.26	0.0432981
28.27	0.0442768
28.28	0.0452546
28.29	0.0462314
28.3	0.0472071
28.31	0.0481819
28.32	0.0491556
28.33	0.0501282
28.34	0.0510997
28.35	0.0520701
28.36	0.0530393
28.37	0.0540074
28.38	0.0549743
28.39	0.0559401
28.4	0.0569046
28.41	0.0578678
28.42	0.0588298
28.43	0.0597905
28.44	0.0607499
28.45	0.061708
28.46	0.0626647
28.47	0.0636201
28.48	0.0645741
28.49	0.0655266
28.5	0.0664778
28.51	0.0674275
28.52	0.0683757
28.53	0.0693224
28.54	0.0702677
28.55	0.0712114
28.56	0.0721535
28.57	0.0730941
28.58	0.0740331
28.59	0.0749705
28.6	0.0759062
28.61	0.0768403
28.62	0.0777728
28.63	0.0787035
28.64	0.0796326
28.65	0.0805599
28.66	0.0814854
28.67	0.0824092
28.68	0.0833312
28.69	0.0842514
28.7	0.0851698
28.71	0.0860863
28.72	0.087001
28.73	0.0879138
28.74	0.0888247
28.75	0.0897336
28.76	0.0906407
28.77	0.0915457
28.78	0.0924488
28.79	0.0933499
28.8	0.094249
28.81	0.095146
28.82	0.096041
28.83	0.0969339
28.84	0.0978247
28.85	0.0987134
28.86	0.0996
28.87	0.100484
28.88	0.101367
28.89	0.102247
28.9	0.103125
28.91	0.104
28.92	0.104874
28.93	0.105745
28.94	0.106614
28.95	0.107481
28.96	0.108345
28.97	0.109207
28.98	0.110067
28.99	0.110924
29	0.111779
29.01	0.112631
29.02	0.113481
29.03	0.114329
29.04	0.115174
29.05	0.116017
29.06	0.116857
29.07	0.117695
29.08	0.11853
29.09	0.119363
29.1	0.120193
29.11	0.121021
29.12	0.121846
29.13	0.122668
29.14	0.123488
29.15	0.124305
29.16	0.12512
29.17	0.125932
29.18	0.126741
29.19	0.127547
29.2	0.128351
29.21	0.129152
29.22	0.129951
29.23	0.130746
29.24	0.131539
29.25	0.132329
29.26	0.133116
29.27	0.133901
29.28	0.134682
29.29	0.135461
29.3	0.136237
29.31	0.137009
29.32	0.13778
29.33	0.138547
29.34	0.139311
29.35	0.140072
29.36	0.14083
29.37	0.141586
29.38	0.142338
29.39	0.143087
29.4	0.143834
29.41	0.144577
29.42	0.145317
29.43	0.146054
29.44	0.146788
29.45	0.147519
29.46	0.148247
29.47	0.148972
29.48	0.149694
29.49	0.150412
29.5	0.151128
29.51	0.15184
29.52	0.152549
29.53	0.153255
29.54	0.153957
29.55	0.154657
29.56	0.155353
29.57	0.156046
29.58	0.156735
29.59	0.157422
29.6	0.158105
29.61	0.158785
29.62	0.159461
29.63	0.160134
29.64	0.160804
29.65	0.161471
29.66	0.162134
29.67	0.162793
29.68	0.16345
29.69	0.164103
29.7	0.164752
29.71	0.165398
29.72	0.166041
29.73	0.16668
29.74	0.167316
29.75	0.167948
29.76	0.168577
29.77	0.169202
29.78	0.169824
29.79	0.170442
29.8	0.171057
29.81	0.171668
29.82	0.172276
29.83	0.17288
29.84	0.17348
29.85	0.174077
29.86	0.174671
29.87	0.17526
29.88	0.175846
29.89	0.176429
29.9	0.177008
29.91	0.177583
29.92	0.178154
29.93	0.178722
29.94	0.179287
29.95	0.179847
29.96	0.180404
29.97	0.180957
29.98	0.181506
29.99	0.182052
30	0.182594
30.01	0.183132
30.02	0.183667
30.03	0.184197
30.04	0.184724
30.05	0.185247
30.06	0.185767
30.07	0.186282
30.08	0.186794
30.09	0.187302
30.1	0.187806
30.11	0.188306
30.12	0.188802
30.13	0.189295
30.14	0.189784
30.15	0.190268
30.16	0.190749
30.17	0.191226
30.18	0.1917
30.19	0.192169
30.2	0.192634
30.21	0.193096
30.22	0.193553
30.23	0.194007
30.24	0.194456
30.25	0.194902
30.26	0.195343
30.27	0.195781
30.28	0.196215
30.29	0.196645
30.3	0.19707
30.31	0.197492
30.32	0.19791
30.33	0.198324
30.34	0.198734
30.35	0.199139
30.36	0.199541
30.37	0.199939
30.38	0.200332
30.39	0.200722
30.4	0.201107
30.41	0.201489
30.42	0.201866
30.43	0.20224
30.44	0.202609
30.45	0.202974
30.46	0.203335
30.47	0.203692
30.48	0.204045
30.49	0.204394
30.5	0.204738
30.51	0.205079
30.52	0.205415
30.53	0.205747
30.54	0.206075
30.55	0.206399
30.56	0.206719
30.57	0.207035
30.58	0.207346
30.59	0.207654
30.6	0.207957
30.61	0.208256
30.62	0.208551
30.63	0.208841
30.64	0.209128
30.65	0.20941
30.66	0.209688
30.67	0.209962
30.68	0.210231
30.69	0.210497
30.7	0.210758
30.71	0.211015
30.72	0.211268
30.73	0.211516
30.74	0.21176
30.75	0.212
30.76	0.212236
30.77	0.212468
30.78	0.212695
30.79	0.212918
30.8	0.213137
30.81	0.213352
30.82	0.213562
30.83	0.213768
30.84	0.21397
30.85	0.214167
30.86	0.21436
30.87	0.214549
30.88	0.214734
30.89	0.214914
30.9	0.21509
30.91	0.215262
30.92	0.21543
30.93	0.215593
30.94	0.215752
30.95	0.215906
30.96	0.216057
30.97	0.216203
30.98	0.216344
30.99	0.216482
31	0.216615
31.01	0.216744
31.02	0.216868
31.03	0.216988
31.04	0.217104
31.05	0.217215
31.06	0.217322
31.07	0.217425
31.08	0.217524
31.09	0.217618
31.1	0.217708
31.11	0.217793
31.12	0.217875
31.13	0.217951
31.14	0.218024
31.15	0.218092
31.16	0.218156
31.17	0.218215
31.18	0.218271
31.19	0.218321
31.2	0.218368
31.21	0.21841
31.22	0.218448
31.23	0.218481
31.24	0.21851
31.25	0.218535
31.26	0.218555
31.27	0.218572
31.28	0.218583
31.29	0.218591
31.3	0.218594
31.31	0.218592
31.32	0.218587
31.33	0.218577
31.34	0.218562
31.35	0.218544
31.36	0.218521
31.37	0.218493
31.38	0.218462
31.39	0.218426
31.4	0.218385
31.41	0.21834
31.42	0.218291
31.43	0.218238
31.44	0.21818
31.45	0.218118
31.46	0.218052
31.47	0.217981
31.48	0.217906
31.49	0.217826
31.5	0.217742
31.51	0.217654
31.52	0.217562
31.53	0.217465
31.54	0.217364
31.55	0.217259
31.56	0.217149
31.57	0.217035
31.58	0.216916
31.59	0.216794
31.6	0.216667
31.61	0.216535
31.62	0.2164
31.63	0.21626
31.64	0.216115
31.65	0.215967
31.66	0.215814
31.67	0.215657
31.68	0.215495
31.69	0.215329
31.7	0.215159
31.71	0.214985
31.72	0.214806
31.73	0.214623
31.74	0.214436
31.75	0.214245
31.76	0.214049
31.77	0.213849
31.78	0.213645
31.79	0.213436
31.8	0.213223
31.81	0.213006
31.82	0.212785
31.83	0.212559
31.84	0.212329
31.85	0.212095
31.86	0.211857
31.87	0.211614
31.88	0.211367
31.89	0.211116
31.9	0.210861
31.91	0.210601
31.92	0.210338
31.93	0.21007
31.94	0.209797
31.95	0.209521
31.96	0.209241
31.97	0.208956
31.98	0.208667
31.99	0.208374
32	0.208076
32.01	0.207775
32.02	0.207469
32.03	0.207159
32.04	0.206845
32.05	0.206527
32.06	0.206205
32.07	0.205879
32.08	0.205548
32.09	0.205213
32.1	0.204874
32.11	0.204531
32.12	0.204184
32.13	0.203833
32.14	0.203478
32.15	0.203118
32.16	0.202755
32.17	0.202387
32.18	0.202016
32.19	0.20164
32.2	0.20126
32.21	0.200876
32.22	0.200488
32.23	0.200096
32.24	0.1997
32.25	0.1993
32.26	0.198896
32.27	0.198488
32.28	0.198075
32.29	0.197659
32.3	0.197239
32.31	0.196815
32.32	0.196387
32.33	0.195954
32.34	0.195518
32.35	0.195078
32.36	0.194634
32.37	0.194186
32.38	0.193734
32.39	0.193278
32.4	0.192818
32.41	0.192355
32.42	0.191887
32.43	0.191415
32.44	0.19094
32.45	0.190461
32.46	0.189977
32.47	0.18949
32.48	0.188999
32.49	0.188504
32.5	0.188006
32.51	0.187503
32.52	0.186997
32.53	0.186487
32.54	0.185973
32.55	0.185455
32.56	0.184933
32.57	0.184408
32.58	0.183879
32.59	0.183346
32.6	0.182809
32.61	0.182268
32.62	0.181724
32.63	0.181176
32.64	0.180625
32.65	0.180069
32.66	0.17951
32.67	0.178948
32.68	0.178381
32.69	0.177811
32.7	0.177237
32.71	0.17666
32.72	0.176079
32.73	0.175494
32.74	0.174906
32.75	0.174314
32.76	0.173719
32.77	0.173119
32.78	0.172517
32.79	0.171911
32.8	0.171301
32.81	0.170687
32.82	0.170071
32.83	0.16945
32.84	0.168826
32.85	0.168199
32.86	0.167568
32.87	0.166934
32.88	0.166296
32.89	0.165655
32.9	0.16501
32.91	0.164362
32.92	0.16371
32.93	0.163055
32.94	0.162397
32.95	0.161735
32.96	0.16107
32.97	0.160402
32.98	0.15973
32.99	0.159055
33	0.158376
33.01	0.157694
33.02	0.157009
33.03	0.156321
33.04	0.155629
33.05	0.154935
33.06	0.154236
33.07	0.153535
33.08	0.152831
33.09	0.152123
33.1	0.151412
33.11	0.150698
33.12	0.149981
33.13	0.14926
33.14	0.148537
33.15	0.14781
33.16	0.14708
33.17	0.146347
33.18	0.145611
33.19	0.144872
33.2	0.14413
33.21	0.143385
33.22	0.142637
33.23	0.141886
33.24	0.141132
33.25	0.140375
33.26	0.139614
33.27	0.138851
33.28	0.138086
33.29	0.137317
33.3	0.136545
33.31	0.13577
33.32	0.134993
33.33	0.134212
33.34	0.133429
33.35	0.132643
33.36	0.131854
33.37	0.131062
33.38	0.130268
33.39	0.129471
33.4	0.128671
33.41	0.127868
33.42	0.127063
33.43	0.126255
33.44	0.125444
33.45	0.12463
33.46	0.123814
33.47	0.122995
33.48	0.122174
33.49	0.12135
33.5	0.120523
33.51	0.119694
33.52	0.118862
33.53	0.118028
33.54	0.117191
33.55	0.116352
33.56	0.11551
33.57	0.114666
33.58	0.113819
33.59	0.11297
33.6	0.112119
33.61	0.111265
33.62	0.110408
33.63	0.10955
33.64	0.108689
33.65	0.107825
33.66	0.10696
33.67	0.106092
33.68	0.105221
33.69	0.104349
33.7	0.103474
33.71	0.102597
33.72	0.101718
33.73	0.100836
33.74	0.0999527
33.75	0.099067
33.76	0.0981791
33.77	0.0972891
33.78	0.096397
33.79	0.0955029
33.8	0.0946066
33.81	0.0937084
33.82	0.0928081
33.83	0.0919058
33.84	0.0910015
33.85	0.0900953
33.86	0.0891871
33.87	0.088277
33.88	0.0873649
33.89	0.086451
33.9	0.0855352
33.91	0.0846176
33.92	0.0836981
33.93	0.0827768
33.94	0.0818537
33.95	0.0809289
33.96	0.0800023
33.97	0.0790739
33.98	0.0781438
33.99	0.0772121
34	0.0762786
34.01	0.0753435
34.02	0.0744068
34.03	0.0734684
34.04	0.0725285
34.05	0.071587
34.06	0.0706439
34.07	0.0696993
34.08	0.0687531
34.09	0.0678055
34.1	0.0668564
34.11	0.0659058
34.12	0.0649538
34.13	0.0640004
34.14	0.0630456
34.15	0.0620894
34.16	0.0611318
34.17	0.060173
34.18	0.0592128
34.19	0.0582513
34.2	0.0572885
34.21	0.0563245
34.22	0.0553593
34.23	0.0543928
34.24	0.0534252
34.25	0.0524564
34.26	0.0514865
34.27	0.0505154
34.28	0.0495432
34.29	0.04857
34.3	0.0475956
34.31	0.0466203
34.32	0.0456439
34.33	0.0446665
34.34	0.0436882
34.35	0.0427088
34.36	0.0417286
34.37	0.0407474
34.38	0.0397654
34.39	0.0387824
34.4	0.0377987
34.41	0.036814
34.42	0.0358286
34.43	0.0348424
34.44	0.0338555
34.45	0.0328678
34.46	0.0318793
34.47	0.0308902
34.48	0.0299004
34.49	0.0289099
34.5	0.0279188
34.51	0.0269271
34.52	0.0259348
34.53	0.024942
34.54	0.0239486
34.55	0.0229546
34.56	0.0219602
34.57	0.0209652
34.58	0.0199699
34.59	0.018974
34.6	0.0179778
34.61	0.0169812
34.62	0.0159841
34.63	0.0149868
34.64	0.0139891
34.65	0.0129911
34.66	0.0119928
34.67	0.0109943
34.68	0.00999548
34.69	0.00899647
34.7	0.00799727
34.71	0.00699789
34.72	0.00599835
34.73	0.00499869
34.74	0.00399891
34.75	0.00299904
34.76	0.00199911
34.77	0.000999139
34.78	-8.57147e-07
34.79	-0.00100085
34.8	-0.00200083
34.81	-0.00300076
34.82	-0.00400062
34.83	-0.0050004
34.84	-0.00600007
34.85	-0.0069996
34.86	-0.00799898
34.87	-0.00899819
34.88	-0.00999719
34.89	-0.010996
34.9	-0.0119945
34.91	-0.0129928
34.92	-0.0139908
34.93	-0.0149885
34.94	-0.0159859
34.95	-0.0169829
34.96	-0.0179795
34.97	-0.0189757
34.98	-0.0199716
34.99	-0.020967
35	-0.0219619
35.01	-0.0229563
35.02	-0.0239503
35.03	-0.0249437
35.04	-0.0259365
35.05	-0.0269288
35.06	-0.0279205
35.07	-0.0289116
35.08	-0.0299021
35.09	-0.0308919
35.1	-0.031881
35.11	-0.0328695
35.12	-0.0338572
35.13	-0.0348441
35.14	-0.0358303
35.15	-0.0368157
35.16	-0.0378003
35.17	-0.0387841
35.18	-0.039767
35.19	-0.0407491
35.2	-0.0417303
35.21	-0.0427105
35.22	-0.0436898
35.23	-0.0446682
35.24	-0.0456456
35.25	-0.046622
35.26	-0.0475973
35.27	-0.0485716
35.28	-0.0495449
35.29	-0.0505171
35.3	-0.0514881
35.31	-0.0524581
35.32	-0.0534269
35.33	-0.0543945
35.34	-0.0553609
35.35	-0.0563262
35.36	-0.0572902
35.37	-0.0582529
35.38	-0.0592144
35.39	-0.0601746
35.4	-0.0611335
35.41	-0.062091
35.42	-0.0630472
35.43	-0.064002
35.44	-0.0649554
35.45	-0.0659074
35.46	-0.066858
35.47	-0.0678071
35.48	-0.0687547
35.49	-0.0697009
35.5	-0.0706455
35.51	-0.0715886
35.52	-0.0725301
35.53	-0.07347
35.54	-0.0744084
35.55	-0.0753451
35.56	-0.0762802
35.57	-0.0772137
35.58	-0.0781454
35.59	-0.0790755
35.6	-0.0800038
35.61	-0.0809305
35.62	-0.0818553
35.63	-0.0827784
35.64	-0.0836997
35.65	-0.0846192
35.66	-0.0855368
35.67	-0.0864526
35.68	-0.0873665
35.69	-0.0882785
35.7	-0.0891887
35.71	-0.0900968
35.72	-0.0910031
35.73	-0.0919074
35.74	-0.0928096
35.75	-0.0937099
35.76	-0.0946082
35.77	-0.0955044
35.78	-0.0963986
35.79	-0.0972906
35.8	-0.0981806
35.81	-0.0990685
35.82	-0.0999542
35.83	-0.100838
35.84	-0.101719
35.85	-0.102598
35.86	-0.103475
35.87	-0.10435
35.88	-0.105223
35.89	-0.106093
35.9	-0.106961
35.91	-0.107827
35.92	-0.10869
35.93	-0.109551
35.94	-0.11041
35.95	-0.111266
35.96	-0.11212
35.97	-0.112972
35.98	-0.113821
35.99	-0.114668
36	-0.115512
36.01	-0.116354
36.02	-0.117193
36.03	-0.11803
36.04	-0.118864
36.05	-0.119696
36.06	-0.120525
36.07	-0.121351
36.08	-0.122175
36.09	-0.122997
36.1	-0.123815
36.11	-0.124632
36.12	-0.125445
36.13	-0.126256
36.14	-0.127064
36.15	-0.127869
36.16	-0.128672
36.17	-0.129472
36.18	-0.130269
36.19	-0.131064
36.2	-0.131855
36.21	-0.132644
36.22	-0.13343
36.23	-0.134214
36.24	-0.134994
36.25	-0.135772
36.26	-0.136546
36.27	-0.137318
36.28	-0.138087
36.29	-0.138853
36.3	-0.139616
36.31	-0.140376
36.32	-0.141133
36.33	-0.141887
36.34	-0.142638
36.35	-0.143386
36.36	-0.144131
36.37	-0.144873
36.38	-0.145613
36.39	-0.146348
36.4	-0.147081
36.41	-0.147811
36.42	-0.148538
36.43	-0.149261
36.44	-0.149982
36.45	-0.150699
36.46	-0.151413
36.47	-0.152124
36.48	-0.152832
36.49	-0.153536
36.5	-0.154238
36.51	-0.154936
36.52	-0.155631
36.53	-0.156322
36.54	-0.157011
36.55	-0.157696
36.56	-0.158377
36.57	-0.159056
36.58	-0.159731
36.59	-0.160403
36.6	-0.161071
36.61	-0.161736
36.62	-0.162398
36.63	-0.163056
36.64	-0.163711
36.65	-0.164363
36.66	-0.165011
36.67	-0.165656
36.68	-0.166297
36.69	-0.166935
36.7	-0.167569
36.71	-0.1682
36.72	-0.168827
36.73	-0.169451
36.74	-0.170072
36.75	-0.170689
36.76	-0.171302
36.77	-0.171912
36.78	-0.172518
36.79	-0.17312
36.8	-0.17372
36.81	-0.174315
36.82	-0.174907
36.83	-0.175495
36.84	-0.17608
36.85	-0.176661
36.86	-0.177238
36.87	-0.177812
36.88	-0.178382
36.89	-0.178949
36.9	-0.179511
36.91	-0.18007
36.92	-0.180626
36.93	-0.181177
36.94	-0.181725
36.95	-0.182269
36.96	-0.18281
36.97	-0.183347
36.98	-0.183879
36.99	-0.184409
37	-0.184934
37.01	-0.185456
37.02	-0.185973
37.03	-0.186487
37.04	-0.186998
37.05	-0.187504
37.06	-0.188007
37.07	-0.188505
37.08	-0.189
37.09	-0.189491
37.1	-0.189978
37.11	-0.190461
37.12	-0.190941
37.13	-0.191416
37.14	-0.191888
37.15	-0.192355
37.16	-0.192819
37.17	-0.193279
37.18	-0.193735
37.19	-0.194187
37.2	-0.194635
37.21	-0.195079
37.22	-0.195519
37.23	-0.195955
37.24	-0.196387
37.25	-0.196816
37.26	-0.19724
37.27	-0.19766
37.28	-0.198076
37.29	-0.198488
37.3	-0.198896
37.31	-0.199301
37.32	-0.199701
37.33	-0.200097
37.34	-0.200489
37.35	-0.200877
37.36	-0.201261
37.37	-0.20164
37.38	-0.202016
37.39	-0.202388
37.4	-0.202755
37.41	-0.203119
37.42	-0.203478
37.43	-0.203834
37.44	-0.204185
37.45	-0.204532
37.46	-0.204875
37.47	-0.205214
37.48	-0.205549
37.49	-0.205879
37.5	-0.206206
37.51	-0.206528
37.52	-0.206846
37.53	-0.20716
37.54	-0.20747
37.55	-0.207775
37.56	-0.208077
37.57	-0.208374
37.58	-0.208667
37.59	-0.208956
37.6	-0.209241
37.61	-0.209522
37.62	-0.209798
37.63	-0.21007
37.64	-0.210338
37.65	-0.210602
37.66	-0.210861
37.67	-0.211117
37.68	-0.211368
37.69	-0.211614
37.7	-0.211857
37.71	-0.212095
37.72	-0.212329
37.73	-0.212559
37.74	-0.212785
37.75	-0.213006
37.76	-0.213223
37.77	-0.213436
37.78	-0.213645
37.79	-0.213849
37.8	-0.214049
37.81	-0.214245
37.82	-0.214436
37.83	-0.214624
37.84	-0.214807
37.85	-0.214985
37.86	-0.21516
37.87	-0.21533
37.88	-0.215495
37.89	-0.215657
37.9	-0.215814
37.91	-0.215967
37.92	-0.216116
37.93	-0.21626
37.94	-0.2164
37.95	-0.216535
37.96	-0.216667
37.97	-0.216794
37.98	-0.216917
37.99	-0.217035
38	-0.217149
38.01	-0.217259
38.02	-0.217364
38.03	-0.217465
38.04	-0.217562
38.05	-0.217654
38.06	-0.217743
38.07	-0.217826
38.08	-0.217906
38.09	-0.217981
38.1	-0.218052
38.11	-0.218118
38.12	-0.21818
38.13	-0.218238
38.14	-0.218291
38.15	-0.21834
38.16	-0.218385
38.17	-0.218426
38.18	-0.218462
38.19	-0.218493
38.2	-0.218521
38.21	-0.218544
38.22	-0.218562
38.23	-0.218577
38.24	-0.218587
38.25	-0.218592
38.26	-0.218594
38.27	-0.218591
38.28	-0.218583
38.29	-0.218572
38.3	-0.218555
38.31	-0.218535
38.32	-0.21851
38.33	-0.218481
38.34	-0.218448
38.35	-0.21841
38.36	-0.218368
38.37	-0.218321
38.38	-0.21827
38.39	-0.218215
38.4	-0.218156
38.41	-0.218092
38.42	-0.218024
38.43	-0.217951
38.44	-0.217874
38.45	-0.217793
38.46	-0.217708
38.47	-0.217618
38.48	-0.217524
38.49	-0.217425
38.5	-0.217322
38.51	-0.217215
38.52	-0.217104
38.53	-0.216988
38.54	-0.216868
38.55	-0.216743
38.56	-0.216615
38.57	-0.216481
38.58	-0.216344
38.59	-0.216202
38.6	-0.216056
38.61	-0.215906
38.62	-0.215751
38.63	-0.215593
38.64	-0.215429
38.65	-0.215262
38.66	-0.21509
38.67	-0.214914
38.68	-0.214734
38.69	-0.214549
38.7	-0.21436
38.71	-0.214167
38.72	-0.213969
38.73	-0.213768
38.74	-0.213562
38.75	-0.213351
38.76	-0.213137
38.77	-0.212918
38.78	-0.212695
38.79	-0.212467
38.8	-0.212236
38.81	-0.212
38.82	-0.21176
38.83	-0.211516
38.84	-0.211267
38.85	-0.211014
38.86	-0.210757
38.87	-0.210496
38.88	-0.210231
38.89	-0.209961
38.9	-0.209687
38.91	-0.209409
38.92	-0.209127
38.93	-0.208841
38.94	-0.20855
38.95	-0.208255
38.96	-0.207956
38.97	-0.207653
38.98	-0.207346
38.99	-0.207034
39	-0.206719
39.01	-0.206399
39.02	-0.206075
39.03	-0.205747
39.04	-0.205415
39.05	-0.205078
39.06	-0.204738
39.07	-0.204393
39.08	-0.204044
39.09	-0.203691
39.1	-0.203334
39.11	-0.202973
39.12	-0.202608
39.13	-0.202239
39.14	-0.201866
39.15	-0.201488
39.16	-0.201107
39.17	-0.200721
39.18	-0.200332
39.19	-0.199938
39.2	-0.19954
39.21	-0.199139
39.22	-0.198733
39.23	-0.198323
39.24	-0.197909
39.25	-0.197492
39.26	-0.19707
39.27	-0.196644
39.28	-0.196214
39.29	-0.19578
39.3	-0.195343
39.31	-0.194901
39.32	-0.194455
39.33	-0.194006
39.34	-0.193552
39.35	-0.193095
39.36	-0.192633
39.37	-0.192168
39.38	-0.191699
39.39	-0.191226
39.4	-0.190749
39.41	-0.190268
39.42	-0.189783
39.43	-0.189294
39.44	-0.188802
39.45	-0.188305
39.46	-0.187805
39.47	-0.187301
39.48	-0.186793
39.49	-0.186281
39.5	-0.185766
39.51	-0.185246
39.52	-0.184723
39.53	-0.184196
39.54	-0.183666
39.55	-0.183131
39.56	-0.182593
39.57	-0.182051
39.58	-0.181505
39.59	-0.180956
39.6	-0.180403
39.61	-0.179846
39.62	-0.179286
39.63	-0.178721
39.64	-0.178154
39.65	-0.177582
39.66	-0.177007
39.67	-0.176428
39.68	-0.175845
39.69	-0.175259
39.7	-0.17467
39.71	-0.174076
39.72	-0.173479
39.73	-0.172879
39.74	-0.172275
39.75	-0.171667
39.76	-0.171056
39.77	-0.170441
39.78	-0.169823
39.79	-0.169201
39.8	-0.168576
39.81	-0.167947
39.82	-0.167315
39.83	-0.166679
39.84	-0.16604
39.85	-0.165397
39.86	-0.164751
39.87	-0.164101
39.88	-0.163449
39.89	-0.162792
39.9	-0.162132
39.91	-0.161469
39.92	-0.160803
39.93	-0.160133
39.94	-0.15946
39.95	-0.158784
39.96	-0.158104
39.97	-0.157421
39.98	-0.156734
39.99	-0.156045
40	-0.155352
40.01	-0.154656
40.02	-0.153956
40.03	-0.153254
40.04	-0.152548
40.05	-0.151839
40.06	-0.151127
40.07	-0.150411
40.08	-0.149693
40.09	-0.148971
40.1	-0.148246
40.11	-0.147518
40.12	-0.146787
40.13	-0.146053
40.14	-0.145316
40.15	-0.144576
40.16	-0.143832
40.17	-0.143086
40.18	-0.142337
40.19	-0.141584
40.2	-0.140829
40.21	-0.140071
40.22	-0.13931
40.23	-0.138545
40.24	-0.137778
40.25	-0.137008
40.26	-0.136235
40.27	-0.135459
40.28	-0.134681
40.29	-0.133899
40.3	-0.133115
40.31	-0.132328
40.32	-0.131538
40.33	-0.130745
40.34	-0.129949
40.35	-0.129151
40.36	-0.12835
40.37	-0.127546
40.38	-0.12674
40.39	-0.12593
40.4	-0.125118
40.41	-0.124304
40.42	-0.123487
40.43	-0.122667
40.44	-0.121844
40.45	-0.121019
40.46	-0.120192
40.47	-0.119362
40.48	-0.118529
40.49	-0.117694
40.5	-0.116856
40.51	-0.116016
40.52	-0.115173
40.53	-0.114328
40.54	-0.11348
40.55	-0.11263
40.56	-0.111777
40.57	-0.110922
40.58	-0.110065
40.59	-0.109205
40.6	-0.108343
40.61	-0.107479
40.62	-0.106612
40.63	-0.105744
40.64	-0.104872
40.65	-0.103999
40.66	-0.103123
40.67	-0.102245
40.68	-0.101365
40.69	-0.100483
40.7	-0.0995985
40.71	-0.0987119
40.72	-0.0978232
40.73	-0.0969324
40.74	-0.0960395
40.75	-0.0951445
40.76	-0.0942474
40.77	-0.0933484
40.78	-0.0924473
40.79	-0.0915442
40.8	-0.0906391
40.81	-0.0897321
40.82	-0.0888231
40.83	-0.0879122
40.84	-0.0869994
40.85	-0.0860848
40.86	-0.0851682
40.87	-0.0842499
40.88	-0.0833296
40.89	-0.0824076
40.9	-0.0814838
40.91	-0.0805583
40.92	-0.079631
40.93	-0.0787019
40.94	-0.0777712
40.95	-0.0768387
40.96	-0.0759046
40.97	-0.0749689
40.98	-0.0740315
40.99	-0.0730925
41	-0.0721519
41.01	-0.0712098
41.02	-0.0702661
41.03	-0.0693208
41.04	-0.0683741
41.05	-0.0674259
41.06	-0.0664762
41.07	-0.065525
41.08	-0.0645724
41.09	-0.0636185
41.1	-0.0626631
41.11	-0.0617064
41.12	-0.0607483
41.13	-0.0597889
41.14	-0.0588282
41.15	-0.0578662
41.16	-0.0569029
41.17	-0.0559384
41.18	-0.0549727
41.19	-0.0540058
41.2	-0.0530377
41.21	-0.0520684
41.22	-0.051098
41.23	-0.0501265
41.24	-0.0491539
41.25	-0.0481802
41.26	-0.0472055
41.27	-0.0462297
41.28	-0.0452529
41.29	-0.0442751
41.3	-0.0432964
41.31	-0.0423167
41.32	-0.0413361
41.33	-0.0403545
41.34	-0.0393721
41.35	-0.0383889
41.36	-0.0374047
41.37	-0.0364198
41.38	-0.0354341
41.39	-0.0344476
41.4	-0.0334603
41.41	-0.0324723
41.42	-0.0314836
41.43	-0.0304942
41.44	-0.0295041
41.45	-0.0285134
41.46	-0.0275221
41.47	-0.0265301
41.48	-0.0255376
41.49	-0.0245445
41.5	-0.0235509
41.51	-0.0225567
41.52	-0.0215621
41.53	-0.020567
41.54	-0.0195714
41.55	-0.0185754
41.56	-0.017579
41.57	-0.0165822
41.58	-0.0155851
41.59	-0.0145876
41.6	-0.0135898
41.61	-0.0125916
41.62	-0.0115933
41.63	-0.0105946
41.64	-0.00959573
41.65	-0.00859664
41.66	-0.00759736
41.67	-0.00659792
41.68	-0.00559833
41.69	-0.00459862
41.7	-0.0035988
41.71	-0.00259891
41.72	-0.00159896
41.73	-0.000598971
41.74	0.000401028
41.75	0.00140102
41.76	0.00240098
41.77	0.00340088
41.78	0.00440072
41.79	0.00540045
41.8	0.00640007
41.81	0.00739954
41.82	0.00839886
41.83	0.00939799
41.84	0.0103969
41.85	0.0113956
41.86	0.012394
41.87	0.0133922
41.88	0.0143901
41.89	0.0153877
41.9	0.0163849
41.91	0.0173817
41.92	0.0183782
41.93	0.0193743
41.94	0.0203699
41.95	0.0213652
41.96	0.0223599
41.97	0.0233541
41.98	0.0243479
41.99	0.0253411
42	0.0263337
42.01	0.0273258
42.02	0.0283172
42.03	0.0293081
42.04	0.0302983
42.05	0.0312878
42.06	0.0322767
42.07	0.0332648
42.08	0.0342522
42.09	0.0352389
42.1	0.0362247
42.11	0.0372098
42.12	0.0381941
42.13	0.0391776
42.14	0.0401601
42.15	0.0411418
42.16	0.0421226
42.17	0.0431025
42.18	0.0440815
42.19	0.0450594
42.2	0.0460364
42.21	0.0470124
42.22	0.0479873
42.23	0.0489612
42.24	0.0499341
42.25	0.0509058
42.26	0.0518764
42.27	0.0528459
42.28	0.0538142
42.29	0.0547814
42.3	0.0557474
42.31	0.0567121
42.32	0.0576756
42.33	0.0586378
42.34	0.0595988
42.35	0.0605585
42.36	0.0615168
42.37	0.0624738
42.38	0.0634295
42.39	0.0643837
42.4	0.0653366
42.41	0.066288
42.42	0.067238
42.43	0.0681865
42.44	0.0691335
42.45	0.0700791
42.46	0.0710231
42.47	0.0719655
42.48	0.0729064
42.49	0.0738457
42.5	0.0747834
42.51	0.0757195
42.52	0.076654
42.53	0.0775867
42.54	0.0785178
42.55	0.0794472
42.56	0.0803749
42.57	0.0813008
42.58	0.0822249
42.59	0.0831473
42.6	0.0840679
42.61	0.0849866
42.62	0.0859035
42.63	0.0868185
42.64	0.0877317
42.65	0.088643
42.66	0.0895523
42.67	0.0904597
42.68	0.0913652
42.69	0.0922687
42.7	0.0931702
42.71	0.0940696
42.72	0.0949671
42.73	0.0958625
42.74	0.0967558
42.75	0.097647
42.76	0.0985362
42.77	0.0994232
42.78	0.100308
42.79	0.101191
42.8	0.102071
42.81	0.10295
42.82	0.103826
42.83	0.1047
42.84	0.105571
42.85	0.106441
42.86	0.107308
42.87	0.108172
42.88	0.109035
42.89	0.109895
42.9	0.110753
42.91	0.111608
42.92	0.112461
42.93	0.113312
42.94	0.11416
42.95	0.115006
42.96	0.115849
42.97	0.11669
42.98	0.117528
42.99	0.118364
43	0.119197
43.01	0.120028
43.02	0.120856
43.03	0.121681
43.04	0.122504
43.05	0.123325
43.06	0.124142
43.07	0.124957
43.08	0.12577
43.09	0.12658
43.1	0.127387
43.11	0.128191
43.12	0.128993
43.13	0.129791
43.14	0.130588
43.15	0.131381
43.16	0.132171
43.17	0.132959
43.18	0.133744
43.19	0.134526
43.2	0.135306
43.21	0.136082
43.22	0.136855
43.23	0.137626
43.24	0.138394
43.25	0.139158
43.26	0.13992
43.27	0.140679
43.28	0.141435
43.29	0.142188
43.3	0.142938
43.31	0.143685
43.32	0.144429
43.33	0.14517
43.34	0.145907
43.35	0.146642
43.36	0.147374
43.37	0.148102
43.38	0.148828
43.39	0.14955
43.4	0.150269
43.41	0.150985
43.42	0.151698
43.43	0.152408
43.44	0.153114
43.45	0.153817
43.46	0.154517
43.47	0.155214
43.48	0.155908
43.49	0.156598
43.5	0.157285
43.51	0.157969
43.52	0.158649
43.53	0.159326
43.54	0.16
43.55	0.160671
43.56	0.161338
43.57	0.162001
43.58	0.162662
43.59	0.163319
43.6	0.163972
43.61	0.164623
43.62	0.165269
43.63	0.165913
43.64	0.166553
43.65	0.167189
43.66	0.167822
43.67	0.168451
43.68	0.169077
43.69	0.1697
43.7	0.170319
43.71	0.170934
43.72	0.171546
43.73	0.172155
43.74	0.172759
43.75	0.173361
43.76	0.173958
43.77	0.174552
43.78	0.175143
43.79	0.17573
43.8	0.176313
43.81	0.176892
43.82	0.177468
43.83	0.178041
43.84	0.178609
43.85	0.179174
43.86	0.179735
43.87	0.180293
43.88	0.180847
43.89	0.181397
43.9	0.181943
43.91	0.182486
43.92	0.183025
43.93	0.18356
43.94	0.184092
43.95	0.184619
43.96	0.185143
43.97	0.185663
43.98	0.18618
43.99	0.186692
44	0.187201
44.01	0.187706
44.02	0.188207
44.03	0.188704
44.04	0.189197
44.05	0.189686
44.06	0.190172
44.07	0.190654
44.08	0.191131
44.09	0.191605
44.1	0.192075
44.11	0.192542
44.12	0.193004
44.13	0.193462
44.14	0.193916
44.15	0.194367
44.16	0.194813
44.17	0.195256
44.18	0.195694
44.19	0.196129
44.2	0.196559
44.21	0.196986
44.22	0.197408
44.23	0.197827
44.24	0.198242
44.25	0.198652
44.26	0.199059
44.27	0.199461
44.28	0.19986
44.29	0.200254
44.3	0.200644
44.31	0.201031
44.32	0.201413
44.33	0.201791
44.34	0.202165
44.35	0.202535
44.36	0.202901
44.37	0.203263
44.38	0.203621
44.39	0.203975
44.4	0.204324
44.41	0.20467
44.42	0.205011
44.43	0.205348
44.44	0.205681
44.45	0.20601
44.46	0.206335
44.47	0.206656
44.48	0.206972
44.49	0.207284
44.5	0.207593
44.51	0.207897
44.52	0.208196
44.53	0.208492
44.54	0.208784
44.55	0.209071
44.56	0.209354
44.57	0.209633
44.58	0.209907
44.59	0.210178
44.6	0.210444
44.61	0.210706
44.62	0.210964
44.63	0.211218
44.64	0.211467
44.65	0.211712
44.66	0.211953
44.67	0.21219
44.68	0.212422
44.69	0.21265
44.7	0.212874
44.71	0.213094
44.72	0.213309
44.73	0.21352
44.74	0.213727
44.75	0.21393
44.76	0.214128
44.77	0.214322
44.78	0.214512
44.79	0.214697
44.8	0.214879
44.81	0.215056
44.82	0.215228
44.83	0.215397
44.84	0.215561
44.85	0.21572
44.86	0.215876
44.87	0.216027
44.88	0.216174
44.89	0.216316
44.9	0.216455
44.91	0.216589
44.92	0.216718
44.93	0.216843
44.94	0.216964
44.95	0.217081
44.96	0.217193
44.97	0.217301
44.98	0.217405
44.99	0.217504
45	0.2176
45.01	0.21769
45.02	0.217777
45.03	0.217859
45.04	0.217936
45.05	0.21801
45.06	0.218079
45.07	0.218143
45.08	0.218204
45.09	0.21826
45.1	0.218312
45.11	0.218359
45.12	0.218402
45.13	0.218441
45.14	0.218475
45.15	0.218505
45.16	0.21853
45.17	0.218552
45.18	0.218569
45.19	0.218581
45.2	0.21859
45.21	0.218593
45.22	0.218593
45.23	0.218588
45.24	0.218579
45.25	0.218566
45.26	0.218548
45.27	0.218526
45.28	0.218499
45.29	0.218468
45.3	0.218433
45.31	0.218394
45.32	0.21835
45.33	0.218301
45.34	0.218249
45.35	0.218192
45.36	0.218131
45.37	0.218065
45.38	0.217995
45.39	0.217921
45.4	0.217842
45.41	0.217759
45.42	0.217672
45.43	0.217581
45.44	0.217485
45.45	0.217385
45.46	0.21728
45.47	0.217171
45.48	0.217058
45.49	0.21694
45.5	0.216818
45.51	0.216692
45.52	0.216562
45.53	0.216427
45.54	0.216288
45.55	0.216144
45.56	0.215997
45.57	0.215845
45.58	0.215688
45.59	0.215528
45.6	0.215363
45.61	0.215194
45.62	0.21502
45.63	0.214842
45.64	0.21466
45.65	0.214474
45.66	0.214283
45.67	0.214088
45.68	0.213889
45.69	0.213686
45.7	0.213478
45.71	0.213266
45.72	0.21305
45.73	0.212829
45.74	0.212604
45.75	0.212375
45.76	0.212142
45.77	0.211905
45.78	0.211663
45.79	0.211417
45.8	0.211167
45.81	0.210912
45.82	0.210653
45.83	0.210391
45.84	0.210123
45.85	0.209852
45.86	0.209577
45.87	0.209297
45.88	0.209013
45.89	0.208725
45.9	0.208433
45.91	0.208136
45.92	0.207835
45.93	0.207531
45.94	0.207222
45.95	0.206908
45.96	0.206591
45.97	0.20627
45.98	0.205944
45.99	0.205614
46	0.20528
46.01	0.204942
46.02	0.2046
46.03	0.204254
46.04	0.203904
46.05	0.203549
46.06	0.20319
46.07	0.202828
46.08	0.202461
46.09	0.20209
46.1	0.201715
46.11	0.201336
46.12	0.200953
46.13	0.200566
46.14	0.200175
46.15	0.199779
46.16	0.19938
46.17	0.198977
46.18	0.198569
46.19	0.198158
46.2	0.197743
46.21	0.197323
46.22	0.1969
46.23	0.196472
46.24	0.196041
46.25	0.195606
46.26	0.195166
46.27	0.194723
46.28	0.194276
46.29	0.193825
46.3	0.19337
46.31	0.192911
46.32	0.192448
46.33	0.191981
46.34	0.19151
46.35	0.191035
46.36	0.190557
46.37	0.190074
46.38	0.189588
46.39	0.189098
46.4	0.188603
46.41	0.188106
46.42	0.187604
46.43	0.187098
46.44	0.186589
46.45	0.186075
46.46	0.185558
46.47	0.185038
46.48	0.184513
46.49	0.183985
46.5	0.183452
46.51	0.182916
46.52	0.182377
46.53	0.181833
46.54	0.181286
46.55	0.180735
46.56	0.180181
46.57	0.179622
46.58	0.17906
46.59	0.178495
46.6	0.177925
46.61	0.177352
46.62	0.176776
46.63	0.176195
46.64	0.175611
46.65	0.175024
46.66	0.174433
46.67	0.173838
46.68	0.173239
46.69	0.172637
46.7	0.172032
46.71	0.171423
46.72	0.17081
46.73	0.170194
46.74	0.169574
46.75	0.168951
46.76	0.168324
46.77	0.167694
46.78	0.167061
46.79	0.166424
46.8	0.165783
46.81	0.165139
46.82	0.164491
46.83	0.163841
46.84	0.163186
46.85	0.162529
46.86	0.161868
46.87	0.161203
46.88	0.160535
46.89	0.159864
46.9	0.15919
46.91	0.158512
46.92	0.157831
46.93	0.157146
46.94	0.156459
46.95	0.155768
46.96	0.155074
46.97	0.154376
46.98	0.153675
46.99	0.152971
47	0.152264
47.01	0.151554
47.02	0.150841
47.03	0.150124
47.04	0.149404
47.05	0.148681
47.06	0.147955
47.07	0.147226
47.08	0.146494
47.09	0.145758
47.1	0.14502
47.11	0.144279
47.12	0.143534
47.13	0.142787
47.14	0.142036
47.15	0.141282
47.16	0.140526
47.17	0.139766
47.18	0.139004
47.19	0.138239
47.2	0.13747
47.21	0.136699
47.22	0.135925
47.23	0.135148
47.24	0.134368
47.25	0.133586
47.26	0.1328
47.27	0.132012
47.28	0.131221
47.29	0.130427
47.3	0.12963
47.31	0.128831
47.32	0.128029
47.33	0.127224
47.34	0.126416
47.35	0.125606
47.36	0.124793
47.37	0.123977
47.38	0.123159
47.39	0.122338
47.4	0.121515
47.41	0.120689
47.42	0.11986
47.43	0.119029
47.44	0.118195
47.45	0.117359
47.46	0.11652
47.47	0.115679
47.48	0.114835
47.49	0.113989
47.5	0.11314
47.51	0.112289
47.52	0.111435
47.53	0.11058
47.54	0.109721
47.55	0.108861
47.56	0.107998
47.57	0.107133
47.58	0.106265
47.59	0.105395
47.6	0.104523
47.61	0.103649
47.62	0.102772
47.63	0.101893
47.64	0.101012
47.65	0.100129
47.66	0.099244
47.67	0.0983565
47.68	0.097467
47.69	0.0965753
47.7	0.0956816
47.71	0.0947857
47.72	0.0938879
47.73	0.092988
47.74	0.0920861
47.75	0.0911822
47.76	0.0902764
47.77	0.0893686
47.78	0.0884588
47.79	0.0875472
47.8	0.0866336
47.81	0.0857182
47.82	0.0848009
47.83	0.0838818
47.84	0.0829609
47.85	0.0820382
47.86	0.0811137
47.87	0.0801874
47.88	0.0792594
47.89	0.0783297
47.9	0.0773982
47.91	0.0764651
47.92	0.0755304
47.93	0.0745939
47.94	0.0736559
47.95	0.0727163
47.96	0.0717751
47.97	0.0708323
47.98	0.069888
47.99	0.0689421
48	0.0679948
48.01	0.067046
48.02	0.0660957
48.03	0.065144
48.04	0.0641908
48.05	0.0632363
48.06	0.0622804
48.07	0.0613231
48.08	0.0603645
48.09	0.0594046
48.1	0.0584434
48.11	0.0574809
48.12	0.0565171
48.13	0.0555521
48.14	0.0545859
48.15	0.0536185
48.16	0.0526499
48.17	0.0516802
48.18	0.0507094
48.19	0.0497374
48.2	0.0487644
48.21	0.0477903
48.22	0.0468151
48.23	0.0458389
48.24	0.0448617
48.25	0.0438836
48.26	0.0429044
48.27	0.0419244
48.28	0.0409434
48.29	0.0399615
48.3	0.0389787
48.31	0.0379951
48.32	0.0370107
48.33	0.0360254
48.34	0.0350394
48.35	0.0340526
48.36	0.033065
48.37	0.0320767
48.38	0.0310877
48.39	0.0300981
48.4	0.0291077
48.41	0.0281168
48.42	0.0271252
48.43	0.026133
48.44	0.0251403
48.45	0.0241469
48.46	0.0231531
48.47	0.0221588
48.48	0.0211639
48.49	0.0201686
48.5	0.0191729
48.51	0.0181767
48.52	0.0171802
48.53	0.0161832
48.54	0.0151859
48.55	0.0141883
48.56	0.0131904
48.57	0.0121922
48.58	0.0111937
48.59	0.0101949
48.6	0.00919595
48.61	0.00819678
48.62	0.00719743
48.63	0.00619793
48.64	0.00519829
48.65	0.00419853
48.66	0.00319868
48.67	0.00219876
48.68	0.00119879
48.69	0.0001988
48.7	-0.000801198
48.71	-0.00180118
48.72	-0.00280112
48.73	-0.003801
48.74	-0.00480079
48.75	-0.00580048
48.76	-0.00680005
48.77	-0.00779946
48.78	-0.0087987
48.79	-0.00979775
48.8	-0.0107966
48.81	-0.0117952
48.82	-0.0127935
48.83	-0.0137916
48.84	-0.0147893
48.85	-0.0157868
48.86	-0.0167838
48.87	-0.0177805
48.88	-0.0187769
48.89	-0.0197728
48.9	-0.0207683
48.91	-0.0217633
48.92	-0.0227578
48.93	-0.0237519
48.94	-0.0247454
48.95	-0.0257384
48.96	-0.0267308
48.97	-0.0277226
48.98	-0.0287138
48.99	-0.0297044
49	-0.0306943
49.01	-0.0316836
49.02	-0.0326722
49.03	-0.03366
49.04	-0.0346471
49.05	-0.0356335
49.06	-0.0366191
49.07	-0.0376038
49.08	-0.0385878
49.09	-0.0395709
49.1	-0.0405531
49.11	-0.0415344
49.12	-0.0425149
49.13	-0.0434944
49.14	-0.0444729
49.15	-0.0454505
49.16	-0.0464271
49.17	-0.0474027
49.18	-0.0483772
49.19	-0.0493507
49.2	-0.0503231
49.21	-0.0512943
49.22	-0.0522645
49.23	-0.0532335
49.24	-0.0542014
49.25	-0.0551681
49.26	-0.0561336
49.27	-0.0570978
49.28	-0.0580608
49.29	-0.0590225
49.3	-0.059983
49.31	-0.0609421
49.32	-0.0618999
49.33	-0.0628564
49.34	-0.0638115
49.35	-0.0647652
49.36	-0.0657175
49.37	-0.0666683
49.38	-0.0676177
49.39	-0.0685657
49.4	-0.0695121
49.41	-0.070457
49.42	-0.0714004
49.43	-0.0723422
49.44	-0.0732825
49.45	-0.0742212
49.46	-0.0751582
49.47	-0.0760937
49.48	-0.0770274
49.49	-0.0779595
49.5	-0.0788899
49.51	-0.0798186
49.52	-0.0807456
49.53	-0.0816708
49.54	-0.0825942
49.55	-0.0835159
49.56	-0.0844357
49.57	-0.0853537
49.58	-0.0862699
49.59	-0.0871842
49.6	-0.0880966
49.61	-0.0890071
49.62	-0.0899157
49.63	-0.0908223
49.64	-0.091727
49.65	-0.0926297
49.66	-0.0935303
49.67	-0.094429
49.68	-0.0953256
49.69	-0.0962202
49.7	-0.0971127
49.71	-0.0980031
49.72	-0.0988914
49.73	-0.0997775
49.74	-0.100662
49.75	-0.101543
49.76	-0.102423
49.77	-0.1033
49.78	-0.104176
49.79	-0.105049
49.8	-0.105919
49.81	-0.106788
49.82	-0.107654
49.83	-0.108518
49.84	-0.109379
49.85	-0.110239
49.86	-0.111095
49.87	-0.11195
49.88	-0.112802
49.89	-0.113651
49.9	-0.114499
49.91	-0.115343
49.92	-0.116186
49.93	-0.117025
49.94	-0.117863
49.95	-0.118697
49.96	-0.11953
49.97	-0.120359
49.98	-0.121186
49.99	-0.122011
50	-0.122833
