0	0
0.1	0.00999719
0.2	0.0199733
0.3	0.0299064
0.4	0.0397748
0.5	0.049557
0.6	0.0592316
0.7	0.0687778
0.8	0.0781751
0.9	0.0874035
1	0.0964435
1.1	0.105276
1.2	0.113884
1.3	0.122248
1.4	0.130352
1.5	0.13818
1.6	0.145717
1.7	0.152947
1.8	0.159858
1.9	0.166436
2	0.172669
2.1	0.178545
2.2	0.184055
2.3	0.189187
2.4	0.193934
2.5	0.198288
2.6	0.20224
2.7	0.205784
2.8	0.208914
2.9	0.211626
3	0.213914
3.1	0.215775
3.2	0.217207
3.3	0.218206
3.4	0.218771
3.5	0.218902
3.6	0.218597
3.7	0.217858
3.8	0.216686
3.9	0.215082
4	0.213049
4.1	0.21059
4.2	0.207709
4.3	0.20441
4.4	0.2007
4.5	0.196584
4.6	0.192069
4.7	0.187163
4.8	0.181874
4.9	0.176211
5	0.170185
5.1	0.163806
5.2	0.157085
5.3	0.150036
5.4	0.142672
5.5	0.135006
5.6	0.127054
5.7	0.118831
5.8	0.110353
5.9	0.101638
6	0.092704
6.1	0.0835688
6.2	0.0742518
6.3	0.0647727
6.4	0.0551517
6.5	0.0454094
6.6	0.0355669
6.7	0.0256457
6.8	0.0156674
6.9	0.00565392
7	-0.00437281
7.1	-0.0143907
7.2	-0.0243779
7.3	-0.0343123
7.4	-0.0441722
7.5	-0.0539362
7.6	-0.0635832
7.7	-0.0730923
7.8	-0.0824431
7.9	-0.091616
8	-0.100592
8.1	-0.109351
8.2	-0.117877
8.3	-0.126152
8.4	-0.134158
8.5	-0.141881
8.6	-0.149305
8.7	-0.156417
8.8	-0.163202
8.9	-0.169647
9	-0.175742
9.1	-0.181475
9.2	-0.186835
9.3	-0.191814
9.4	-0.196402
9.5	-0.200593
9.6	-0.204378
9.7	-0.207752
9.8	-0.210709
9.9	-0.213243
10	-0.215352
10.1	-0.217032
10.2	-0.218279
10.3	-0.219093
10.4	-0.219471
10.5	-0.219413
10.6	-0.218919
10.7	-0.21799
10.8	-0.216627
10.9	-0.214833
11	-0.21261
11.1	-0.209961
11.2	-0.206891
11.3	-0.203406
11.4	-0.199509
11.5	-0.195209
11.6	-0.190512
11.7	-0.185426
11.8	-0.179961
11.9	-0.174125
12	-0.167928
12.1	-0.161383
12.2	-0.154502
12.3	-0.147296
12.4	-0.13978
12.5	-0.131968
12.6	-0.123876
12.7	-0.115519
12.8	-0.106914
12.9	-0.0980792
13	-0.089032
13.1	-0.0797916
13.2	-0.0703774
13.3	-0.0608092
13.4	-0.0511077
13.5	-0.0412938
13.6	-0.0313886
13.7	-0.0214139
13.8	-0.0113914
13.9	-0.00134322
14	0.00870866
14.1	0.0187421
14.2	0.0287351
14.3	0.0386658
14.4	0.0485124
14.5	0.0582535
14.6	0.0678682
14.7	0.0773357
14.8	0.0866359
14.9	0.0957491
15	0.104656
15.1	0.113339
15.2	0.12178
15.3	0.129961
15.4	0.137867
15.5	0.145482
15.6	0.152792
15.7	0.159781
15.8	0.166438
15.9	0.172749
16	0.178704
16.1	0.184291
16.2	0.189501
16.3	0.194325
16.4	0.198754
16.5	0.202781
16.6	0.206398
16.7	0.209601
16.8	0.212384
16.9	0.214741
17	0.216671
17.1	0.218168
17.2	0.219232
17.3	0.219859
17.4	0.22005
17.5	0.219804
17.6	0.219121
17.7	0.218002
17.8	0.216449
17.9	0.214464
18	0.212051
18.1	0.209213
18.2	0.205955
18.3	0.202282
18.4	0.1982
18.5	0.193715
18.6	0.188837
18.7	0.183572
18.8	0.17793
18.9	0.17192
19	0.165555
19.1	0.158844
19.2	0.151802
19.3	0.14444
19.4	0.136773
19.5	0.128815
19.6	0.120584
19.7	0.112094
19.8	0.103363
19.9	0.0944083
20	0.0852495
20.1	0.0759052
20.2	0.0663951
20.3	0.0567397
20.4	0.0469596
20.5	0.0370759
20.6	0.0271103
20.7	0.0170845
20.8	0.00702052
20.9	-0.00305959
21	-0.0131336
21.1	-0.0231794
21.2	-0.0331749
21.3	-0.0430982
21.4	-0.0529277
21.5	-0.0626421
21.6	-0.0722204
21.7	-0.0816421
21.8	-0.0908873
21.9	-0.0999365
22	-0.108771
22.1	-0.117372
22.2	-0.125723
22.3	-0.133807
22.4	-0.141608
22.5	-0.14911
22.6	-0.156299
22.7	-0.163162
22.8	-0.169686
22.9	-0.175858
23	-0.181668
23.1	-0.187105
23.2	-0.19216
23.3	-0.196824
23.4	-0.201088
23.5	-0.204946
23.6	-0.208392
23.7	-0.211419
23.8	-0.214023
23.9	-0.216199
24	-0.217944
24.1	-0.219254
24.2	-0.220129
24.3	-0.220566
24.4	-0.220565
24.5	-0.220126
24.6	-0.219248
24.7	-0.217935
24.8	-0.216186
24.9	-0.214006
25	-0.211398
25.1	-0.208365
25.2	-0.204912
25.3	-0.201046
25.4	-0.196773
25.5	-0.192099
25.6	-0.187032
25.7	-0.181582
25.8	-0.175757
25.9	-0.169568
26	-0.163027
26.1	-0.156145
26.2	-0.148935
26.3	-0.14141
26.4	-0.133586
26.5	-0.125477
26.6	-0.117099
26.7	-0.10847
26.8	-0.0996066
26.9	-0.0905274
27	-0.0812511
27.1	-0.0717975
27.2	-0.0621866
27.3	-0.052439
27.4	-0.0425758
27.5	-0.0326184
27.6	-0.0225887
27.7	-0.0125085
27.8	-0.00240015
27.9	0.00771413
28	0.0178121
28.1	0.0278714
28.2	0.0378701
28.3	0.0477863
28.4	0.0575983
28.5	0.0672849
28.6	0.0768253
28.7	0.0861992
28.8	0.0953867
28.9	0.104369
29	0.113126
29.1	0.121642
29.2	0.129899
29.3	0.13788
29.4	0.145569
29.5	0.152953
29.6	0.160016
29.7	0.166745
29.8	0.173129
29.9	0.179155
30	0.184812
30.1	0.190091
30.2	0.194982
30.3	0.199478
30.4	0.203569
30.5	0.20725
30.6	0.210514
30.7	0.213357
30.8	0.215772
30.9	0.217757
31	0.219307
31.1	0.220422
31.2	0.221098
31.3	0.221334
31.4	0.22113
31.5	0.220487
31.6	0.219405
31.7	0.217885
31.8	0.21593
31.9	0.213543
32	0.210727
32.1	0.207487
32.2	0.203828
32.3	0.199756
32.4	0.195278
32.5	0.190401
32.6	0.185133
32.7	0.179483
32.8	0.173461
32.9	0.167079
33	0.160347
33.1	0.153277
33.2	0.145884
33.3	0.138181
33.4	0.130184
33.5	0.121907
33.6	0.113368
33.7	0.104583
33.8	0.0955709
33.9	0.0863504
34	0.0769408
34.1	0.0673619
34.2	0.0576344
34.3	0.0477792
34.4	0.0378179
34.5	0.0277723
34.6	0.0176643
34.7	0.00751643
34.8	-0.002649
34.9	-0.0128095
35	-0.0229425
35.1	-0.0330258
35.2	-0.0430371
35.3	-0.0529544
35.4	-0.0627563
35.5	-0.0724215
35.6	-0.0819293
35.7	-0.0912594
35.8	-0.100392
35.9	-0.109309
36	-0.117991
36.1	-0.12642
36.2	-0.134581
36.3	-0.142456
36.4	-0.150031
36.5	-0.157291
36.6	-0.164222
36.7	-0.170812
36.8	-0.177047
36.9	-0.182918
37	-0.188414
37.1	-0.193525
37.2	-0.198242
37.3	-0.202558
37.4	-0.206464
37.5	-0.209955
37.6	-0.213025
37.7	-0.215668
37.8	-0.217881
37.9	-0.21966
38	-0.221002
38.1	-0.221904
38.2	-0.222365
38.3	-0.222385
38.4	-0.221962
38.5	-0.221098
38.6	-0.219793
38.7	-0.218049
38.8	-0.215869
38.9	-0.213256
39	-0.210214
39.1	-0.206748
39.2	-0.202862
39.3	-0.198564
39.4	-0.19386
39.5	-0.188757
39.6	-0.183265
39.7	-0.177393
39.8	-0.17115
39.9	-0.164549
40	-0.157601
40.1	-0.150319
40.2	-0.142717
40.3	-0.134808
40.4	-0.126609
40.5	-0.118136
40.6	-0.109406
40.7	-0.100436
40.8	-0.0912456
40.9	-0.0818534
41	-0.0722795
41.1	-0.0625443
41.2	-0.052669
41.3	-0.0426752
41.4	-0.0325846
41.5	-0.0224197
41.6	-0.012203
41.7	-0.00195717
41.8	0.0082949
41.9	0.0185304
42	0.0287265
42.1	0.0388606
42.2	0.0489103
42.3	0.0588534
42.4	0.0686683
42.5	0.0783337
42.6	0.0878288
42.7	0.0971334
42.8	0.106228
42.9	0.115094
43	0.123713
43.1	0.132067
43.2	0.14014
43.3	0.147917
43.4	0.155381
43.5	0.16252
43.6	0.16932
43.7	0.175768
43.8	0.181853
43.9	0.187564
44	0.192892
44.1	0.197826
44.2	0.202359
44.3	0.206483
44.4	0.210192
44.5	0.213479
44.6	0.216339
44.7	0.218768
44.8	0.220761
44.9	0.222315
45	0.223428
45.1	0.224098
45.2	0.224323
45.3	0.224104
45.4	0.22344
45.5	0.222331
45.6	0.22078
45.7	0.218788
45.8	0.216358
45.9	0.213493
46	0.210198
46.1	0.206478
46.2	0.202338
46.3	0.197784
46.4	0.192824
46.5	0.187466
46.6	0.181718
46.7	0.175591
46.8	0.169094
46.9	0.16224
47	0.155041
47.1	0.147509
47.2	0.139659
47.3	0.131506
47.4	0.123065
47.5	0.114354
47.6	0.105389
47.7	0.0961897
47.8	0.0867745
47.9	0.0771634
48	0.0673768
48.1	0.0574358
48.2	0.0473621
48.3	0.0371779
48.4	0.0269056
48.5	0.0165683
48.6	0.00618911
48.7	-0.0042087
48.8	-0.0146017
48.9	-0.0249664
49	-0.0352796
49.1	-0.0455181
49.2	-0.0556591
49.3	-0.0656799
49.4	-0.0755585
49.5	-0.0852734
49.6	-0.0948034
49.7	-0.104128
49.8	-0.113228
49.9	-0.122084
50	-0.130679
