-20	-2.75401
-19.9905	-2.81805
-19.981	-2.88183
-19.9715	-2.94536
-19.962	-3.00862
-19.9525	-3.0716
-19.943	-3.13431
-19.9335	-3.19674
-19.924	-3.25887
-19.9145	-3.32072
-19.905	-3.38226
-19.8955	-3.4435
-19.886	-3.50443
-19.8765	-3.56504
-19.867	-3.62533
-19.8575	-3.68529
-19.848	-3.74492
-19.8385	-3.80421
-19.829	-3.86316
-19.8195	-3.92176
-19.81	-3.98001
-19.8005	-4.03789
-19.791	-4.09542
-19.7815	-4.15257
-19.772	-4.20935
-19.7625	-4.26575
-19.753	-4.32176
-19.7435	-4.37738
-19.734	-4.43261
-19.7245	-4.48744
-19.715	-4.54186
-19.7055	-4.59587
-19.696	-4.64947
-19.6865	-4.70265
-19.677	-4.75541
-19.6675	-4.80773
-19.658	-4.85962
-19.6485	-4.91108
-19.639	-4.96208
-19.6295	-5.01265
-19.62	-5.06276
-19.6105	-5.11241
-19.601	-5.1616
-19.5915	-5.21032
-19.582	-5.25858
-19.5725	-5.30636
-19.563	-5.35366
-19.5535	-5.40048
-19.544	-5.44681
-19.5345	-5.49265
-19.525	-5.53799
-19.5155	-5.58284
-19.506	-5.62718
-19.4965	-5.67101
-19.487	-5.71433
-19.4775	-5.75713
-19.468	-5.79942
-19.4585	-5.84118
-19.449	-5.88242
-19.4395	-5.92312
-19.43	-5.96329
-19.4205	-6.00292
-19.411	-6.04201
-19.4015	-6.08055
-19.392	-6.11855
-19.3825	-6.15599
-19.373	-6.19288
-19.3635	-6.22921
-19.354	-6.26497
-19.3445	-6.30017
-19.335	-6.3348
-19.3255	-6.36886
-19.316	-6.40235
-19.3065	-6.43526
-19.297	-6.46759
-19.2875	-6.49933
-19.278	-6.53049
-19.2685	-6.56105
-19.259	-6.59103
-19.2495	-6.62041
-19.24	-6.64919
-19.2305	-6.67737
-19.221	-6.70496
-19.2115	-6.73193
-19.202	-6.7583
-19.1925	-6.78406
-19.183	-6.8092
-19.1735	-6.83373
-19.164	-6.85765
-19.1545	-6.88094
-19.145	-6.90362
-19.1355	-6.92567
-19.126	-6.94709
-19.1165	-6.96789
-19.107	-6.98806
-19.0975	-7.0076
-19.088	-7.02651
-19.0785	-7.04478
-19.069	-7.06242
-19.0595	-7.07942
-19.05	-7.09578
-19.0405	-7.1115
-19.031	-7.12658
-19.0215	-7.14102
-19.012	-7.15481
-19.0025	-7.16795
-18.993	-7.18045
-18.9835	-7.1923
-18.974	-7.2035
-18.9645	-7.21406
-18.955	-7.22396
-18.9455	-7.2332
-18.936	-7.2418
-18.9265	-7.24974
-18.917	-7.25703
-18.9075	-7.26366
-18.898	-7.26964
-18.8885	-7.27496
-18.879	-7.27963
-18.8695	-7.28363
-18.86	-7.28698
-18.8505	-7.28968
-18.841	-7.29171
-18.8315	-7.29309
-18.822	-7.29381
-18.8125	-7.29387
-18.803	-7.29327
-18.7935	-7.29201
-18.784	-7.2901
-18.7745	-7.28752
-18.765	-7.28429
-18.7555	-7.28041
-18.746	-7.27586
-18.7365	-7.27066
-18.727	-7.2648
-18.7175	-7.25829
-18.708	-7.25112
-18.6985	-7.2433
-18.689	-7.23482
-18.6795	-7.2257
-18.67	-7.21591
-18.6605	-7.20548
-18.651	-7.1944
-18.6415	-7.18267
-18.632	-7.17029
-18.6225	-7.15726
-18.613	-7.14359
-18.6035	-7.12927
-18.594	-7.11431
-18.5845	-7.0987
-18.575	-7.08246
-18.5655	-7.06558
-18.556	-7.04806
-18.5465	-7.0299
-18.537	-7.01111
-18.5275	-6.99168
-18.518	-6.97163
-18.5085	-6.95094
-18.499	-6.92963
-18.4895	-6.9077
-18.48	-6.88513
-18.4705	-6.86195
-18.461	-6.83815
-18.4515	-6.81373
-18.442	-6.7887
-18.4325	-6.76305
-18.423	-6.7368
-18.4135	-6.70993
-18.404	-6.68246
-18.3945	-6.65439
-18.385	-6.62572
-18.3755	-6.59645
-18.366	-6.56658
-18.3565	-6.53612
-18.347	-6.50507
-18.3375	-6.47343
-18.328	-6.44121
-18.3185	-6.40841
-18.309	-6.37503
-18.2995	-6.34108
-18.29	-6.30655
-18.2805	-6.27145
-18.271	-6.23579
-18.2615	-6.19956
-18.252	-6.16278
-18.2425	-6.12544
-18.233	-6.08754
-18.2235	-6.0491
-18.214	-6.01011
-18.2045	-5.97058
-18.195	-5.93051
-18.1855	-5.8899
-18.176	-5.84876
-18.1665	-5.8071
-18.157	-5.76491
-18.1475	-5.7222
-18.138	-5.67897
-18.1285	-5.63523
-18.119	-5.59098
-18.1095	-5.54623
-18.1	-5.50098
-18.0905	-5.45523
-18.081	-5.40899
-18.0715	-5.36226
-18.062	-5.31505
-18.0525	-5.26735
-18.043	-5.21918
-18.0335	-5.17055
-18.024	-5.12144
-18.0145	-5.07187
-18.005	-5.02184
-17.9955	-4.97137
-17.986	-4.92044
-17.9765	-4.86907
-17.967	-4.81725
-17.9575	-4.76501
-17.948	-4.71233
-17.9385	-4.65923
-17.929	-4.60571
-17.9195	-4.55177
-17.91	-4.49742
-17.9005	-4.44267
-17.891	-4.38751
-17.8815	-4.33196
-17.872	-4.27602
-17.8625	-4.21969
-17.853	-4.16298
-17.8435	-4.1059
-17.834	-4.04844
-17.8245	-3.99062
-17.815	-3.93244
-17.8055	-3.8739
-17.796	-3.81502
-17.7865	-3.75579
-17.777	-3.69622
-17.7675	-3.63632
-17.758	-3.57609
-17.7485	-3.51554
-17.739	-3.45467
-17.7295	-3.39348
-17.72	-3.332
-17.7105	-3.27021
-17.701	-3.20812
-17.6915	-3.14575
-17.682	-3.08309
-17.6725	-3.02015
-17.663	-2.95695
-17.6535	-2.89347
-17.644	-2.82973
-17.6345	-2.76574
-17.625	-2.7015
-17.6155	-2.63702
-17.606	-2.57229
-17.5965	-2.50734
-17.587	-2.44216
-17.5775	-2.37675
-17.568	-2.31114
-17.5585	-2.24531
-17.549	-2.17928
-17.5395	-2.11306
-17.53	-2.04664
-17.5205	-1.98005
-17.511	-1.91327
-17.5015	-1.84632
-17.492	-1.7792
-17.4825	-1.71192
-17.473	-1.64449
-17.4635	-1.5769
-17.454	-1.50918
-17.4445	-1.44132
-17.435	-1.37333
-17.4255	-1.30522
-17.416	-1.23699
-17.4065	-1.16864
-17.397	-1.10019
-17.3875	-1.03165
-17.378	-0.963005
-17.3685	-0.894276
-17.359	-0.825468
-17.3495	-0.756584
-17.34	-0.687633
-17.3305	-0.618619
-17.321	-0.54955
-17.3115	-0.480431
-17.302	-0.411268
-17.2925	-0.342069
-17.283	-0.272838
-17.2735	-0.203583
-17.264	-0.13431
-17.2545	-0.0650244
-17.245	0.00426695
-17.2355	0.0735579
-17.226	0.142842
-17.2165	0.212114
-17.207	0.281366
-17.1975	0.350593
-17.188	0.419788
-17.1785	0.488946
-17.169	0.558059
-17.1595	0.627122
-17.15	0.696128
-17.1405	0.765072
-17.131	0.833946
-17.1215	0.902745
-17.112	0.971463
-17.1025	1.04009
-17.093	1.10863
-17.0835	1.17707
-17.074	1.2454
-17.0645	1.31361
-17.055	1.38171
-17.0455	1.44969
-17.036	1.51753
-17.0265	1.58524
-17.017	1.6528
-17.0075	1.72021
-16.998	1.78747
-16.9885	1.85457
-16.979	1.9215
-16.9695	1.98826
-16.96	2.05483
-16.9505	2.12123
-16.941	2.18743
-16.9315	2.25343
-16.922	2.31923
-16.9125	2.38482
-16.903	2.4502
-16.8935	2.51535
-16.884	2.58028
-16.8745	2.64497
-16.865	2.70943
-16.8555	2.77364
-16.846	2.8376
-16.8365	2.9013
-16.827	2.96475
-16.8175	3.02792
-16.808	3.09082
-16.7985	3.15345
-16.789	3.21578
-16.7795	3.27783
-16.77	3.33958
-16.7605	3.40104
-16.751	3.46218
-16.7415	3.52301
-16.732	3.58352
-16.7225	3.64371
-16.713	3.70358
-16.7035	3.7631
-16.694	3.82229
-16.6845	3.88113
-16.675	3.93963
-16.6655	3.99776
-16.656	4.05554
-16.6465	4.11295
-16.637	4.16999
-16.6275	4.22665
-16.618	4.28293
-16.6085	4.33882
-16.599	4.39433
-16.5895	4.44943
-16.58	4.50414
-16.5705	4.55844
-16.561	4.61232
-16.5515	4.66579
-16.542	4.71884
-16.5325	4.77147
-16.523	4.82366
-16.5135	4.87542
-16.504	4.92673
-16.4945	4.97761
-16.485	5.02803
-16.4755	5.078
-16.466	5.12751
-16.4565	5.17656
-16.447	5.22514
-16.4375	5.27325
-16.428	5.32089
-16.4185	5.36804
-16.409	5.41471
-16.3995	5.46089
-16.39	5.50658
-16.3805	5.55177
-16.371	5.59646
-16.3615	5.64065
-16.352	5.68432
-16.3425	5.72748
-16.333	5.77013
-16.3235	5.81226
-16.314	5.85386
-16.3045	5.89493
-16.295	5.93547
-16.2855	5.97547
-16.276	6.01494
-16.2665	6.05386
-16.257	6.09224
-16.2475	6.13006
-16.238	6.16734
-16.2285	6.20405
-16.219	6.24021
-16.2095	6.2758
-16.2	6.31083
-16.1905	6.34529
-16.181	6.37917
-16.1715	6.41248
-16.162	6.44521
-16.1525	6.47736
-16.143	6.50893
-16.1335	6.5399
-16.124	6.57029
-16.1145	6.60008
-16.105	6.62928
-16.0955	6.65788
-16.086	6.68588
-16.0765	6.71328
-16.067	6.74006
-16.0575	6.76625
-16.048	6.79182
-16.0385	6.81677
-16.029	6.84112
-16.0195	6.86484
-16.01	6.88795
-16.0005	6.91043
-15.991	6.93229
-15.9815	6.95353
-15.972	6.97413
-15.9625	6.99411
-15.953	7.01346
-15.9435	7.03217
-15.934	7.05025
-15.9245	7.06769
-15.915	7.0845
-15.9055	7.10066
-15.896	7.11619
-15.8865	7.13107
-15.877	7.14531
-15.8675	7.1589
-15.858	7.17185
-15.8485	7.18415
-15.839	7.1958
-15.8295	7.2068
-15.82	7.21715
-15.8105	7.22686
-15.801	7.2359
-15.7915	7.2443
-15.782	7.25204
-15.7725	7.25913
-15.763	7.26556
-15.7535	7.27134
-15.744	7.27646
-15.7345	7.28092
-15.725	7.28473
-15.7155	7.28788
-15.706	7.29037
-15.6965	7.2922
-15.687	7.29338
-15.6775	7.29389
-15.668	7.29375
-15.6585	7.29295
-15.649	7.2915
-15.6395	7.28938
-15.63	7.28661
-15.6205	7.28317
-15.611	7.27909
-15.6015	7.27434
-15.592	7.26894
-15.5825	7.26288
-15.573	7.25617
-15.5635	7.2488
-15.554	7.24078
-15.5445	7.2321
-15.535	7.22277
-15.5255	7.21279
-15.516	7.20216
-15.5065	7.19088
-15.497	7.17895
-15.4875	7.16637
-15.478	7.15314
-15.4685	7.13927
-15.459	7.12476
-15.4495	7.1096
-15.44	7.0938
-15.4305	7.07736
-15.421	7.06028
-15.4115	7.04257
-15.402	7.02422
-15.3925	7.00523
-15.383	6.98561
-15.3735	6.96537
-15.364	6.94449
-15.3545	6.92299
-15.345	6.90086
-15.3355	6.87811
-15.326	6.85473
-15.3165	6.83074
-15.307	6.80614
-15.2975	6.78092
-15.288	6.75508
-15.2785	6.72864
-15.269	6.70159
-15.2595	6.67394
-15.25	6.64568
-15.2405	6.61682
-15.231	6.58737
-15.2215	6.55732
-15.212	6.52668
-15.2025	6.49545
-15.193	6.46364
-15.1835	6.43124
-15.174	6.39826
-15.1645	6.3647
-15.155	6.33057
-15.1455	6.29587
-15.136	6.2606
-15.1265	6.22476
-15.117	6.18836
-15.1075	6.15141
-15.098	6.1139
-15.0885	6.07583
-15.079	6.03722
-15.0695	5.99807
-15.06	5.95837
-15.0505	5.91814
-15.041	5.87737
-15.0315	5.83607
-15.022	5.79424
-15.0125	5.75189
-15.003	5.70902
-14.9935	5.66564
-14.984	5.62174
-14.9745	5.57734
-14.965	5.53244
-14.9555	5.48703
-14.946	5.44113
-14.9365	5.39474
-14.927	5.34786
-14.9175	5.3005
-14.908	5.25266
-14.8985	5.20435
-14.889	5.15557
-14.8795	5.10632
-14.87	5.05661
-14.8605	5.00644
-14.851	4.95583
-14.8415	4.90476
-14.832	4.85326
-14.8225	4.80131
-14.813	4.74893
-14.8035	4.69613
-14.794	4.6429
-14.7845	4.58925
-14.775	4.53518
-14.7655	4.48071
-14.756	4.42583
-14.7465	4.37055
-14.737	4.31488
-14.7275	4.25882
-14.718	4.20238
-14.7085	4.14555
-14.699	4.08835
-14.6895	4.03079
-14.68	3.97285
-14.6705	3.91456
-14.661	3.85592
-14.6515	3.79693
-14.642	3.7376
-14.6325	3.67793
-14.623	3.61792
-14.6135	3.55759
-14.604	3.49694
-14.5945	3.43598
-14.585	3.3747
-14.5755	3.31312
-14.566	3.25124
-14.5565	3.18906
-14.547	3.1266
-14.5375	3.06386
-14.528	3.00084
-14.5185	2.93755
-14.509	2.87399
-14.4995	2.81018
-14.49	2.74611
-14.4805	2.68179
-14.471	2.61723
-14.4615	2.55244
-14.452	2.48741
-14.4425	2.42216
-14.433	2.3567
-14.4235	2.29102
-14.414	2.22513
-14.4045	2.15904
-14.395	2.09276
-14.3855	2.02628
-14.376	1.95963
-14.3665	1.8928
-14.357	1.82579
-14.3475	1.75863
-14.338	1.6913
-14.3285	1.62382
-14.319	1.55619
-14.3095	1.48843
-14.3	1.42053
-14.2905	1.3525
-14.281	1.28435
-14.2715	1.21608
-14.262	1.14771
-14.2525	1.07923
-14.243	1.01065
-14.2335	0.941982
-14.224	0.873228
-14.2145	0.804396
-14.205	0.735491
-14.1955	0.66652
-14.186	0.597489
-14.1765	0.528403
-14.167	0.45927
-14.1575	0.390096
-14.148	0.320886
-14.1385	0.251648
-14.129	0.182386
-14.1195	0.113109
-14.11	0.0438206
-14.1005	-0.0254713
-14.091	-0.0947609
-14.0815	-0.164042
-14.072	-0.233308
-14.0625	-0.302553
-14.053	-0.371771
-14.0435	-0.440956
-14.034	-0.5101
-14.0245	-0.579199
-14.015	-0.648245
-14.0055	-0.717233
-13.996	-0.786156
-13.9865	-0.855008
-13.977	-0.923783
-13.9675	-0.992474
-13.958	-1.06108
-13.9485	-1.12958
-13.939	-1.19799
-13.9295	-1.26628
-13.92	-1.33446
-13.9105	-1.40253
-13.901	-1.47046
-13.8915	-1.53826
-13.882	-1.60593
-13.8725	-1.67344
-13.863	-1.74081
-13.8535	-1.80802
-13.844	-1.87507
-13.8345	-1.94195
-13.825	-2.00865
-13.8155	-2.07517
-13.806	-2.1415
-13.7965	-2.20765
-13.787	-2.27359
-13.7775	-2.33932
-13.768	-2.40485
-13.7585	-2.47016
-13.749	-2.53524
-13.7395	-2.6001
-13.73	-2.66472
-13.7205	-2.7291
-13.711	-2.79324
-13.7015	-2.85712
-13.692	-2.92074
-13.6825	-2.98411
-13.673	-3.0472
-13.6635	-3.11001
-13.654	-3.17255
-13.6445	-3.2348
-13.635	-3.29676
-13.6255	-3.35842
-13.616	-3.41978
-13.6065	-3.48083
-13.597	-3.54156
-13.5875	-3.60198
-13.578	-3.66207
-13.5685	-3.72183
-13.559	-3.78125
-13.5495	-3.84033
-13.54	-3.89907
-13.5305	-3.95745
-13.521	-4.01548
-13.5115	-4.07314
-13.502	-4.13044
-13.4925	-4.18736
-13.483	-4.24391
-13.4735	-4.30007
-13.464	-4.35585
-13.4545	-4.41123
-13.445	-4.46621
-13.4355	-4.52079
-13.426	-4.57497
-13.4165	-4.62873
-13.407	-4.68207
-13.3975	-4.73499
-13.388	-4.78748
-13.3785	-4.83954
-13.369	-4.89116
-13.3595	-4.94235
-13.35	-4.99308
-13.3405	-5.04337
-13.331	-5.0932
-13.3215	-5.14257
-13.312	-5.19147
-13.3025	-5.23991
-13.293	-5.28788
-13.2835	-5.33537
-13.274	-5.38237
-13.2645	-5.42889
-13.255	-5.47492
-13.2455	-5.52046
-13.236	-5.5655
-13.2265	-5.61003
-13.217	-5.65406
-13.2075	-5.69758
-13.198	-5.74059
-13.1885	-5.78307
-13.179	-5.82504
-13.1695	-5.86648
-13.16	-5.90739
-13.1505	-5.94777
-13.141	-5.98761
-13.1315	-6.0269
-13.122	-6.06566
-13.1125	-6.10387
-13.103	-6.14153
-13.0935	-6.17863
-13.084	-6.21517
-13.0745	-6.25116
-13.065	-6.28658
-13.0555	-6.32143
-13.046	-6.35572
-13.0365	-6.38942
-13.027	-6.42256
-13.0175	-6.45511
-13.008	-6.48708
-12.9985	-6.51846
-12.989	-6.54926
-12.9795	-6.57947
-12.97	-6.60908
-12.9605	-6.63809
-12.951	-6.66651
-12.9415	-6.69432
-12.932	-6.72153
-12.9225	-6.74814
-12.913	-6.77413
-12.9035	-6.79951
-12.894	-6.82428
-12.8845	-6.84844
-12.875	-6.87197
-12.8655	-6.89489
-12.856	-6.91718
-12.8465	-6.93885
-12.837	-6.95989
-12.8275	-6.98031
-12.818	-7.00009
-12.8085	-7.01925
-12.799	-7.03776
-12.7895	-7.05565
-12.78	-7.0729
-12.7705	-7.0895
-12.761	-7.10547
-12.7515	-7.1208
-12.742	-7.13549
-12.7325	-7.14953
-12.723	-7.16292
-12.7135	-7.17567
-12.704	-7.18778
-12.6945	-7.19923
-12.685	-7.21003
-12.6755	-7.22019
-12.666	-7.22969
-12.6565	-7.23854
-12.647	-7.24673
-12.6375	-7.25427
-12.628	-7.26116
-12.6185	-7.26739
-12.609	-7.27297
-12.5995	-7.27789
-12.59	-7.28215
-12.5805	-7.28575
-12.571	-7.2887
-12.5615	-7.29099
-12.552	-7.29262
-12.5425	-7.2936
-12.533	-7.29391
-12.5235	-7.29357
-12.514	-7.29257
-12.5045	-7.29091
-12.495	-7.28859
-12.4855	-7.28562
-12.476	-7.28199
-12.4665	-7.2777
-12.457	-7.27275
-12.4475	-7.26715
-12.438	-7.26089
-12.4285	-7.25397
-12.419	-7.24641
-12.4095	-7.23818
-12.4	-7.22931
-12.3905	-7.21978
-12.381	-7.2096
-12.3715	-7.19877
-12.362	-7.18729
-12.3525	-7.17516
-12.343	-7.16238
-12.3335	-7.14896
-12.324	-7.13489
-12.3145	-7.12018
-12.305	-7.10482
-12.2955	-7.08883
-12.286	-7.07219
-12.2765	-7.05492
-12.267	-7.03701
-12.2575	-7.01846
-12.248	-6.99928
-12.2385	-6.97947
-12.229	-6.95903
-12.2195	-6.93796
-12.21	-6.91627
-12.2005	-6.89395
-12.191	-6.87101
-12.1815	-6.84745
-12.172	-6.82327
-12.1625	-6.79847
-12.153	-6.77307
-12.1435	-6.74705
-12.134	-6.72042
-12.1245	-6.69318
-12.115	-6.66534
-12.1055	-6.6369
-12.096	-6.60786
-12.0865	-6.57822
-12.077	-6.54799
-12.0675	-6.51717
-12.058	-6.48576
-12.0485	-6.45377
-12.039	-6.42119
-12.0295	-6.38804
-12.02	-6.3543
-12.0105	-6.32
-12.001	-6.28512
-11.9915	-6.24968
-11.982	-6.21367
-11.9725	-6.1771
-11.963	-6.13997
-11.9535	-6.10229
-11.944	-6.06406
-11.9345	-6.02528
-11.925	-5.98596
-11.9155	-5.9461
-11.906	-5.9057
-11.8965	-5.86477
-11.887	-5.82331
-11.8775	-5.78132
-11.868	-5.73881
-11.8585	-5.69579
-11.849	-5.65225
-11.8395	-5.60819
-11.83	-5.56364
-11.8205	-5.51858
-11.811	-5.47302
-11.8015	-5.42697
-11.792	-5.38043
-11.7825	-5.3334
-11.773	-5.2859
-11.7635	-5.23791
-11.754	-5.18945
-11.7445	-5.14053
-11.735	-5.09114
-11.7255	-5.04129
-11.716	-4.99098
-11.7065	-4.94023
-11.697	-4.88903
-11.6875	-4.83739
-11.678	-4.78531
-11.6685	-4.7328
-11.659	-4.67986
-11.6495	-4.6265
-11.64	-4.57273
-11.6305	-4.51854
-11.621	-4.46394
-11.6115	-4.40894
-11.602	-4.35354
-11.5925	-4.29775
-11.583	-4.24157
-11.5735	-4.18501
-11.564	-4.12807
-11.5545	-4.07075
-11.545	-4.01307
-11.5355	-3.95503
-11.526	-3.89663
-11.5165	-3.83788
-11.507	-3.77879
-11.4975	-3.71935
-11.488	-3.65958
-11.4785	-3.59947
-11.469	-3.53904
-11.4595	-3.4783
-11.45	-3.41723
-11.4405	-3.35586
-11.431	-3.29419
-11.4215	-3.23222
-11.412	-3.16996
-11.4025	-3.10741
-11.393	-3.04458
-11.3835	-2.98148
-11.374	-2.9181
-11.3645	-2.85447
-11.355	-2.79057
-11.3455	-2.72643
-11.336	-2.66204
-11.3265	-2.5974
-11.317	-2.53254
-11.3075	-2.46744
-11.298	-2.40213
-11.2885	-2.33659
-11.279	-2.27085
-11.2695	-2.2049
-11.26	-2.13875
-11.2505	-2.07241
-11.241	-2.00588
-11.2315	-1.93917
-11.222	-1.87228
-11.2125	-1.80523
-11.203	-1.73801
-11.1935	-1.67064
-11.184	-1.60311
-11.1745	-1.53544
-11.165	-1.46763
-11.1555	-1.39969
-11.146	-1.33163
-11.1365	-1.26344
-11.127	-1.19514
-11.1175	-1.12673
-11.108	-1.05822
-11.0985	-0.989613
-11.089	-0.920917
-11.0795	-0.852139
-11.07	-0.783283
-11.0605	-0.714357
-11.051	-0.645367
-11.0415	-0.576318
-11.032	-0.507217
-11.0225	-0.43807
-11.013	-0.368884
-11.0035	-0.299665
-10.994	-0.230418
-10.9845	-0.161151
-10.975	-0.091869
-10.9655	-0.0225789
-10.956	0.0467133
-10.9465	0.116001
-10.937	0.185279
-10.9275	0.25454
-10.918	0.323778
-10.9085	0.392986
-10.899	0.462159
-10.8895	0.531291
-10.88	0.600374
-10.8705	0.669404
-10.861	0.738373
-10.8515	0.807275
-10.842	0.876105
-10.8325	0.944855
-10.823	1.01352
-10.8135	1.08209
-10.804	1.15057
-10.7945	1.21894
-10.785	1.2872
-10.7755	1.35535
-10.766	1.42337
-10.7565	1.49127
-10.747	1.55903
-10.7375	1.62665
-10.728	1.69412
-10.7185	1.76144
-10.709	1.82861
-10.6995	1.8956
-10.69	1.96243
-10.6805	2.02907
-10.671	2.09554
-10.6615	2.16182
-10.652	2.2279
-10.6425	2.29378
-10.633	2.35945
-10.6235	2.42491
-10.614	2.49015
-10.6045	2.55517
-10.595	2.61995
-10.5855	2.6845
-10.576	2.74881
-10.5665	2.81287
-10.557	2.87667
-10.5475	2.94022
-10.538	3.0035
-10.5285	3.06651
-10.519	3.12924
-10.5095	3.19169
-10.5	3.25385
-10.4905	3.31572
-10.481	3.37729
-10.4715	3.43855
-10.462	3.49951
-10.4525	3.56015
-10.443	3.62046
-10.4335	3.68045
-10.424	3.74011
-10.4145	3.79943
-10.405	3.85841
-10.3955	3.91704
-10.386	3.97531
-10.3765	4.03323
-10.367	4.09078
-10.3575	4.14797
-10.348	4.20478
-10.3385	4.26121
-10.329	4.31725
-10.3195	4.37291
-10.31	4.42817
-10.3005	4.48303
-10.291	4.53749
-10.2815	4.59154
-10.272	4.64517
-10.2625	4.69838
-10.253	4.75117
-10.2435	4.80353
-10.234	4.85546
-10.2245	4.90695
-10.215	4.958
-10.2055	5.0086
-10.196	5.05874
-10.1865	5.10843
-10.177	5.15766
-10.1675	5.20643
-10.158	5.25472
-10.1485	5.30254
-10.139	5.34988
-10.1295	5.39674
-10.12	5.44312
-10.1105	5.489
-10.101	5.53438
-10.0915	5.57927
-10.082	5.62365
-10.0725	5.66752
-10.063	5.71089
-10.0535	5.75373
-10.044	5.79606
-10.0345	5.83787
-10.025	5.87915
-10.0155	5.9199
-10.006	5.96011
-9.9965	5.99978
-9.987	6.03892
-9.9775	6.07751
-9.968	6.11555
-9.9585	6.15304
-9.949	6.18997
-9.9395	6.22635
-9.93	6.26216
-9.9205	6.29741
-9.911	6.33209
-9.9015	6.3662
-9.892	6.39973
-9.8825	6.43269
-9.873	6.46506
-9.8635	6.49686
-9.854	6.52806
-9.8445	6.55868
-9.835	6.5887
-9.8255	6.61813
-9.816	6.64697
-9.8065	6.6752
-9.797	6.70283
-9.7875	6.72986
-9.778	6.75627
-9.7685	6.78208
-9.759	6.80728
-9.7495	6.83186
-9.74	6.85583
-9.7305	6.87918
-9.721	6.9019
-9.7115	6.92401
-9.702	6.94548
-9.6925	6.96634
-9.683	6.98656
-9.6735	7.00615
-9.664	7.02511
-9.6545	7.04344
-9.645	7.06113
-9.6355	7.07818
-9.626	7.0946
-9.6165	7.11037
-9.607	7.1255
-9.5975	7.13999
-9.588	7.15384
-9.5785	7.16704
-9.569	7.17959
-9.5595	7.1915
-9.55	7.20275
-9.5405	7.21336
-9.531	7.22331
-9.5215	7.23262
-9.512	7.24127
-9.5025	7.24927
-9.493	7.25661
-9.4835	7.2633
-9.474	7.26933
-9.4645	7.2747
-9.455	7.27942
-9.4455	7.28349
-9.436	7.28689
-9.4265	7.28964
-9.417	7.29173
-9.4075	7.29316
-9.398	7.29394
-9.3885	7.29405
-9.379	7.29351
-9.3695	7.29231
-9.36	7.29045
-9.3505	7.28793
-9.341	7.28476
-9.3315	7.28093
-9.322	7.27644
-9.3125	7.27129
-9.303	7.26549
-9.2935	7.25903
-9.284	7.25192
-9.2745	7.24415
-9.265	7.23573
-9.2555	7.22666
-9.246	7.21693
-9.2365	7.20656
-9.227	7.19553
-9.2175	7.18385
-9.208	7.17153
-9.1985	7.15855
-9.189	7.14494
-9.1795	7.13067
-9.17	7.11577
-9.1605	7.10022
-9.151	7.08403
-9.1415	7.0672
-9.132	7.04973
-9.1225	7.03163
-9.113	7.01289
-9.1035	6.99352
-9.094	6.97352
-9.0845	6.95289
-9.075	6.93163
-9.0655	6.90975
-9.056	6.88724
-9.0465	6.86411
-9.037	6.84036
-9.0275	6.816
-9.018	6.79102
-9.0085	6.76542
-8.999	6.73922
-8.9895	6.71241
-8.98	6.68499
-8.9705	6.65697
-8.961	6.62834
-8.9515	6.59912
-8.942	6.56931
-8.9325	6.5389
-8.923	6.5079
-8.9135	6.47632
-8.904	6.44415
-8.8945	6.41139
-8.885	6.37806
-8.8755	6.34416
-8.866	6.30968
-8.8565	6.27463
-8.847	6.23902
-8.8375	6.20284
-8.828	6.1661
-8.8185	6.12881
-8.809	6.09096
-8.7995	6.05257
-8.79	6.01363
-8.7805	5.97414
-8.771	5.93412
-8.7615	5.89356
-8.752	5.85247
-8.7425	5.81085
-8.733	5.7687
-8.7235	5.72604
-8.714	5.68286
-8.7045	5.63916
-8.695	5.59496
-8.6855	5.55025
-8.676	5.50504
-8.6665	5.45934
-8.657	5.41314
-8.6475	5.36646
-8.638	5.31928
-8.6285	5.27163
-8.619	5.22351
-8.6095	5.17491
-8.6	5.12585
-8.5905	5.07632
-8.581	5.02633
-8.5715	4.97589
-8.562	4.92501
-8.5525	4.87367
-8.543	4.8219
-8.5335	4.7697
-8.524	4.71706
-8.5145	4.664
-8.505	4.61051
-8.4955	4.55661
-8.486	4.5023
-8.4765	4.44758
-8.467	4.39246
-8.4575	4.33695
-8.448	4.28104
-8.4385	4.22475
-8.429	4.16808
-8.4195	4.11103
-8.41	4.05361
-8.4005	3.99582
-8.391	3.93767
-8.3815	3.87917
-8.372	3.82032
-8.3625	3.76112
-8.353	3.70158
-8.3435	3.64171
-8.334	3.58151
-8.3245	3.52099
-8.315	3.46015
-8.3055	3.399
-8.296	3.33754
-8.2865	3.27578
-8.277	3.21373
-8.2675	3.15138
-8.258	3.08875
-8.2485	3.02584
-8.239	2.96266
-8.2295	2.89921
-8.22	2.8355
-8.2105	2.77154
-8.201	2.70732
-8.1915	2.64286
-8.182	2.57816
-8.1725	2.51323
-8.163	2.44807
-8.1535	2.38269
-8.144	2.3171
-8.1345	2.2513
-8.125	2.18529
-8.1155	2.11909
-8.106	2.05269
-8.0965	1.98611
-8.087	1.91936
-8.0775	1.85242
-8.068	1.78533
-8.0585	1.71807
-8.049	1.65065
-8.0395	1.58309
-8.03	1.51538
-8.0205	1.44754
-8.011	1.37957
-8.0015	1.31147
-7.992	1.24325
-7.9825	1.17493
-7.973	1.10649
-7.9635	1.03796
-7.954	0.969331
-7.9445	0.900616
-7.935	0.831821
-7.9255	0.76295
-7.916	0.694011
-7.9065	0.625009
-7.897	0.555951
-7.8875	0.486843
-7.878	0.417691
-7.8685	0.348501
-7.859	0.279281
-7.8495	0.210035
-7.84	0.14077
-7.8305	0.0714929
-7.821	0.00220931
-7.8115	-0.0670743
-7.802	-0.136352
-7.7925	-0.205617
-7.783	-0.274863
-7.7735	-0.344084
-7.764	-0.413274
-7.7545	-0.482427
-7.745	-0.551536
-7.7355	-0.620595
-7.726	-0.689598
-7.7165	-0.758538
-7.707	-0.82741
-7.6975	-0.896207
-7.688	-0.964923
-7.6785	-1.03355
-7.669	-1.10209
-7.6595	-1.17052
-7.65	-1.23885
-7.6405	-1.30707
-7.631	-1.37517
-7.6215	-1.44315
-7.612	-1.51099
-7.6025	-1.5787
-7.593	-1.64626
-7.5835	-1.71368
-7.574	-1.78094
-7.5645	-1.84805
-7.555	-1.91498
-7.5455	-1.98174
-7.536	-2.04832
-7.5265	-2.11472
-7.517	-2.18093
-7.5075	-2.24694
-7.498	-2.31274
-7.4885	-2.37834
-7.479	-2.44372
-7.4695	-2.50888
-7.46	-2.57382
-7.4505	-2.63852
-7.441	-2.70298
-7.4315	-2.7672
-7.422	-2.83117
-7.4125	-2.89489
-7.403	-2.95834
-7.3935	-3.02153
-7.384	-3.08444
-7.3745	-3.14707
-7.365	-3.20942
-7.3555	-3.27148
-7.346	-3.33325
-7.3365	-3.39471
-7.327	-3.45587
-7.3175	-3.51671
-7.308	-3.57724
-7.2985	-3.63745
-7.289	-3.69732
-7.2795	-3.75686
-7.27	-3.81607
-7.2605	-3.87492
-7.251	-3.93343
-7.2415	-3.99158
-7.232	-4.04937
-7.2225	-4.1068
-7.213	-4.16386
-7.2035	-4.22054
-7.194	-4.27683
-7.1845	-4.33275
-7.175	-4.38827
-7.1655	-4.44339
-7.156	-4.49811
-7.1465	-4.55243
-7.137	-4.60634
-7.1275	-4.65983
-7.118	-4.71289
-7.1085	-4.76554
-7.099	-4.81775
-7.0895	-4.86953
-7.08	-4.92087
-7.0705	-4.97176
-7.061	-5.0222
-7.0515	-5.07219
-7.042	-5.12173
-7.0325	-5.1708
-7.023	-5.2194
-7.0135	-5.26753
-7.004	-5.31519
-6.9945	-5.36237
-6.985	-5.40906
-6.9755	-5.45526
-6.966	-5.50097
-6.9565	-5.54619
-6.947	-5.5909
-6.9375	-5.63511
-6.928	-5.67881
-6.9185	-5.72199
-6.909	-5.76466
-6.8995	-5.80681
-6.89	-5.84844
-6.8805	-5.88953
-6.871	-5.9301
-6.8615	-5.97012
-6.852	-6.00961
-6.8425	-6.04856
-6.833	-6.08696
-6.8235	-6.12481
-6.814	-6.16211
-6.8045	-6.19885
-6.795	-6.23503
-6.7855	-6.27065
-6.776	-6.3057
-6.7665	-6.34019
-6.757	-6.3741
-6.7475	-6.40743
-6.738	-6.44019
-6.7285	-6.47236
-6.719	-6.50395
-6.7095	-6.53495
-6.7	-6.56536
-6.6905	-6.59518
-6.681	-6.62441
-6.6715	-6.65303
-6.662	-6.68105
-6.6525	-6.70847
-6.643	-6.73529
-6.6335	-6.7615
-6.624	-6.78709
-6.6145	-6.81207
-6.605	-6.83644
-6.5955	-6.86019
-6.586	-6.88332
-6.5765	-6.90583
-6.567	-6.92771
-6.5575	-6.94897
-6.548	-6.9696
-6.5385	-6.98961
-6.529	-7.00898
-6.5195	-7.02771
-6.51	-7.04582
-6.5005	-7.06328
-6.491	-7.08011
-6.4815	-7.0963
-6.472	-7.11185
-6.4625	-7.12675
-6.453	-7.14101
-6.4435	-7.15463
-6.434	-7.1676
-6.4245	-7.17992
-6.415	-7.1916
-6.4055	-7.20262
-6.396	-7.213
-6.3865	-7.22272
-6.377	-7.23179
-6.3675	-7.24021
-6.358	-7.24797
-6.3485	-7.25508
-6.339	-7.26153
-6.3295	-7.26733
-6.32	-7.27247
-6.3105	-7.27695
-6.301	-7.28077
-6.2915	-7.28394
-6.282	-7.28645
-6.2725	-7.2883
-6.263	-7.2895
-6.2535	-7.29003
-6.244	-7.28991
-6.2345	-7.28913
-6.225	-7.28768
-6.2155	-7.28558
-6.206	-7.28283
-6.1965	-7.27941
-6.187	-7.27534
-6.1775	-7.27061
-6.168	-7.26522
-6.1585	-7.25917
-6.149	-7.25247
-6.1395	-7.24512
-6.13	-7.23711
-6.1205	-7.22844
-6.111	-7.21913
-6.1015	-7.20916
-6.092	-7.19854
-6.0825	-7.18727
-6.073	-7.17534
-6.0635	-7.16277
-6.054	-7.14956
-6.0445	-7.1357
-6.035	-7.12119
-6.0255	-7.10604
-6.016	-7.09024
-6.0065	-7.07381
-5.997	-7.05674
-5.9875	-7.03903
-5.978	-7.02068
-5.9685	-7.0017
-5.959	-6.98208
-5.9495	-6.96184
-5.94	-6.94096
-5.9305	-6.91946
-5.921	-6.89733
-5.9115	-6.87458
-5.902	-6.85121
-5.8925	-6.82722
-5.883	-6.80261
-5.8735	-6.77738
-5.864	-6.75155
-5.8545	-6.7251
-5.845	-6.69804
-5.8355	-6.67038
-5.826	-6.64212
-5.8165	-6.61326
-5.807	-6.5838
-5.7975	-6.55374
-5.788	-6.52309
-5.7785	-6.49185
-5.769	-6.46002
-5.7595	-6.42761
-5.75	-6.39462
-5.7405	-6.36105
-5.731	-6.3269
-5.7215	-6.29219
-5.712	-6.2569
-5.7025	-6.22105
-5.693	-6.18463
-5.6835	-6.14766
-5.674	-6.11013
-5.6645	-6.07204
-5.655	-6.03341
-5.6455	-5.99423
-5.636	-5.95451
-5.6265	-5.91425
-5.617	-5.87346
-5.6075	-5.83213
-5.598	-5.79028
-5.5885	-5.7479
-5.579	-5.70501
-5.5695	-5.66159
-5.56	-5.61767
-5.5505	-5.57323
-5.541	-5.52829
-5.5315	-5.48285
-5.522	-5.43692
-5.5125	-5.39049
-5.503	-5.34358
-5.4935	-5.29618
-5.484	-5.2483
-5.4745	-5.19995
-5.465	-5.15112
-5.4555	-5.10183
-5.446	-5.05208
-5.4365	-5.00187
-5.427	-4.9512
-5.4175	-4.90009
-5.408	-4.84854
-5.3985	-4.79654
-5.389	-4.74411
-5.3795	-4.69125
-5.37	-4.63797
-5.3605	-4.58426
-5.351	-4.53014
-5.3415	-4.47561
-5.332	-4.42068
-5.3225	-4.36534
-5.313	-4.30961
-5.3035	-4.25349
-5.294	-4.19698
-5.2845	-4.14009
-5.275	-4.08282
-5.2655	-4.02519
-5.256	-3.96719
-5.2465	-3.90883
-5.237	-3.85011
-5.2275	-3.79105
-5.218	-3.73164
-5.2085	-3.67189
-5.199	-3.61181
-5.1895	-3.5514
-5.18	-3.49067
-5.1705	-3.42962
-5.161	-3.36826
-5.1515	-3.3066
-5.142	-3.24463
-5.1325	-3.18237
-5.123	-3.11982
-5.1135	-3.05699
-5.104	-2.99388
-5.0945	-2.93049
-5.085	-2.86684
-5.0755	-2.80293
-5.066	-2.73876
-5.0565	-2.67434
-5.047	-2.60968
-5.0375	-2.54478
-5.028	-2.47965
-5.0185	-2.4143
-5.009	-2.34872
-4.9995	-2.28293
-4.99	-2.21693
-4.9805	-2.15073
-4.971	-2.08433
-4.9615	-2.01774
-4.952	-1.95096
-4.9425	-1.88401
-4.933	-1.81689
-4.9235	-1.7496
-4.914	-1.68214
-4.9045	-1.61454
-4.895	-1.54678
-4.8855	-1.47888
-4.876	-1.41085
-4.8665	-1.34269
-4.857	-1.2744
-4.8475	-1.20599
-4.838	-1.13748
-4.8285	-1.06885
-4.819	-1.00013
-4.8095	-0.931316
-4.8	-0.862414
-4.7905	-0.793431
-4.781	-0.724373
-4.7715	-0.655247
-4.762	-0.586059
-4.7525	-0.516815
-4.743	-0.447521
-4.7335	-0.378183
-4.724	-0.308808
-4.7145	-0.239403
-4.705	-0.169972
-4.6955	-0.100523
-4.686	-0.031061
-4.6765	0.0384068
-4.667	0.107874
-4.6575	0.177336
-4.648	0.246785
-4.6385	0.316215
-4.629	0.385619
-4.6195	0.454993
-4.61	0.524329
-4.6005	0.593621
-4.591	0.662864
-4.5815	0.73205
-4.572	0.801174
-4.5625	0.870229
-4.553	0.93921
-4.5435	1.00811
-4.534	1.07692
-4.5245	1.14564
-4.515	1.21426
-4.5055	1.28277
-4.496	1.35118
-4.4865	1.41946
-4.477	1.48762
-4.4675	1.55565
-4.458	1.62355
-4.4485	1.6913
-4.439	1.7589
-4.4295	1.82635
-4.42	1.89364
-4.4105	1.96076
-4.401	2.02771
-4.3915	2.09448
-4.382	2.16106
-4.3725	2.22746
-4.363	2.29366
-4.3535	2.35965
-4.344	2.42544
-4.3345	2.49102
-4.325	2.55637
-4.3155	2.6215
-4.306	2.68639
-4.2965	2.75105
-4.287	2.81547
-4.2775	2.87963
-4.268	2.94354
-4.2585	3.00719
-4.249	3.07058
-4.2395	3.13369
-4.23	3.19653
-4.2205	3.25908
-4.211	3.32134
-4.2015	3.38331
-4.192	3.44498
-4.1825	3.50634
-4.173	3.56739
-4.1635	3.62813
-4.154	3.68854
-4.1445	3.74863
-4.135	3.80838
-4.1255	3.86779
-4.116	3.92687
-4.1065	3.98559
-4.097	4.04396
-4.0875	4.10197
-4.078	4.15962
-4.0685	4.2169
-4.059	4.2738
-4.0495	4.33033
-4.04	4.38647
-4.0305	4.44222
-4.021	4.49757
-4.0115	4.55253
-4.002	4.60708
-3.9925	4.66122
-3.983	4.71495
-3.9735	4.76826
-3.964	4.82115
-3.9545	4.8736
-3.945	4.92563
-3.9355	4.97722
-3.926	5.02836
-3.9165	5.07906
-3.907	5.12931
-3.8975	5.1791
-3.888	5.22843
-3.8785	5.2773
-3.869	5.3257
-3.8595	5.37362
-3.85	5.42107
-3.8405	5.46804
-3.831	5.51452
-3.8215	5.56051
-3.812	5.606
-3.8025	5.651
-3.793	5.6955
-3.7835	5.73949
-3.774	5.78297
-3.7645	5.82594
-3.755	5.86839
-3.7455	5.91032
-3.736	5.95172
-3.7265	5.9926
-3.717	6.03294
-3.7075	6.07275
-3.698	6.11202
-3.6885	6.15074
-3.679	6.18892
-3.6695	6.22655
-3.66	6.26363
-3.6505	6.30015
-3.641	6.33612
-3.6315	6.37152
-3.622	6.40635
-3.6125	6.44062
-3.603	6.47431
-3.5935	6.50743
-3.584	6.53997
-3.5745	6.57194
-3.565	6.60331
-3.5555	6.63411
-3.546	6.66431
-3.5365	6.69393
-3.527	6.72295
-3.5175	6.75137
-3.508	6.7792
-3.4985	6.80642
-3.489	6.83304
-3.4795	6.85906
-3.47	6.88447
-3.4605	6.90927
-3.451	6.93345
-3.4415	6.95702
-3.432	6.97998
-3.4225	7.00231
-3.413	7.02403
-3.4035	7.04513
-3.394	7.0656
-3.3845	7.08544
-3.375	7.10466
-3.3655	7.12325
-3.356	7.14121
-3.3465	7.15853
-3.337	7.17523
-3.3275	7.19129
-3.318	7.20671
-3.3085	7.22149
-3.299	7.23564
-3.2895	7.24915
-3.28	7.26201
-3.2705	7.27424
-3.261	7.28582
-3.2515	7.29676
-3.242	7.30705
-3.2325	7.3167
-3.223	7.3257
-3.2135	7.33405
-3.204	7.34176
-3.1945	7.34882
-3.185	7.35523
-3.1755	7.361
-3.166	7.36611
-3.1565	7.37057
-3.147	7.37439
-3.1375	7.37755
-3.128	7.38006
-3.1185	7.38193
-3.109	7.38314
-3.0995	7.3837
-3.09	7.38362
-3.0805	7.38288
-3.071	7.38149
-3.0615	7.37945
-3.052	7.37677
-3.0425	7.37344
-3.033	7.36945
-3.0235	7.36482
-3.014	7.35955
-3.0045	7.35362
-2.995	7.34705
-2.9855	7.33984
-2.976	7.33198
-2.9665	7.32348
-2.957	7.31433
-2.9475	7.30455
-2.938	7.29412
-2.9285	7.28305
-2.919	7.27135
-2.9095	7.25901
-2.9	7.24604
-2.8905	7.23243
-2.881	7.21818
-2.8715	7.20331
-2.862	7.18781
-2.8525	7.17168
-2.843	7.15492
-2.8335	7.13754
-2.824	7.11953
-2.8145	7.1009
-2.805	7.08166
-2.7955	7.0618
-2.786	7.04132
-2.7765	7.02023
-2.767	6.99852
-2.7575	6.97621
-2.748	6.95329
-2.7385	6.92977
-2.729	6.90565
-2.7195	6.88092
-2.71	6.8556
-2.7005	6.82968
-2.691	6.80317
-2.6815	6.77608
-2.672	6.74839
-2.6625	6.72012
-2.653	6.69127
-2.6435	6.66184
-2.634	6.63184
-2.6245	6.60126
-2.615	6.57012
-2.6055	6.5384
-2.596	6.50613
-2.5865	6.47329
-2.577	6.43989
-2.5675	6.40595
-2.558	6.37145
-2.5485	6.3364
-2.539	6.30081
-2.5295	6.26469
-2.52	6.22802
-2.5105	6.19082
-2.501	6.15309
-2.4915	6.11484
-2.482	6.07606
-2.4725	6.03677
-2.463	5.99696
-2.4535	5.95664
-2.444	5.91582
-2.4345	5.87449
-2.425	5.83266
-2.4155	5.79034
-2.406	5.74753
-2.3965	5.70423
-2.387	5.66045
-2.3775	5.61619
-2.368	5.57146
-2.3585	5.52626
-2.349	5.4806
-2.3395	5.43447
-2.33	5.38789
-2.3205	5.34086
-2.311	5.29338
-2.3015	5.24546
-2.292	5.19711
-2.2825	5.14832
-2.273	5.0991
-2.2635	5.04946
-2.254	4.9994
-2.2445	4.94893
-2.235	4.89805
-2.2255	4.84676
-2.216	4.79508
-2.2065	4.743
-2.197	4.69054
-2.1875	4.63769
-2.178	4.58447
-2.1685	4.53087
-2.159	4.4769
-2.1495	4.42257
-2.14	4.36789
-2.1305	4.31285
-2.121	4.25747
-2.1115	4.20174
-2.102	4.14568
-2.0925	4.08929
-2.083	4.03257
-2.0735	3.97554
-2.064	3.91819
-2.0545	3.86054
-2.045	3.80258
-2.0355	3.74433
-2.026	3.68578
-2.0165	3.62695
-2.007	3.56784
-1.9975	3.50846
-1.988	3.44881
-1.9785	3.3889
-1.969	3.32873
-1.9595	3.26831
-1.95	3.20765
-1.9405	3.14675
-1.931	3.08562
-1.9215	3.02426
-1.912	2.96268
-1.9025	2.90089
-1.893	2.83888
-1.8835	2.77668
-1.874	2.71428
-1.8645	2.65169
-1.855	2.58892
-1.8455	2.52597
-1.836	2.46285
-1.8265	2.39957
-1.817	2.33613
-1.8075	2.27253
-1.798	2.20879
-1.7885	2.14491
-1.779	2.08089
-1.7695	2.01675
-1.76	1.95249
-1.7505	1.88812
-1.741	1.82363
-1.7315	1.75905
-1.722	1.69437
-1.7125	1.6296
-1.703	1.56475
-1.6935	1.49982
-1.684	1.43483
-1.6745	1.36977
-1.665	1.30466
-1.6555	1.2395
-1.646	1.17429
-1.6365	1.10905
-1.627	1.04378
-1.6175	0.978481
-1.608	0.913169
-1.5985	0.847847
-1.589	0.782521
-1.5795	0.717198
-1.57	0.651885
-1.5605	0.586588
-1.551	0.521314
-1.5415	0.456069
-1.532	0.390861
-1.5225	0.325695
-1.513	0.260578
-1.5035	0.195517
-1.494	0.130519
-1.4845	0.0655899
-1.475	0.000736686
-1.4655	-0.064034
-1.456	-0.128716
-1.4465	-0.193302
-1.437	-0.257785
-1.4275	-0.32216
-1.418	-0.386419
-1.4085	-0.450555
-1.399	-0.514563
-1.3895	-0.578436
-1.38	-0.642166
-1.3705	-0.705748
-1.361	-0.769174
-1.3515	-0.832438
-1.342	-0.895534
-1.3325	-0.958455
-1.323	-1.02119
-1.3135	-1.08374
-1.304	-1.1461
-1.2945	-1.20826
-1.285	-1.2702
-1.2755	-1.33193
-1.266	-1.39345
-1.2565	-1.45473
-1.247	-1.51578
-1.2375	-1.57659
-1.228	-1.63715
-1.2185	-1.69746
-1.209	-1.75751
-1.1995	-1.81729
-1.19	-1.87681
-1.1805	-1.93604
-1.171	-1.99498
-1.1615	-2.05364
-1.152	-2.11199
-1.1425	-2.17004
-1.133	-2.22778
-1.1235	-2.28521
-1.114	-2.34231
-1.1045	-2.39907
-1.095	-2.45551
-1.0855	-2.5116
-1.076	-2.56734
-1.0665	-2.62273
-1.057	-2.67776
-1.0475	-2.73242
-1.038	-2.7867
-1.0285	-2.84061
-1.019	-2.89414
-1.0095	-2.94727
-1	-3
