0.000000
0.009996
0.019971
0.029901
0.039767
0.049546
0.059217
0.068758
0.078150
0.087371
0.096402
0.105225
0.113823
0.122176
0.130269
0.138087
0.145613
0.152835
0.159738
0.166308
0.172533
0.178401
0.183900
0.189022
0.193757
0.198096
0.202032
0.205560
0.208673
0.211367
0.213638
0.215483
0.216901
0.217891
0.218451
0.218578
0.218272
0.217532
0.216357
0.214750
0.212713
0.210247
0.207358
0.204050
0.200329
0.196201
0.191673
0.186755
0.181454
0.175782
0.169749
0.163367
0.156649
0.149604
0.142244
0.134584
0.126639
0.118426
0.109960
0.101259
0.092340
0.083222
0.073923
0.064464
0.054862
0.045140
0.035318
0.025417
0.015461
0.005471
-0.004530
-0.014519
-0.024480
-0.034389
-0.044222
-0.053959
-0.063576
-0.073054
-0.082371
-0.091507
-0.100445
-0.109166
-0.117652
-0.125886
-0.133852
-0.141534
-0.148917
-0.155988
-0.162732
-0.169137
-0.175193
-0.180890
-0.186216
-0.191162
-0.195719
-0.199878
-0.203631
-0.206973
-0.209896
-0.212398
-0.214473
-0.216118
-0.217331
-0.218111
-0.218458
-0.218371
-0.217852
-0.216902
-0.215525
-0.213720
-0.211489
-0.208834
-0.205761
-0.202272
-0.198373
-0.194071
-0.189372
-0.184285
-0.178819
-0.172983
-0.166789
-0.160248
-0.153372
-0.146175
-0.138672
-0.130878
-0.122809
-0.114480
-0.105904
-0.097099
-0.088085
-0.078881
-0.069507
-0.059984
-0.050330
-0.040567
-0.030716
-0.020796
-0.010831
-0.000841
0.009153
0.019128
0.029062
0.038933
0.048717
0.058393
0.067940
0.077342
0.086578
0.095627
0.104468
0.113085
0.121458
0.129571
0.137407
0.144951
0.152188
0.159106
0.165690
0.171930
0.177814
0.183332
0.188474
0.193232
0.197601
0.201571
0.205136
0.208288
0.211023
0.213334
0.215217
0.216670
0.217689
0.218273
0.218421
0.218133
0.217409
0.216252
0.214664
0.212648
0.210209
0.207351
0.204079
0.200398
0.196312
0.191828
0.186953
0.181696
0.176065
0.170070
0.163723
0.157034
0.150016
0.142683
0.135049
0.127128
0.118937
0.110493
0.101813
0.092915
0.083815
0.074531
0.065084
0.055497
0.045789
0.035982
0.026098
0.016158
0.006183
-0.003805
-0.013785
-0.023736
-0.033635
-0.043463
-0.053196
-0.062814
-0.072295
-0.081618
-0.090761
-0.099708
-0.108442
-0.116944
-0.125196
-0.133181
-0.140884
-0.148287
-0.155378
-0.162143
-0.168569
-0.174645
-0.180359
-0.185703
-0.190666
-0.195241
-0.199421
-0.203201
-0.206573
-0.209532
-0.212073
-0.214189
-0.215876
-0.217132
-0.217954
-0.218341
-0.218291
-0.217805
-0.216883
-0.215528
-0.213742
-0.211529
-0.208892
-0.205838
-0.202371
-0.198500
-0.194228
-0.189562
-0.184510
-0.179080
-0.173282
-0.167125
-0.160621
-0.153782
-0.146621
-0.139151
-0.131386
-0.123342
-0.115035
-0.106481
-0.097700
-0.088708
-0.079526
-0.070169
-0.060657
-0.051012
-0.041256
-0.031411
-0.021499
-0.011540
-0.001558
0.008427
0.018392
0.028318
0.038182
0.047964
0.057642
0.067195
0.076603
0.085844
0.094899
0.103745
0.112370
0.120755
0.128883
0.136738
0.144303
0.151563
0.158504
0.165114
0.171379
0.177288
0.182831
0.187999
0.192781
0.197172
0.201163
0.204750
0.207927
0.210689
0.213032
0.214951
0.216440
0.217497
0.218121
0.218308
0.218060
0.217375
0.216256
0.214703
0.212720
0.210311
0.207480
0.204232
0.200573
0.196512
0.192054
0.187209
0.181981
0.176380
0.170415
0.164098
0.157439
0.150452
0.143148
0.135543
0.127650
0.119485
0.111065
0.102406
0.093526
0.084444
0.075180
0.065753
0.056184
0.046489
0.036691
0.026811
0.016874
0.006901
-0.003086
-0.013064
-0.023013
-0.032909
-0.042734
-0.052465
-0.062082
-0.071564
-0.080891
-0.090044
-0.099003
-0.107748
-0.116261
-0.124523
-0.132521
-0.140240
-0.147663
-0.154776
-0.161565
-0.168016
-0.174118
-0.179859
-0.185229
-0.190218
-0.194819
-0.199022
-0.202823
-0.206214
-0.209191
-0.211750
-0.213889
-0.215604
-0.216892
-0.217749
-0.218172
-0.218161
-0.217715
-0.216834
-0.215518
-0.213770
-0.211594
-0.208991
-0.205967
-0.202528
-0.198679
-0.194428
-0.189783
-0.184753
-0.179346
-0.173574
-0.167445
-0.160968
-0.154155
-0.147020
-0.139576
-0.131838
-0.123820
-0.115539
-0.107010
-0.098251
-0.089279
-0.080113
-0.070773
-0.061278
-0.051650
-0.041908
-0.032076
-0.022175
-0.012223
-0.002241
0.007746
0.017715
0.027645
0.037512
0.047296
0.056974
0.066528
0.075935
0.085177
0.094235
0.103089
0.111722
0.120116
0.128254
0.136119
0.143695
0.150968
0.157925
0.164555
0.170843
0.176778
0.182348
0.187543
0.192354
0.196771
0.200789
0.204398
0.207595
0.210374
0.212730
0.214660
0.216163
0.217237
0.217882
0.218097
0.217881
0.217234
0.216154
0.214643
0.212702
0.210335
0.207544
0.204333
0.200709
0.196676
0.192243
0.187417
0.182207
0.176622
0.170673
0.164372
0.157732
0.150764
0.143484
0.135901
0.128030
0.119886
0.111486
0.102849
0.093991
0.084931
0.075688
0.066281
0.056728
0.047052
0.037271
0.027407
0.017482
0.007518
-0.002464
-0.012439
-0.022385
-0.032280
-0.042104
-0.051837
-0.061455
-0.070939
-0.080269
-0.089424
-0.098386
-0.107135
-0.115655
-0.123928
