0.000000
0.001000
0.002000
0.003000
0.004000
0.005000
0.005999
0.006999
0.007998
0.008997
0.009996
0.010995
0.011994
0.012992
0.013990
0.014988
0.015985
0.016982
0.017979
0.018975
0.019971
0.020966
0.021961
0.022955
0.023949
0.024943
0.025936
0.026928
0.027920
0.028911
0.029901
0.030891
0.031880
0.032869
0.033856
0.034843
0.035830
0.036815
0.037800
0.038784
0.039767
0.040749
0.041730
0.042711
0.043690
0.044669
0.045646
0.046623
0.047598
0.048573
0.049546
0.050518
0.051490
0.052460
0.053429
0.054396
0.055363
0.056328
0.057292
0.058255
0.059217
0.060177
0.061136
0.062094
0.063050
0.064005
0.064959
0.065911
0.066861
0.067811
0.068758
0.069705
0.070649
0.071592
0.072534
0.073474
0.074412
0.075349
0.076284
0.077218
0.078150
0.079080
0.080008
0.080935
0.081860
0.082783
0.083704
0.084623
0.085541
0.086457
0.087371
0.088283
0.089193
0.090101
0.091007
0.091911
0.092814
0.093714
0.094612
0.095508
0.096402
0.097294
0.098184
0.099072
0.099958
0.100841
0.101722
0.102601
0.103478
0.104353
0.105225
0.106096
0.106964
0.107829
0.108692
0.109553
0.110412
0.111268
0.112122
0.112974
0.113823
0.114669
0.115513
0.116355
0.117194
0.118031
0.118865
0.119697
0.120526
0.121352
0.122176
0.122997
0.123816
0.124632
0.125446
0.126256
0.127064
0.127870
0.128672
0.129472
0.130269
0.131064
0.131855
0.132644
0.133430
0.134213
0.134994
0.135771
0.136546
0.137318
0.138087
0.138852
0.139615
0.140376
0.141133
0.141887
0.142638
0.143386
0.144131
0.144874
0.145613
0.146349
0.147082
0.147812
0.148539
0.149263
0.149983
0.150701
0.151415
0.152127
0.152835
0.153540
0.154241
0.154940
0.155635
0.156327
0.157016
0.157701
0.158383
0.159062
0.159738
0.160410
0.161079
0.161744
0.162406
0.163065
0.163720
0.164372
0.165021
0.165666
0.166308
0.166946
0.167581
0.168212
0.168840
0.169464
0.170085
0.170702
0.171316
0.171926
0.172533
0.173136
0.173735
0.174331
0.174923
0.175512
0.176097
0.176678
0.177256
0.177830
0.178401
0.178967
0.179530
0.180090
0.180645
0.181197
0.181745
0.182290
0.182830
0.183367
0.183900
0.184430
0.184955
0.185477
0.185995
0.186509
0.187019
0.187526
0.188028
0.188527
0.189022
0.189513
0.190000
0.190483
0.190963
0.191438
0.191910
0.192377
0.192841
0.193301
0.193757
0.194208
0.194656
0.195100
0.195540
0.195976
0.196408
0.196836
0.197260
0.197680
0.198096
0.198508
0.198916
0.199319
0.199719
0.200115
0.200507
0.200894
0.201278
0.201657
0.202032
0.202404
0.202771
0.203134
0.203493
0.203848
0.204198
0.204545
0.204887
0.205226
0.205560
0.205890
0.206216
0.206538
0.206855
0.207169
0.207478
0.207783
0.208084
0.208380
0.208673
0.208961
0.209245
0.209525
0.209801
0.210072
0.210340
0.210603
0.210862
0.211116
0.211367
0.211613
0.211855
0.212093
0.212326
0.212555
0.212780
0.213001
0.213217
0.213430
0.213638
0.213841
0.214041
0.214236
0.214427
0.214614
0.214796
0.214974
0.215148
0.215318
0.215483
0.215644
0.215801
0.215953
0.216101
0.216245
0.216385
0.216520
0.216651
0.216778
0.216901
0.217019
0.217133
0.217243
0.217348
0.217449
0.217546
0.217639
0.217727
0.217811
0.217891
0.217966
0.218037
0.218104
0.218166
0.218224
0.218278
0.218328
0.218373
0.218414
0.218451
0.218483
0.218511
0.218534
0.218554
0.218569
0.218579
0.218585
0.218587
0.218585
0.218578
0.218567
0.218552
0.218532
0.218508
0.218479
0.218447
0.218410
0.218368
0.218322
0.218272
0.218218
0.218159
0.218096
0.218028
0.217956
0.217880
0.217799
0.217715
0.217625
0.217532
0.217434
0.217332
0.217225
0.217114
0.216999
0.216879
0.216755
0.216627
0.216494
0.216357
0.216216
0.216071
0.215921
0.215766
0.215608
0.215445
0.215278
0.215106
0.214930
0.214750
0.214566
0.214377
0.214184
0.213987
0.213785
0.213579
0.213369
0.213155
0.212936
0.212713
0.212485
0.212254
0.212018
0.211778
0.211533
0.211285
0.211032
0.210774
0.210513
0.210247
0.209977
0.209703
0.209425
0.209142
0.208856
0.208565
0.208269
0.207970
0.207666
0.207358
0.207046
0.206730
0.206410
0.206085
0.205756
0.205424
0.205086
0.204745
0.204400
0.204050
0.203697
0.203339
0.202977
0.202611
0.202241
0.201867
0.201488
0.201106
0.200720
0.200329
0.199934
0.199536
0.199133
0.198726
0.198315
0.197901
0.197482
0.197059
0.196632
0.196201
0.195766
0.195327
0.194884
0.194437
0.193987
0.193532
0.193073
0.192610
0.192144
0.191673
0.191199
0.190721
0.190239
0.189752
0.189262
0.188769
0.188271
0.187769
0.187264
0.186755
0.186242
0.185725
0.185204
0.184680
0.184152
0.183620
0.183084
0.182545
0.182001
0.181454
0.180904
0.180349
0.179791
0.179230
0.178664
0.178095
0.177522
0.176946
0.176366
0.175782
0.175195
0.174604
0.174010
0.173412
0.172810
0.172205
0.171596
0.170984
0.170368
0.169749
0.169126
0.168500
0.167871
0.167238
0.166601
0.165961
0.165318
0.164671
0.164021
0.163367
0.162710
0.162050
0.161386
0.160719
0.160049
0.159376
0.158699
0.158019
0.157335
0.156649
0.155959
0.155266
0.154569
0.153869
0.153166
0.152460
0.151751
0.151038
0.150323
0.149604
0.148882
0.148156
0.147428
0.146697
0.145962
0.145225
0.144484
0.143740
0.142993
0.142244
0.141491
0.140735
0.139977
0.139215
0.138450
0.137683
0.136912
0.136139
0.135363
0.134584
0.133802
0.133017
0.132230
0.131439
0.130646
0.129850
0.129051
0.128250
0.127446
0.126639
0.125830
0.125017
0.124202
0.123385
0.122565
0.121742
0.120917
0.120089
0.119259
0.118426
0.117590
0.116752
0.115912
0.115069
0.114223
0.113375
0.112525
0.111672
0.110817
0.109960
0.109100
0.108238
0.107373
0.106507
0.105638
0.104766
0.103893
0.103017
0.102139
0.101259
0.100376
0.099492
0.098605
0.097716
0.096826
0.095933
0.095037
0.094140
0.093241
0.092340
0.091437
0.090532
0.089625
0.088716
0.087805
0.086892
0.085977
0.085061
0.084142
0.083222
0.082300
0.081376
0.080451
0.079523
0.078594
0.077663
0.076731
0.075797
0.074861
0.073923
0.072984
0.072044
0.071102
0.070158
0.069212
0.068266
0.067317
0.066367
0.065416
0.064464
0.063509
0.062554
0.061597
0.060639
0.059679
0.058718
0.057756
0.056793
0.055828
0.054862
0.053895
0.052927
0.051957
0.050987
0.050015
0.049042
0.048068
0.047093
0.046117
0.045140
0.044162
0.043183
0.042203
0.041222
0.040240
0.039257
0.038274
0.037289
0.036304
0.035318
0.034331
0.033343
0.032355
0.031366
0.030376
0.029385
0.028394
0.027403
0.026410
0.025417
0.024424
0.023430
0.022435
0.021440
0.020444
0.019449
0.018452
0.017455
0.016458
0.015461
0.014463
0.013464
0.012466
0.011467
0.010468
0.009469
0.008470
0.007470
0.006470
0.005471
0.004471
0.003471
0.002470
0.001470
0.000470
-0.000530
-0.001530
-0.002530
-0.003530
-0.004530
-0.005529
-0.006529
-0.007528
-0.008527
-0.009526
-0.010525
-0.011524
-0.012523
-0.013521
-0.014519
-0.015517
-0.016514
-0.017511
-0.018508
-0.019504
-0.020500
-0.021496
-0.022491
-0.023486
-0.024480
-0.025473
-0.026466
-0.027459
-0.028451
-0.029442
-0.030433
-0.031423
-0.032412
-0.033401
-0.034389
-0.035376
-0.036362
-0.037348
-0.038332
-0.039316
-0.040299
-0.041282
-0.042263
-0.043243
-0.044222
-0.045201
-0.046178
-0.047155
-0.048130
-0.049104
-0.050077
-0.051049
-0.052020
-0.052990
-0.053959
-0.054926
-0.055893
-0.056858
-0.057821
-0.058784
-0.059745
-0.060705
-0.061663
-0.062620
-0.063576
-0.064531
-0.065484
-0.066435
-0.067385
-0.068334
-0.069281
-0.070226
-0.071170
-0.072113
-0.073054
-0.073993
-0.074930
-0.075866
-0.076801
-0.077733
-0.078664
-0.079593
-0.080521
-0.081447
-0.082371
-0.083293
-0.084213
-0.085131
-0.086048
-0.086963
-0.087875
-0.088786
-0.089695
-0.090602
-0.091507
-0.092410
-0.093312
-0.094211
-0.095108
-0.096002
-0.096895
-0.097786
-0.098675
-0.099561
-0.100445
-0.101328
-0.102207
-0.103085
-0.103961
-0.104834
-0.105705
-0.106574
-0.107440
-0.108304
-0.109166
-0.110025
-0.110883
-0.111737
-0.112590
-0.113439
-0.114287
-0.115132
-0.115974
-0.116814
-0.117652
-0.118487
-0.119319
-0.120149
-0.120977
-0.121801
-0.122623
-0.123443
-0.124260
-0.125074
-0.125886
-0.126695
-0.127501
-0.128304
-0.129105
-0.129903
-0.130698
-0.131491
-0.132281
-0.133067
-0.133852
-0.134633
-0.135411
-0.136187
-0.136959
-0.137729
-0.138496
-0.139260
-0.140021
-0.140779
-0.141534
-0.142286
-0.143035
-0.143781
-0.144524
-0.145264
-0.146000
-0.146734
-0.147465
-0.148193
-0.148917
-0.149638
-0.150357
-0.151072
-0.151784
-0.152492
-0.153198
-0.153900
-0.154599
-0.155295
-0.155988
-0.156677
-0.157363
-0.158046
-0.158725
-0.159401
-0.160074
-0.160744
-0.161410
-0.162073
-0.162732
-0.163388
-0.164040
-0.164690
-0.165335
-0.165977
-0.166616
-0.167252
-0.167883
-0.168512
-0.169137
-0.169758
-0.170376
-0.170991
-0.171602
-0.172209
-0.172813
-0.173413
-0.174010
-0.174603
-0.175193
-0.175779
-0.176361
-0.176940
-0.177515
-0.178087
-0.178655
-0.179219
-0.179780
-0.180336
-0.180890
-0.181439
-0.181985
-0.182527
-0.183065
-0.183600
-0.184131
-0.184658
-0.185181
-0.185700
-0.186216
-0.186728
-0.187236
-0.187740
-0.188241
-0.188737
-0.189230
-0.189719
-0.190204
-0.190685
-0.191162
-0.191636
-0.192105
-0.192571
-0.193032
-0.193490
-0.193944
-0.194393
-0.194839
-0.195281
-0.195719
-0.196153
-0.196583
-0.197009
-0.197431
-0.197849
-0.198262
-0.198672
-0.199078
-0.199480
-0.199878
-0.200271
-0.200661
-0.201047
-0.201428
-0.201805
-0.202179
-0.202548
-0.202913
-0.203274
-0.203631
-0.203984
-0.204333
-0.204677
-0.205017
-0.205354
-0.205686
-0.206014
-0.206338
-0.206657
-0.206973
-0.207284
-0.207591
-0.207894
-0.208193
-0.208487
-0.208777
-0.209063
-0.209345
-0.209623
-0.209896
-0.210166
-0.210431
-0.210691
-0.210948
-0.211200
-0.211448
-0.211692
-0.211932
-0.212167
-0.212398
-0.212625
-0.212847
-0.213065
-0.213279
-0.213489
-0.213694
-0.213895
-0.214092
-0.214284
-0.214473
-0.214657
-0.214836
-0.215011
-0.215182
-0.215349
-0.215512
-0.215670
-0.215823
-0.215973
-0.216118
-0.216259
-0.216395
-0.216527
-0.216655
-0.216779
-0.216898
-0.217013
-0.217123
-0.217229
-0.217331
-0.217429
-0.217522
-0.217611
-0.217695
-0.217776
-0.217851
-0.217923
-0.217990
-0.218053
-0.218111
-0.218166
-0.218215
-0.218261
-0.218302
-0.218339
-0.218371
-0.218399
-0.218423
-0.218443
-0.218458
-0.218469
-0.218475
-0.218477
-0.218475
-0.218468
-0.218458
-0.218442
-0.218423
-0.218399
-0.218371
-0.218338
-0.218302
-0.218260
-0.218215
-0.218165
-0.218111
-0.218053
-0.217990
-0.217923
-0.217852
-0.217776
-0.217696
-0.217612
-0.217523
-0.217431
-0.217334
-0.217232
-0.217127
-0.217017
-0.216902
-0.216784
-0.216661
-0.216534
-0.216403
-0.216267
-0.216127
-0.215983
-0.215835
-0.215682
-0.215525
-0.215363
-0.215198
-0.215028
-0.214854
-0.214676
-0.214493
-0.214306
-0.214115
-0.213919
-0.213720
-0.213516
-0.213307
-0.213095
-0.212878
-0.212657
-0.212432
-0.212202
-0.211969
-0.211731
-0.211489
-0.211242
-0.210992
-0.210737
-0.210478
-0.210214
-0.209947
-0.209675
-0.209399
-0.209119
-0.208834
-0.208546
-0.208253
-0.207956
-0.207655
-0.207350
-0.207040
-0.206727
-0.206409
-0.206087
-0.205761
-0.205430
-0.205096
-0.204757
-0.204415
-0.204068
-0.203717
-0.203362
-0.203003
-0.202639
-0.202272
-0.201900
-0.201525
-0.201145
-0.200761
-0.200373
-0.199981
-0.199585
-0.199185
-0.198781
-0.198373
-0.197961
-0.197545
-0.197124
-0.196700
-0.196272
-0.195840
-0.195403
-0.194963
-0.194519
-0.194071
-0.193619
-0.193163
-0.192703
-0.192239
-0.191771
-0.191299
-0.190823
-0.190343
-0.189860
-0.189372
-0.188881
-0.188386
-0.187887
-0.187384
-0.186877
-0.186366
-0.185852
-0.185333
-0.184811
-0.184285
-0.183756
-0.183222
-0.182685
-0.182144
-0.181599
-0.181050
-0.180498
-0.179942
-0.179383
-0.178819
-0.178252
-0.177681
-0.177107
-0.176529
-0.175947
-0.175361
-0.174772
-0.174180
-0.173583
-0.172983
-0.172380
-0.171773
-0.171162
-0.170548
-0.169930
-0.169309
-0.168684
-0.168056
-0.167424
-0.166789
-0.166150
-0.165508
-0.164863
-0.164213
-0.163561
-0.162905
-0.162246
-0.161583
-0.160917
-0.160248
-0.159575
-0.158899
-0.158220
-0.157537
-0.156851
-0.156162
-0.155469
-0.154773
-0.154074
-0.153372
-0.152667
-0.151958
-0.151246
-0.150531
-0.149813
-0.149092
-0.148367
-0.147640
-0.146909
-0.146175
-0.145439
-0.144699
-0.143956
-0.143210
-0.142461
-0.141709
-0.140955
-0.140197
-0.139436
-0.138672
-0.137906
-0.137136
-0.136364
-0.135589
-0.134811
-0.134030
-0.133246
-0.132459
-0.131670
-0.130878
-0.130083
-0.129286
-0.128485
-0.127682
-0.126877
-0.126068
-0.125257
-0.124444
-0.123628
-0.122809
-0.121987
-0.121163
-0.120337
-0.119508
-0.118676
-0.117842
-0.117005
-0.116166
-0.115324
-0.114480
-0.113633
-0.112784
-0.111932
-0.111078
-0.110221
-0.109363
-0.108501
-0.107638
-0.106772
-0.105904
-0.105033
-0.104160
-0.103285
-0.102408
-0.101529
-0.100647
-0.099763
-0.098877
-0.097989
-0.097099
-0.096207
-0.095312
-0.094416
-0.093517
-0.092617
-0.091714
-0.090810
-0.089903
-0.088995
-0.088085
-0.087173
-0.086259
-0.085343
-0.084425
-0.083505
-0.082584
-0.081661
-0.080736
-0.079809
-0.078881
-0.077951
-0.077019
-0.076086
-0.075151
-0.074214
-0.073276
-0.072336
-0.071395
-0.070452
-0.069507
-0.068561
-0.067614
-0.066665
-0.065715
-0.064763
-0.063810
-0.062855
-0.061899
-0.060942
-0.059984
-0.059024
-0.058063
-0.057100
-0.056137
-0.055172
-0.054206
-0.053238
-0.052270
-0.051301
-0.050330
-0.049358
-0.048385
-0.047412
-0.046437
-0.045461
-0.044484
-0.043506
-0.042527
-0.041548
-0.040567
-0.039586
-0.038603
-0.037620
-0.036636
-0.035651
-0.034665
-0.033679
-0.032692
-0.031704
-0.030716
-0.029726
-0.028736
-0.027746
-0.026755
-0.025763
-0.024771
-0.023778
-0.022785
-0.021791
-0.020796
-0.019802
-0.018806
-0.017811
-0.016815
-0.015818
-0.014821
-0.013824
-0.012827
-0.011829
-0.010831
-0.009833
-0.008834
-0.007836
-0.006837
-0.005838
-0.004838
-0.003839
-0.002840
-0.001840
-0.000841
0.000159
0.001159
0.002158
0.003158
0.004157
0.005157
0.006156
0.007155
0.008154
0.009153
0.010152
0.011150
0.012148
0.013146
0.014144
0.015142
0.016139
0.017136
0.018132
0.019128
0.020124
0.021119
0.022113
0.023108
0.024102
0.025095
0.026087
0.027080
0.028071
0.029062
0.030052
0.031042
0.032031
0.033019
0.034007
0.034993
0.035980
0.036965
0.037949
0.038933
0.039915
0.040897
0.041878
0.042858
0.043837
0.044815
0.045792
0.046768
0.047743
0.048717
0.049690
0.050662
0.051633
0.052602
0.053570
0.054537
0.055503
0.056468
0.057431
0.058393
0.059354
0.060313
0.061271
0.062228
0.063184
0.064138
0.065091
0.066042
0.066992
0.067940
0.068888
0.069833
0.070777
0.071720
0.072661
0.073600
0.074538
0.075475
0.076409
0.077342
0.078274
0.079204
0.080132
0.081058
0.081982
0.082905
0.083826
0.084745
0.085663
0.086578
0.087492
0.088403
0.089313
0.090221
0.091127
0.092031
0.092933
0.093833
0.094731
0.095627
0.096520
0.097412
0.098302
0.099189
0.100074
0.100958
0.101839
0.102717
0.103594
0.104468
0.105340
0.106210
0.107078
0.107943
0.108806
0.109666
0.110525
0.111380
0.112234
0.113085
0.113933
0.114780
0.115623
0.116464
0.117303
0.118139
0.118973
0.119804
0.120632
0.121458
0.122281
0.123102
0.123920
0.124735
0.125548
0.126358
0.127165
0.127970
0.128772
0.129571
0.130367
0.131160
0.131951
0.132739
0.133524
0.134306
0.135086
0.135862
0.136636
0.137407
0.138174
0.138939
0.139701
0.140460
0.141216
0.141969
0.142719
0.143466
0.144210
0.144951
0.145689
0.146423
0.147155
0.147883
0.148609
0.149331
0.150050
0.150766
0.151479
0.152188
0.152895
0.153598
0.154298
0.154994
0.155688
0.156378
0.157065
0.157748
0.158429
0.159106
0.159779
0.160450
0.161117
0.161780
0.162440
0.163097
0.163751
0.164401
0.165047
0.165690
0.166330
0.166966
0.167599
0.168228
0.168854
0.169476
0.170095
0.170710
0.171322
0.171930
0.172535
0.173136
0.173733
0.174327
0.174917
0.175504
0.176087
0.176666
0.177242
0.177814
0.178382
0.178947
0.179508
0.180065
0.180619
0.181169
0.181715
0.182258
0.182797
0.183332
0.183863
0.184390
0.184914
0.185434
0.185950
0.186463
0.186971
0.187476
0.187977
0.188474
0.188967
0.189457
0.189942
0.190424
0.190902
0.191376
0.191846
0.192312
0.192774
0.193232
0.193687
0.194138
0.194584
0.195027
0.195466
0.195901
0.196332
0.196759
0.197182
0.197601
0.198016
0.198427
0.198834
0.199237
0.199636
0.200031
0.200422
0.200809
0.201192
0.201571
0.201946
0.202316
0.202683
0.203046
0.203404
0.203759
0.204109
0.204455
0.204798
0.205136
0.205470
0.205799
0.206125
0.206447
0.206764
0.207077
0.207386
0.207691
0.207992
0.208288
0.208581
0.208869
0.209153
0.209432
0.209708
0.209979
0.210246
0.210509
0.210768
0.211023
0.211273
0.211519
0.211761
0.211998
0.212231
0.212460
0.212685
0.212906
0.213122
0.213334
0.213541
0.213745
0.213944
0.214139
0.214329
0.214515
0.214697
0.214875
0.215048
0.215217
0.215382
0.215542
0.215698
0.215850
0.215998
0.216141
0.216279
0.216414
0.216544
0.216670
0.216791
0.216908
0.217021
0.217130
0.217234
0.217333
0.217429
0.217520
0.217607
0.217689
0.217767
0.217841
0.217910
0.217975
0.218035
0.218092
0.218144
0.218191
0.218234
0.218273
0.218307
0.218337
0.218363
0.218384
0.218401
0.218414
0.218422
0.218426
0.218426
0.218421
0.218412
0.218398
0.218380
0.218358
0.218331
0.218300
0.218265
0.218225
0.218181
0.218133
0.218080
0.218023
0.217961
0.217895
0.217825
0.217751
0.217672
0.217589
0.217501
0.217409
0.217313
0.217212
0.217108
0.216998
0.216885
0.216767
0.216645
0.216518
0.216387
0.216252
0.216113
0.215969
0.215821
0.215669
0.215512
0.215351
0.215186
0.215016
0.214842
0.214664
0.214482
0.214295
0.214104
0.213909
0.213709
0.213506
0.213298
0.213085
0.212869
0.212648
0.212423
0.212194
0.211961
0.211723
0.211481
0.211235
0.210985
0.210730
0.210472
0.210209
0.209942
0.209671
0.209395
0.209116
0.208832
0.208544
0.208252
0.207956
0.207655
0.207351
0.207042
0.206730
0.206413
0.206092
0.205767
0.205438
0.205104
0.204767
0.204425
0.204079
0.203730
0.203376
0.203018
0.202656
0.202290
0.201919
0.201545
0.201167
0.200784
0.200398
0.200007
0.199613
0.199214
0.198812
0.198405
0.197994
0.197580
0.197161
0.196738
0.196312
0.195881
0.195447
0.195008
0.194566
0.194119
0.193669
0.193214
0.192756
0.192294
0.191828
0.191358
0.190884
0.190406
0.189924
0.189439
0.188949
0.188456
0.187959
0.187458
0.186953
0.186444
0.185932
0.185416
0.184895
0.184372
0.183844
0.183312
0.182777
0.182238
0.181696
0.181149
0.180599
0.180045
0.179488
0.178926
0.178361
0.177793
0.177220
0.176644
0.176065
0.175481
0.174895
0.174304
0.173710
0.173112
0.172511
0.171906
0.171298
0.170686
0.170070
0.169451
0.168829
0.168202
0.167573
0.166940
0.166303
0.165663
0.165020
0.164373
0.163723
0.163069
0.162412
0.161751
0.161087
0.160420
0.159750
0.159076
0.158398
0.157718
0.157034
0.156347
0.155656
0.154963
0.154266
0.153565
0.152862
0.152155
0.151445
0.150732
0.150016
0.149297
0.148574
0.147849
0.147120
0.146388
0.145653
0.144915
0.144174
0.143430
0.142683
0.141933
0.141180
0.140424
0.139665
0.138903
0.138138
0.137370
0.136599
0.135825
0.135049
0.134269
0.133487
0.132702
0.131914
0.131123
0.130330
0.129533
0.128734
0.127933
0.127128
0.126321
0.125511
0.124699
0.123883
0.123065
0.122245
0.121422
0.120596
0.119768
0.118937
0.118104
0.117268
0.116430
0.115589
0.114746
0.113900
0.113052
0.112201
0.111348
0.110493
0.109635
0.108775
0.107913
0.107048
0.106181
0.105312
0.104440
0.103567
0.102691
0.101813
0.100932
0.100050
0.099165
0.098279
0.097390
0.096499
0.095606
0.094711
0.093814
0.092915
0.092014
0.091111
0.090206
0.089298
0.088389
0.087478
0.086565
0.085650
0.084734
0.083815
0.082894
0.081972
0.081048
0.080122
0.079195
0.078265
0.077334
0.076401
0.075467
0.074531
0.073593
0.072654
0.071713
0.070771
0.069827
0.068881
0.067934
0.066986
0.066036
0.065084
0.064132
0.063178
0.062222
0.061265
0.060307
0.059347
0.058387
0.057424
0.056461
0.055497
0.054531
0.053564
0.052596
0.051627
0.050656
0.049685
0.048712
0.047739
0.046764
0.045789
0.044812
0.043835
0.042856
0.041877
0.040896
0.039915
0.038933
0.037950
0.036967
0.035982
0.034997
0.034011
0.033024
0.032037
0.031048
0.030060
0.029070
0.028080
0.027089
0.026098
0.025106
0.024114
0.023121
0.022128
0.021134
0.020139
0.019145
0.018149
0.017154
0.016158
0.015162
0.014165
0.013168
0.012171
0.011174
0.010176
0.009178
0.008180
0.007182
0.006183
0.005185
0.004186
0.003187
0.002188
0.001189
0.000190
-0.000809
-0.001807
-0.002806
-0.003805
-0.004804
-0.005802
-0.006801
-0.007799
-0.008798
-0.009796
-0.010793
-0.011791
-0.012788
-0.013785
-0.014782
-0.015778
-0.016774
-0.017770
-0.018766
-0.019760
-0.020755
-0.021749
-0.022743
-0.023736
-0.024728
-0.025721
-0.026712
-0.027703
-0.028693
-0.029683
-0.030672
-0.031661
-0.032648
-0.033635
-0.034622
-0.035607
-0.036592
-0.037576
-0.038560
-0.039542
-0.040523
-0.041504
-0.042484
-0.043463
-0.044441
-0.045418
-0.046394
-0.047369
-0.048343
-0.049315
-0.050287
-0.051258
-0.052228
-0.053196
-0.054163
-0.055130
-0.056095
-0.057058
-0.058021
-0.058982
-0.059942
-0.060901
-0.061858
-0.062814
-0.063769
-0.064722
-0.065674
-0.066624
-0.067573
-0.068521
-0.069467
-0.070411
-0.071354
-0.072295
-0.073235
-0.074173
-0.075110
-0.076044
-0.076978
-0.077909
-0.078839
-0.079767
-0.080693
-0.081618
-0.082541
-0.083461
-0.084380
-0.085298
-0.086213
-0.087126
-0.088038
-0.088947
-0.089855
-0.090761
-0.091664
-0.092566
-0.093466
-0.094364
-0.095260
-0.096153
-0.097045
-0.097935
-0.098822
-0.099708
-0.100591
-0.101472
-0.102351
-0.103228
-0.104103
-0.104975
-0.105845
-0.106713
-0.107579
-0.108442
-0.109303
-0.110162
-0.111018
-0.111872
-0.112723
-0.113572
-0.114419
-0.115263
-0.116105
-0.116944
-0.117781
-0.118615
-0.119447
-0.120276
-0.121103
-0.121927
-0.122748
-0.123567
-0.124383
-0.125196
-0.126007
-0.126815
-0.127621
-0.128423
-0.129223
-0.130020
-0.130815
-0.131607
-0.132395
-0.133181
-0.133965
-0.134745
-0.135523
-0.136297
-0.137069
-0.137838
-0.138604
-0.139367
-0.140127
-0.140884
-0.141638
-0.142389
-0.143137
-0.143882
-0.144624
-0.145363
-0.146098
-0.146831
-0.147561
-0.148287
-0.149011
-0.149731
-0.150448
-0.151162
-0.151873
-0.152580
-0.153285
-0.153986
-0.154684
-0.155378
-0.156070
-0.156758
-0.157442
-0.158124
-0.158802
-0.159477
-0.160149
-0.160817
-0.161482
-0.162143
-0.162801
-0.163456
-0.164107
-0.164755
-0.165399
-0.166040
-0.166678
-0.167312
-0.167942
-0.168569
-0.169193
-0.169813
-0.170429
-0.171042
-0.171651
-0.172257
-0.172859
-0.173458
-0.174053
-0.174645
-0.175233
-0.175817
-0.176397
-0.176974
-0.177548
-0.178117
-0.178683
-0.179246
-0.179804
-0.180359
-0.180910
-0.181458
-0.182002
-0.182542
-0.183078
-0.183610
-0.184139
-0.184664
-0.185185
-0.185703
-0.186216
-0.186726
-0.187232
-0.187734
-0.188232
-0.188727
-0.189217
-0.189704
-0.190187
-0.190666
-0.191141
-0.191612
-0.192080
-0.192543
-0.193003
-0.193458
-0.193910
-0.194358
-0.194801
-0.195241
-0.195677
-0.196109
-0.196537
-0.196961
-0.197381
-0.197797
-0.198209
-0.198617
-0.199021
-0.199421
-0.199817
-0.200209
-0.200597
-0.200981
-0.201361
-0.201737
-0.202109
-0.202477
-0.202841
-0.203201
-0.203556
-0.203908
-0.204255
-0.204599
-0.204938
-0.205273
-0.205604
-0.205931
-0.206254
-0.206573
-0.206888
-0.207198
-0.207505
-0.207807
-0.208105
-0.208399
-0.208688
-0.208974
-0.209255
-0.209532
-0.209805
-0.210074
-0.210339
-0.210599
-0.210855
-0.211107
-0.211355
-0.211598
-0.211838
-0.212073
-0.212303
-0.212530
-0.212752
-0.212970
-0.213184
-0.213393
-0.213599
-0.213800
-0.213996
-0.214189
-0.214377
-0.214560
-0.214740
-0.214915
-0.215086
-0.215253
-0.215415
-0.215573
-0.215727
-0.215876
-0.216021
-0.216162
-0.216299
-0.216431
-0.216558
-0.216682
-0.216801
-0.216916
-0.217026
-0.217132
-0.217234
-0.217332
-0.217425
-0.217513
-0.217598
-0.217678
-0.217754
-0.217825
-0.217892
-0.217954
-0.218013
-0.218067
-0.218116
-0.218161
-0.218202
-0.218239
-0.218271
-0.218299
-0.218322
-0.218341
-0.218356
-0.218366
-0.218372
-0.218373
-0.218371
-0.218363
-0.218352
-0.218336
-0.218316
-0.218291
-0.218262
-0.218229
-0.218191
-0.218149
-0.218102
-0.218052
-0.217997
-0.217937
-0.217873
-0.217805
-0.217732
-0.217655
-0.217574
-0.217488
-0.217398
-0.217304
-0.217205
-0.217102
-0.216995
-0.216883
-0.216767
-0.216647
-0.216522
-0.216393
-0.216260
-0.216122
-0.215980
-0.215834
-0.215683
-0.215528
-0.215369
-0.215205
-0.215038
-0.214865
-0.214689
-0.214508
-0.214323
-0.214134
-0.213940
-0.213742
-0.213540
-0.213334
-0.213123
-0.212908
-0.212689
-0.212465
-0.212238
-0.212006
-0.211769
-0.211529
-0.211284
-0.211035
-0.210782
-0.210525
-0.210263
-0.209997
-0.209727
-0.209453
-0.209175
-0.208892
-0.208606
-0.208315
-0.208020
-0.207720
-0.207417
-0.207109
-0.206798
-0.206482
-0.206162
-0.205838
-0.205510
-0.205177
-0.204841
-0.204500
-0.204156
-0.203807
-0.203454
-0.203097
-0.202736
-0.202371
-0.202002
-0.201629
-0.201252
-0.200871
-0.200486
-0.200097
-0.199703
-0.199306
-0.198905
-0.198500
-0.198091
-0.197677
-0.197260
-0.196839
-0.196414
-0.195985
-0.195551
-0.195114
-0.194673
-0.194228
-0.193779
-0.193326
-0.192870
-0.192409
-0.191944
-0.191476
-0.191003
-0.190527
-0.190047
-0.189562
-0.189075
-0.188583
-0.188087
-0.187588
-0.187084
-0.186577
-0.186066
-0.185551
-0.185033
-0.184510
-0.183984
-0.183454
-0.182921
-0.182383
-0.181842
-0.181297
-0.180748
-0.180196
-0.179640
-0.179080
-0.178517
-0.177950
-0.177379
-0.176805
-0.176227
-0.175645
-0.175060
-0.174471
-0.173878
-0.173282
-0.172682
-0.172079
-0.171472
-0.170862
-0.170248
-0.169630
-0.169009
-0.168385
-0.167757
-0.167125
-0.166490
-0.165852
-0.165210
-0.164565
-0.163916
-0.163264
-0.162608
-0.161949
-0.161287
-0.160621
-0.159952
-0.159280
-0.158604
-0.157925
-0.157243
-0.156557
-0.155869
-0.155176
-0.154481
-0.153782
-0.153081
-0.152376
-0.151667
-0.150956
-0.150241
-0.149523
-0.148802
-0.148078
-0.147351
-0.146621
-0.145888
-0.145151
-0.144412
-0.143669
-0.142924
-0.142175
-0.141423
-0.140669
-0.139911
-0.139151
-0.138387
-0.137621
-0.136851
-0.136079
-0.135304
-0.134526
-0.133745
-0.132962
-0.132175
-0.131386
-0.130594
-0.129799
-0.129001
-0.128201
-0.127398
-0.126592
-0.125783
-0.124972
-0.124158
-0.123342
-0.122523
-0.121701
-0.120877
-0.120050
-0.119220
-0.118388
-0.117553
-0.116716
-0.115877
-0.115035
-0.114190
-0.113343
-0.112494
-0.111642
-0.110788
-0.109931
-0.109072
-0.108211
-0.107347
-0.106481
-0.105613
-0.104743
-0.103870
-0.102995
-0.102118
-0.101239
-0.100357
-0.099473
-0.098588
-0.097700
-0.096810
-0.095918
-0.095023
-0.094127
-0.093229
-0.092329
-0.091426
-0.090522
-0.089616
-0.088708
-0.087798
-0.086886
-0.085973
-0.085057
-0.084140
-0.083220
-0.082300
-0.081377
-0.080452
-0.079526
-0.078598
-0.077668
-0.076736
-0.075803
-0.074868
-0.073932
-0.072993
-0.072053
-0.071112
-0.070169
-0.069224
-0.068278
-0.067331
-0.066382
-0.065431
-0.064479
-0.063526
-0.062571
-0.061615
-0.060657
-0.059698
-0.058738
-0.057777
-0.056814
-0.055850
-0.054885
-0.053918
-0.052951
-0.051982
-0.051012
-0.050041
-0.049069
-0.048096
-0.047122
-0.046147
-0.045170
-0.044193
-0.043215
-0.042236
-0.041256
-0.040275
-0.039294
-0.038311
-0.037328
-0.036343
-0.035358
-0.034373
-0.033386
-0.032399
-0.031411
-0.030422
-0.029433
-0.028443
-0.027453
-0.026462
-0.025470
-0.024478
-0.023485
-0.022492
-0.021499
-0.020504
-0.019510
-0.018515
-0.017520
-0.016524
-0.015528
-0.014531
-0.013535
-0.012538
-0.011540
-0.010543
-0.009545
-0.008547
-0.007549
-0.006551
-0.005553
-0.004554
-0.003556
-0.002557
-0.001558
-0.000560
0.000439
0.001438
0.002437
0.003435
0.004434
0.005432
0.006430
0.007429
0.008427
0.009424
0.010422
0.011419
0.012416
0.013413
0.014410
0.015406
0.016402
0.017397
0.018392
0.019387
0.020382
0.021375
0.022369
0.023362
0.024354
0.025346
0.026337
0.027328
0.028318
0.029308
0.030297
0.031285
0.032272
0.033259
0.034245
0.035231
0.036216
0.037199
0.038182
0.039165
0.040146
0.041127
0.042106
0.043085
0.044063
0.045040
0.046015
0.046990
0.047964
0.048937
0.049909
0.050879
0.051849
0.052817
0.053785
0.054751
0.055716
0.056679
0.057642
0.058603
0.059563
0.060522
0.061479
0.062436
0.063390
0.064344
0.065296
0.066246
0.067195
0.068143
0.069089
0.070034
0.070977
0.071919
0.072859
0.073797
0.074734
0.075669
0.076603
0.077535
0.078465
0.079394
0.080321
0.081246
0.082169
0.083091
0.084010
0.084928
0.085844
0.086759
0.087671
0.088581
0.089490
0.090396
0.091301
0.092203
0.093104
0.094002
0.094899
0.095793
0.096685
0.097575
0.098463
0.099349
0.100233
0.101114
0.101993
0.102870
0.103745
0.104618
0.105488
0.106357
0.107223
0.108086
0.108948
0.109807
0.110663
0.111518
0.112370
0.113219
0.114067
0.114911
0.115754
0.116593
0.117431
0.118266
0.119098
0.119928
0.120755
0.121580
0.122402
0.123221
0.124038
0.124852
0.125664
0.126473
0.127279
0.128083
0.128883
0.129681
0.130477
0.131269
0.132059
0.132846
0.133630
0.134411
0.135190
0.135965
0.136738
0.137508
0.138275
0.139039
0.139800
0.140558
0.141313
0.142065
0.142814
0.143560
0.144303
0.145043
0.145780
0.146514
0.147244
0.147972
0.148696
0.149418
0.150136
0.150851
0.151563
0.152272
0.152977
0.153680
0.154379
0.155074
0.155767
0.156456
0.157142
0.157825
0.158504
0.159181
0.159853
0.160523
0.161189
0.161851
0.162511
0.163167
0.163819
0.164468
0.165114
0.165756
0.166395
0.167030
0.167662
0.168290
0.168915
0.169536
0.170154
0.170768
0.171379
0.171986
0.172590
0.173190
0.173786
0.174379
0.174968
0.175553
0.176135
0.176714
0.177288
0.177859
0.178426
0.178990
0.179550
0.180106
0.180659
0.181207
0.181752
0.182294
0.182831
0.183365
0.183895
0.184421
0.184944
0.185463
0.185977
0.186488
0.186996
0.187499
0.187999
0.188494
0.188986
0.189474
0.189958
0.190439
0.190915
0.191387
0.191856
0.192321
0.192781
0.193238
0.193691
0.194140
0.194585
0.195026
0.195463
0.195896
0.196326
0.196751
0.197172
0.197589
0.198002
0.198412
0.198817
0.199218
0.199615
0.200008
0.200397
0.200782
0.201163
0.201540
0.201913
0.202282
0.202647
0.203007
0.203364
0.203717
0.204065
0.204409
0.204750
0.205086
0.205418
0.205746
0.206070
0.206390
0.206705
0.207017
0.207324
0.207627
0.207927
0.208222
0.208513
0.208799
0.209082
0.209360
0.209634
0.209904
0.210170
0.210432
0.210689
0.210943
0.211192
0.211437
0.211677
0.211914
0.212146
0.212374
0.212598
0.212817
0.213032
0.213243
0.213450
0.213653
0.213851
0.214045
0.214235
0.214420
0.214601
0.214778
0.214951
0.215119
0.215283
0.215443
0.215598
0.215749
0.215896
0.216038
0.216177
0.216310
0.216440
0.216565
0.216686
0.216803
0.216915
0.217023
0.217126
0.217226
0.217321
0.217411
0.217497
0.217579
0.217657
0.217730
0.217799
0.217864
0.217924
0.217980
0.218031
0.218078
0.218121
0.218159
0.218193
0.218223
0.218248
0.218269
0.218286
0.218298
0.218306
0.218309
0.218308
0.218303
0.218294
0.218280
0.218261
0.218239
0.218212
0.218180
0.218144
0.218104
0.218060
0.218011
0.217958
0.217900
0.217838
0.217772
0.217701
0.217626
0.217547
0.217463
0.217375
0.217283
0.217186
0.217085
0.216979
0.216870
0.216756
0.216637
0.216514
0.216387
0.216256
0.216120
0.215980
0.215835
0.215686
0.215533
0.215376
0.215214
0.215048
0.214878
0.214703
0.214524
0.214341
0.214153
0.213961
0.213765
0.213565
0.213360
0.213151
0.212938
0.212720
0.212499
0.212273
0.212042
0.211808
0.211569
0.211326
0.211078
0.210827
0.210571
0.210311
0.210047
0.209778
0.209506
0.209229
0.208948
0.208663
0.208373
0.208080
0.207782
0.207480
0.207174
0.206863
0.206549
0.206230
0.205908
0.205581
0.205250
0.204915
0.204575
0.204232
0.203884
0.203533
0.203177
0.202817
0.202454
0.202086
0.201714
0.201338
0.200958
0.200573
0.200185
0.199793
0.199397
0.198997
0.198593
0.198184
0.197772
0.197356
0.196936
0.196512
0.196084
0.195652
0.195216
0.194776
0.194332
0.193884
0.193432
0.192977
0.192518
0.192054
0.191587
0.191116
0.190641
0.190162
0.189680
0.189193
0.188703
0.188209
0.187710
0.187209
0.186703
0.186193
0.185680
0.185163
0.184642
0.184117
0.183589
0.183056
0.182520
0.181981
0.181437
0.180890
0.180339
0.179784
0.179226
0.178664
0.178099
0.177529
0.176956
0.176380
0.175799
0.175215
0.174628
0.174037
0.173442
0.172844
0.172242
0.171637
0.171028
0.170415
0.169799
0.169179
0.168556
0.167930
0.167300
0.166666
0.166029
0.165389
0.164745
0.164098
0.163447
0.162793
0.162136
0.161475
0.160811
0.160143
0.159472
0.158798
0.158120
0.157439
0.156755
0.156068
0.155377
0.154683
0.153986
0.153286
0.152582
0.151875
0.151165
0.150452
0.149736
0.149016
0.148293
0.147568
0.146839
0.146107
0.145372
0.144634
0.143893
0.143148
0.142401
0.141651
0.140898
0.140142
0.139383
0.138621
0.137856
0.137088
0.136317
0.135543
0.134766
0.133987
0.133205
0.132419
0.131632
0.130841
0.130047
0.129251
0.128452
0.127650
0.126846
0.126038
0.125228
0.124416
0.123601
0.122783
0.121962
0.121139
0.120314
0.119485
0.118654
0.117821
0.116985
0.116147
0.115306
0.114463
0.113617
0.112769
0.111918
0.111065
0.110209
0.109351
0.108491
0.107629
0.106764
0.105897
0.105027
0.104156
0.103282
0.102406
0.101527
0.100647
0.099764
0.098879
0.097992
0.097103
0.096212
0.095319
0.094423
0.093526
0.092626
0.091725
0.090822
0.089916
0.089009
0.088100
0.087189
0.086276
0.085361
0.084444
0.083525
0.082605
0.081683
0.080759
0.079833
0.078906
0.077977
0.077046
0.076114
0.075180
0.074244
0.073307
0.072368
0.071427
0.070485
0.069542
0.068597
0.067650
0.066702
0.065753
0.064802
0.063850
0.062896
0.061941
0.060985
0.060028
0.059069
0.058108
0.057147
0.056184
0.055220
0.054254
0.053288
0.052320
0.051351
0.050381
0.049410
0.048437
0.047464
0.046489
0.045514
0.044537
0.043559
0.042581
0.041601
0.040621
0.039640
0.038658
0.037675
0.036691
0.035706
0.034721
0.033734
0.032747
0.031760
0.030771
0.029782
0.028793
0.027802
0.026811
0.025820
0.024828
0.023835
0.022842
0.021849
0.020855
0.019860
0.018865
0.017870
0.016874
0.015878
0.014882
0.013885
0.012888
0.011891
0.010893
0.009895
0.008897
0.007899
0.006901
0.005902
0.004904
0.003905
0.002907
0.001908
0.000909
-0.000090
-0.001088
-0.002087
-0.003086
-0.004084
-0.005083
-0.006081
-0.007079
-0.008077
-0.009075
-0.010073
-0.011070
-0.012067
-0.013064
-0.014061
-0.015057
-0.016053
-0.017048
-0.018043
-0.019038
-0.020032
-0.021026
-0.022020
-0.023013
-0.024005
-0.024997
-0.025988
-0.026979
-0.027969
-0.028958
-0.029947
-0.030935
-0.031923
-0.032909
-0.033896
-0.034881
-0.035865
-0.036849
-0.037832
-0.038814
-0.039795
-0.040776
-0.041755
-0.042734
-0.043711
-0.044688
-0.045664
-0.046639
-0.047612
-0.048585
-0.049557
-0.050527
-0.051496
-0.052465
-0.053432
-0.054398
-0.055363
-0.056326
-0.057289
-0.058250
-0.059210
-0.060168
-0.061126
-0.062082
-0.063036
-0.063989
-0.064941
-0.065892
-0.066841
-0.067788
-0.068734
-0.069679
-0.070622
-0.071564
-0.072504
-0.073442
-0.074379
-0.075314
-0.076248
-0.077180
-0.078111
-0.079039
-0.079966
-0.080891
-0.081815
-0.082737
-0.083656
-0.084575
-0.085491
-0.086405
-0.087318
-0.088229
-0.089137
-0.090044
-0.090949
-0.091852
-0.092753
-0.093652
-0.094549
-0.095444
-0.096337
-0.097228
-0.098117
-0.099003
-0.099888
-0.100770
-0.101650
-0.102528
-0.103404
-0.104277
-0.105148
-0.106017
-0.106884
-0.107748
-0.108610
-0.109470
-0.110327
-0.111182
-0.112035
-0.112885
-0.113733
-0.114578
-0.115421
-0.116261
-0.117098
-0.117934
-0.118766
-0.119596
-0.120424
-0.121249
-0.122071
-0.122891
-0.123708
-0.124523
-0.125335
-0.126144
-0.126950
-0.127754
-0.128556
-0.129354
-0.130150
-0.130943
-0.131733
-0.132521
-0.133306
-0.134088
-0.134867
-0.135643
-0.136416
-0.137187
-0.137954
-0.138719
-0.139481
-0.140240
-0.140996
-0.141748
-0.142498
-0.143245
-0.143989
-0.144730
-0.145468
-0.146203
-0.146934
-0.147663
-0.148388
-0.149111
-0.149830
-0.150546
-0.151259
-0.151969
-0.152676
-0.153379
-0.154079
-0.154776
-0.155470
-0.156160
-0.156847
-0.157531
-0.158212
-0.158889
-0.159563
-0.160234
-0.160901
-0.161565
-0.162225
-0.162882
-0.163536
-0.164186
-0.164833
-0.165477
-0.166117
-0.166753
-0.167387
-0.168016
-0.168642
-0.169265
-0.169884
-0.170499
-0.171111
-0.171720
-0.172325
-0.172926
-0.173524
-0.174118
-0.174708
-0.175295
-0.175879
-0.176458
-0.177034
-0.177607
-0.178175
-0.178740
-0.179301
-0.179859
-0.180413
-0.180963
-0.181509
-0.182052
-0.182591
-0.183126
-0.183658
-0.184185
-0.184709
-0.185229
-0.185745
-0.186258
-0.186766
-0.187271
-0.187772
-0.188269
-0.188762
-0.189251
-0.189737
-0.190218
-0.190696
-0.191170
-0.191640
-0.192106
-0.192568
-0.193026
-0.193480
-0.193930
-0.194376
-0.194819
-0.195257
-0.195691
-0.196122
-0.196548
-0.196971
-0.197389
-0.197803
-0.198214
-0.198620
-0.199022
-0.199421
-0.199815
-0.200205
-0.200591
-0.200973
-0.201351
-0.201725
-0.202095
-0.202461
-0.202823
-0.203180
-0.203534
-0.203883
-0.204229
-0.204570
-0.204907
-0.205240
-0.205569
-0.205893
-0.206214
-0.206530
-0.206843
-0.207151
-0.207455
-0.207754
-0.208050
-0.208342
-0.208629
-0.208912
-0.209191
-0.209466
-0.209736
-0.210003
-0.210265
-0.210523
-0.210777
-0.211026
-0.211272
-0.211513
-0.211750
-0.211983
-0.212211
-0.212436
-0.212656
-0.212872
-0.213084
-0.213291
-0.213495
-0.213694
-0.213889
-0.214079
-0.214266
-0.214448
-0.214626
-0.214800
-0.214969
-0.215134
-0.215295
-0.215452
-0.215604
-0.215752
-0.215896
-0.216035
-0.216171
-0.216302
-0.216428
-0.216551
-0.216669
-0.216782
-0.216892
-0.216997
-0.217098
-0.217194
-0.217286
-0.217374
-0.217458
-0.217537
-0.217612
-0.217682
-0.217749
-0.217811
-0.217868
-0.217921
-0.217970
-0.218015
-0.218055
-0.218091
-0.218122
-0.218150
-0.218172
-0.218191
-0.218205
-0.218215
-0.218220
-0.218221
-0.218218
-0.218210
-0.218198
-0.218182
-0.218161
-0.218136
-0.218107
-0.218073
-0.218035
-0.217993
-0.217946
-0.217895
-0.217839
-0.217779
-0.217715
-0.217647
-0.217574
-0.217496
-0.217415
-0.217329
-0.217238
-0.217144
-0.217045
-0.216941
-0.216834
-0.216722
-0.216605
-0.216484
-0.216359
-0.216230
-0.216096
-0.215958
-0.215816
-0.215669
-0.215518
-0.215363
-0.215203
-0.215039
-0.214871
-0.214698
-0.214521
-0.214340
-0.214154
-0.213965
-0.213770
-0.213572
-0.213369
-0.213162
-0.212951
-0.212735
-0.212516
-0.212292
-0.212063
-0.211830
-0.211594
-0.211352
-0.211107
-0.210857
-0.210603
-0.210345
-0.210083
-0.209816
-0.209545
-0.209270
-0.208991
-0.208708
-0.208420
-0.208128
-0.207832
-0.207532
-0.207227
-0.206918
-0.206606
-0.206289
-0.205967
-0.205642
-0.205313
-0.204979
-0.204641
-0.204299
-0.203953
-0.203603
-0.203249
-0.202891
-0.202528
-0.202162
-0.201791
-0.201416
-0.201037
-0.200655
-0.200268
-0.199877
-0.199482
-0.199083
-0.198679
-0.198272
-0.197861
-0.197446
-0.197027
-0.196604
-0.196177
-0.195746
-0.195310
-0.194871
-0.194428
-0.193982
-0.193531
-0.193076
-0.192617
-0.192155
-0.191688
-0.191218
-0.190743
-0.190265
-0.189783
-0.189297
-0.188808
-0.188314
-0.187817
-0.187315
-0.186810
-0.186302
-0.185789
-0.185273
-0.184753
-0.184229
-0.183701
-0.183170
-0.182635
-0.182096
-0.181553
-0.181007
-0.180457
-0.179903
-0.179346
-0.178785
-0.178221
-0.177653
-0.177081
-0.176505
-0.175926
-0.175344
-0.174758
-0.174168
-0.173574
-0.172977
-0.172377
-0.171773
-0.171165
-0.170554
-0.169939
-0.169321
-0.168699
-0.168074
-0.167445
-0.166813
-0.166177
-0.165538
-0.164895
-0.164249
-0.163599
-0.162947
-0.162290
-0.161631
-0.160968
-0.160301
-0.159632
-0.158958
-0.158282
-0.157602
-0.156920
-0.156233
-0.155544
-0.154851
-0.154155
-0.153456
-0.152753
-0.152048
-0.151339
-0.150627
-0.149912
-0.149194
-0.148472
-0.147748
-0.147020
-0.146289
-0.145556
-0.144819
-0.144079
-0.143336
-0.142590
-0.141841
-0.141089
-0.140334
-0.139576
-0.138816
-0.138052
-0.137285
-0.136516
-0.135743
-0.134968
-0.134190
-0.133409
-0.132625
-0.131838
-0.131049
-0.130256
-0.129461
-0.128664
-0.127863
-0.127060
-0.126254
-0.125446
-0.124634
-0.123820
-0.123004
-0.122185
-0.121363
-0.120538
-0.119712
-0.118882
-0.118050
-0.117215
-0.116378
-0.115539
-0.114697
-0.113852
-0.113005
-0.112156
-0.111304
-0.110450
-0.109593
-0.108735
-0.107873
-0.107010
-0.106144
-0.105276
-0.104405
-0.103533
-0.102658
-0.101781
-0.100901
-0.100020
-0.099136
-0.098251
-0.097363
-0.096473
-0.095581
-0.094686
-0.093790
-0.092892
-0.091992
-0.091089
-0.090185
-0.089279
-0.088371
-0.087461
-0.086549
-0.085635
-0.084719
-0.083802
-0.082882
-0.081961
-0.081038
-0.080113
-0.079187
-0.078259
-0.077329
-0.076397
-0.075464
-0.074529
-0.073592
-0.072654
-0.071715
-0.070773
-0.069830
-0.068886
-0.067940
-0.066993
-0.066044
-0.065094
-0.064142
-0.063189
-0.062234
-0.061278
-0.060321
-0.059363
-0.058403
-0.057442
-0.056479
-0.055516
-0.054551
-0.053585
-0.052618
-0.051650
-0.050680
-0.049710
-0.048738
-0.047765
-0.046792
-0.045817
-0.044841
-0.043864
-0.042887
-0.041908
-0.040929
-0.039948
-0.038967
-0.037985
-0.037002
-0.036018
-0.035034
-0.034049
-0.033063
-0.032076
-0.031089
-0.030101
-0.029112
-0.028123
-0.027133
-0.026143
-0.025152
-0.024160
-0.023168
-0.022175
-0.021182
-0.020188
-0.019194
-0.018199
-0.017204
-0.016209
-0.015213
-0.014217
-0.013220
-0.012223
-0.011226
-0.010228
-0.009230
-0.008233
-0.007234
-0.006236
-0.005238
-0.004239
-0.003240
-0.002241
-0.001243
-0.000244
0.000755
0.001754
0.002753
0.003752
0.004750
0.005749
0.006747
0.007746
0.008744
0.009742
0.010740
0.011737
0.012734
0.013731
0.014728
0.015724
0.016720
0.017715
0.018711
0.019705
0.020699
0.021693
0.022687
0.023679
0.024672
0.025663
0.026654
0.027645
0.028635
0.029624
0.030613
0.031601
0.032588
0.033574
0.034560
0.035545
0.036529
0.037512
0.038495
0.039476
0.040457
0.041437
0.042416
0.043394
0.044371
0.045347
0.046322
0.047296
0.048269
0.049241
0.050211
0.051181
0.052150
0.053117
0.054083
0.055048
0.056012
0.056974
0.057936
0.058896
0.059854
0.060812
0.061768
0.062723
0.063676
0.064628
0.065578
0.066528
0.067475
0.068421
0.069366
0.070309
0.071251
0.072191
0.073129
0.074066
0.075001
0.075935
0.076867
0.077797
0.078726
0.079653
0.080578
0.081501
0.082423
0.083343
0.084261
0.085177
0.086091
0.087004
0.087915
0.088823
0.089730
0.090635
0.091538
0.092439
0.093338
0.094235
0.095130
0.096022
0.096913
0.097802
0.098688
0.099573
0.100455
0.101335
0.102213
0.103089
0.103963
0.104834
0.105703
0.106570
0.107434
0.108297
0.109157
0.110014
0.110869
0.111722
0.112573
0.113421
0.114266
0.115110
0.115950
0.116789
0.117624
0.118458
0.119288
0.120116
0.120942
0.121765
0.122585
0.123403
0.124218
0.125031
0.125841
0.126648
0.127453
0.128254
0.129053
0.129850
0.130643
0.131434
0.132222
0.133007
0.133790
0.134569
0.135346
0.136119
0.136890
0.137658
0.138423
0.139185
0.139945
0.140701
0.141454
0.142204
0.142951
0.143695
0.144437
0.145175
0.145910
0.146641
0.147370
0.148096
0.148819
0.149538
0.150254
0.150968
0.151678
0.152385
0.153089
0.153789
0.154487
0.155181
0.155872
0.156560
0.157244
0.157925
0.158603
0.159278
0.159949
0.160617
0.161282
0.161943
0.162601
0.163256
0.163907
0.164555
0.165199
0.165840
0.166478
0.167112
0.167742
0.168369
0.168993
0.169613
0.170230
0.170843
0.171452
0.172058
0.172661
0.173260
0.173855
0.174447
0.175035
0.175619
0.176200
0.176778
0.177351
0.177921
0.178487
0.179050
0.179609
0.180164
0.180716
0.181263
0.181807
0.182348
0.182884
0.183417
0.183946
0.184471
0.184993
0.185510
0.186024
0.186534
0.187040
0.187543
0.188041
0.188536
0.189027
0.189514
0.189997
0.190476
0.190951
0.191423
0.191890
0.192354
0.192813
0.193269
0.193721
0.194168
0.194612
0.195052
0.195488
0.195920
0.196348
0.196771
0.197191
0.197607
0.198019
0.198427
0.198831
0.199230
0.199626
0.200018
0.200405
0.200789
0.201168
0.201543
0.201915
0.202282
0.202645
0.203004
0.203359
0.203709
0.204056
0.204398
0.204737
0.205071
0.205401
0.205727
0.206049
0.206366
0.206680
0.206989
0.207294
0.207595
0.207892
0.208184
0.208473
0.208757
0.209037
0.209313
0.209584
0.209852
0.210115
0.210374
0.210628
0.210879
0.211125
0.211367
0.211605
0.211838
0.212067
0.212292
0.212513
0.212730
0.212942
0.213150
0.213354
0.213553
0.213748
0.213939
0.214126
0.214308
0.214487
0.214660
0.214830
0.214995
0.215156
0.215313
0.215466
0.215614
0.215758
0.215897
0.216032
0.216163
0.216290
0.216413
0.216531
0.216644
0.216754
0.216859
0.216960
0.217057
0.217149
0.217237
0.217321
0.217400
0.217476
0.217546
0.217613
0.217675
0.217733
0.217787
0.217836
0.217882
0.217922
0.217959
0.217991
0.218019
0.218043
0.218062
0.218077
0.218088
0.218095
0.218097
0.218095
0.218088
0.218077
0.218062
0.218043
0.218019
0.217991
0.217959
0.217922
0.217881
0.217836
0.217786
0.217732
0.217674
0.217611
0.217544
0.217473
0.217398
0.217318
0.217234
0.217145
0.217052
0.216955
0.216853
0.216748
0.216638
0.216523
0.216404
0.216281
0.216154
0.216022
0.215886
0.215746
0.215601
0.215452
0.215299
0.215141
0.214980
0.214813
0.214643
0.214468
0.214289
0.214106
0.213918
0.213726
0.213530
0.213330
0.213125
0.212916
0.212702
0.212485
0.212263
0.212037
0.211807
0.211572
0.211333
0.211090
0.210842
0.210591
0.210335
0.210075
0.209810
0.209542
0.209269
0.208992
0.208711
0.208425
0.208136
0.207842
0.207544
0.207241
0.206935
0.206624
0.206310
0.205991
0.205667
0.205340
0.205009
0.204673
0.204333
0.203989
0.203641
0.203289
0.202933
0.202572
0.202208
0.201839
0.201467
0.201090
0.200709
0.200324
0.199935
0.199542
0.199144
0.198743
0.198338
0.197929
0.197515
0.197098
0.196676
0.196251
0.195822
0.195388
0.194951
0.194509
0.194064
0.193615
0.193161
0.192704
0.192243
0.191778
0.191309
0.190836
0.190359
0.189879
0.189394
0.188906
0.188413
0.187917
0.187417
0.186913
0.186405
0.185894
0.185378
0.184859
0.184336
0.183809
0.183279
0.182745
0.182207
0.181665
0.181119
0.180570
0.180017
0.179460
0.178900
0.178336
0.177768
0.177197
0.176622
0.176043
0.175461
0.174875
0.174285
0.173692
0.173096
0.172495
0.171892
0.171284
0.170673
0.170059
0.169441
0.168820
0.168195
0.167566
0.166934
0.166299
0.165660
0.165018
0.164372
0.163723
0.163071
0.162415
0.161756
0.161094
0.160428
0.159759
0.159086
0.158411
0.157732
0.157049
0.156364
0.155675
0.154983
0.154288
0.153590
0.152888
0.152183
0.151475
0.150764
0.150050
0.149333
0.148613
0.147889
0.147163
0.146433
0.145700
0.144965
0.144226
0.143484
0.142739
0.141991
0.141241
0.140487
0.139730
0.138970
0.138207
0.137441
0.136673
0.135901
0.135127
0.134349
0.133569
0.132786
0.132000
0.131212
0.130420
0.129626
0.128829
0.128030
0.127227
0.126422
0.125614
0.124804
0.123991
0.123175
0.122356
0.121535
0.120712
0.119886
0.119057
0.118226
0.117392
0.116556
0.115717
0.114876
0.114032
0.113186
0.112337
0.111486
0.110633
0.109777
0.108919
0.108059
0.107196
0.106332
0.105464
0.104595
0.103723
0.102849
0.101973
0.101095
0.100214
0.099331
0.098447
0.097560
0.096671
0.095780
0.094887
0.093991
0.093094
0.092195
0.091294
0.090391
0.089486
0.088579
0.087670
0.086759
0.085846
0.084931
0.084015
0.083097
0.082177
0.081255
0.080332
0.079406
0.078479
0.077551
0.076620
0.075688
0.074754
0.073819
0.072882
0.071944
0.071004
0.070062
0.069119
0.068174
0.067228
0.066281
0.065332
0.064381
0.063429
0.062476
0.061521
0.060565
0.059608
0.058649
0.057689
0.056728
0.055766
0.054802
0.053837
0.052871
0.051904
0.050936
0.049966
0.048996
0.048024
0.047052
0.046078
0.045103
0.044127
0.043151
0.042173
0.041194
0.040215
0.039234
0.038253
0.037271
0.036288
0.035304
0.034319
0.033334
0.032348
0.031361
0.030374
0.029385
0.028397
0.027407
0.026417
0.025426
0.024435
0.023443
0.022451
0.021458
0.020465
0.019471
0.018477
0.017482
0.016487
0.015492
0.014496
0.013500
0.012503
0.011507
0.010510
0.009513
0.008515
0.007518
0.006520
0.005522
0.004524
0.003526
0.002528
0.001529
0.000531
-0.000467
-0.001465
-0.002464
-0.003462
-0.004460
-0.005458
-0.006456
-0.007454
-0.008451
-0.009448
-0.010446
-0.011442
-0.012439
-0.013435
-0.014431
-0.015427
-0.016422
-0.017417
-0.018412
-0.019406
-0.020399
-0.021392
-0.022385
-0.023377
-0.024369
-0.025360
-0.026350
-0.027340
-0.028329
-0.029318
-0.030306
-0.031293
-0.032280
-0.033266
-0.034251
-0.035235
-0.036219
-0.037202
-0.038184
-0.039166
-0.040146
-0.041126
-0.042104
-0.043082
-0.044059
-0.045035
-0.046009
-0.046983
-0.047956
-0.048928
-0.049899
-0.050868
-0.051837
-0.052804
-0.053770
-0.054735
-0.055699
-0.056661
-0.057623
-0.058583
-0.059542
-0.060499
-0.061455
-0.062410
-0.063364
-0.064316
-0.065266
-0.066215
-0.067163
-0.068110
-0.069054
-0.069998
-0.070939
-0.071880
-0.072818
-0.073755
-0.074691
-0.075625
-0.076557
-0.077488
-0.078416
-0.079344
-0.080269
-0.081193
-0.082115
-0.083035
-0.083953
-0.084870
-0.085784
-0.086697
-0.087608
-0.088517
-0.089424
-0.090329
-0.091232
-0.092134
-0.093033
-0.093930
-0.094825
-0.095719
-0.096610
-0.097499
-0.098386
-0.099270
-0.100153
-0.101034
-0.101912
-0.102788
-0.103662
-0.104534
-0.105403
-0.106270
-0.107135
-0.107998
-0.108858
-0.109716
-0.110572
-0.111425
-0.112276
-0.113124
-0.113970
-0.114814
-0.115655
-0.116494
-0.117330
-0.118164
-0.118995
-0.119824
-0.120650
-0.121473
-0.122294
-0.123112
-0.123928
