-2.781403
-2.852453
-2.923189
-2.993602
-3.063685
-3.133431
-3.202831
-3.271878
-3.340564
-3.408882
-3.476824
-3.544383
-3.611551
-3.678321
-3.744685
-3.810637
-3.876168
-3.941272
-4.005942
-4.070169
-4.133949
-4.197272
-4.260133
-4.322524
-4.384438
-4.445869
-4.506810
-4.567254
-4.627194
-4.686625
-4.745538
-4.803929
-4.861789
-4.919114
-4.975897
-5.032130
-5.087810
-5.142928
-5.197479
-5.251457
-5.304856
-5.357670
-5.409894
-5.461521
-5.512546
-5.562964
-5.612768
-5.661953
-5.710514
-5.758445
-5.805742
-5.852398
-5.898410
-5.943770
-5.988476
-6.032522
-6.075902
-6.118612
-6.160648
-6.202005
-6.242678
-6.282663
-6.321955
-6.360550
-6.398444
-6.435632
-6.472111
-6.507876
-6.542924
-6.577251
-6.610852
-6.643724
-6.675864
-6.707268
-6.737933
-6.767855
-6.797030
-6.825457
-6.853130
-6.880048
-6.906208
-6.931606
-6.956240
-6.980107
-7.003205
-7.025530
-7.047081
-7.067855
-7.087850
-7.107063
-7.125493
-7.143137
-7.159994
-7.176061
-7.191337
-7.205821
-7.219510
-7.232403
-7.244498
-7.255795
-7.266292
-7.275988
-7.284881
-7.292972
-7.300258
-7.306740
-7.312416
-7.317286
-7.321349
-7.324605
-7.327053
-7.328694
-7.329527
-7.329551
-7.328768
-7.327176
-7.324777
-7.321570
-7.317556
-7.312735
-7.307108
-7.300676
-7.293438
-7.285396
-7.276552
-7.266905
-7.256456
-7.245208
-7.233161
-7.220317
-7.206676
-7.192241
-7.177013
-7.160994
-7.144185
-7.126589
-7.108207
-7.089041
-7.069094
-7.048367
-7.026863
-7.004585
-6.981534
-6.957714
-6.933127
-6.907775
-6.881661
-6.854789
-6.827161
-6.798781
-6.769651
-6.739774
-6.709155
-6.677796
-6.645700
-6.612872
-6.579315
-6.545033
-6.510029
-6.474307
-6.437871
-6.400726
-6.362875
-6.324322
-6.285073
-6.245130
-6.204499
-6.163183
-6.121189
-6.078519
-6.035179
-5.991174
-5.946509
-5.901187
-5.855216
-5.808598
-5.761340
-5.713448
-5.664925
-5.615777
-5.566011
-5.515631
-5.464642
-5.413052
-5.360864
-5.308086
-5.254722
-5.200779
-5.146262
-5.091178
-5.035533
-4.979333
-4.922584
-4.865292
-4.807463
-4.749105
-4.690223
-4.630824
-4.570914
-4.510501
-4.449590
-4.388189
-4.326303
-4.263941
-4.201109
-4.137814
-4.074062
-4.009861
-3.945218
-3.880141
-3.814635
-3.748709
-3.682369
-3.615624
-3.548480
-3.480945
-3.413026
-3.344730
-3.276066
-3.207041
-3.137662
-3.067938
-2.997875
-2.927481
-2.856765
-2.785734
-2.714395
-2.642758
-2.570829
-2.498616
-2.426129
-2.353373
-2.280359
-2.207092
-2.133583
-2.059838
-1.985866
-1.911676
-1.837274
-1.762670
-1.687871
-1.612887
-1.537725
-1.462393
-1.386900
-1.311254
-1.235463
-1.159536
-1.083482
-1.007308
-0.931023
-0.854635
-0.778153
-0.701585
-0.624940
-0.548226
-0.471452
-0.394625
-0.317755
-0.240850
-0.163919
-0.086969
-0.010010
0.066950
0.143903
0.220840
0.297753
0.374633
0.451471
0.528260
0.604991
0.681655
0.758243
0.834748
0.911162
0.987474
1.063678
1.139764
1.215725
1.291552
1.367236
1.442770
1.518145
1.593352
1.668383
1.743231
1.817887
1.892342
1.966588
2.040618
2.114422
2.187994
2.261324
2.334405
2.407228
2.479787
2.552071
2.624075
2.695789
2.767206
2.838318
2.909117
2.979595
3.049744
3.119558
3.189027
3.258145
3.326904
3.395296
3.463314
3.530950
3.598196
3.665046
3.731492
3.797526
3.863142
3.928331
3.993088
4.057405
4.121274
4.184688
4.247642
4.310127
4.372137
4.433665
4.494704
4.555247
4.615289
4.674821
4.733838
4.792334
4.850300
4.907732
4.964624
5.020967
5.076757
5.131988
5.186652
5.240745
5.294260
5.347192
5.399533
5.451280
5.502426
5.552964
5.602891
5.652200
5.700886
5.748943
5.796367
5.843151
5.889291
5.934782
5.979619
6.023796
6.067310
6.110154
6.152325
6.193817
6.234627
6.274749
6.314179
6.352914
6.390948
6.428277
6.464898
6.500805
6.535997
6.570467
6.604213
6.637231
6.669518
6.701069
6.731881
6.761951
6.791276
6.819851
6.847675
6.874744
6.901055
6.926605
6.951392
6.975412
6.998663
7.021143
7.042848
7.063777
7.083928
7.103297
7.121883
7.139684
7.156698
7.172922
7.188356
7.202998
7.216845
7.229897
7.242151
7.253608
7.264264
7.274120
7.283173
7.291424
7.298871
7.305513
7.311349
7.316380
7.320604
7.324021
7.326630
7.328432
7.329425
7.329611
7.328989
7.327558
7.325320
7.322274
7.318421
7.313761
7.308294
7.302022
7.294945
7.287064
7.278379
7.268892
7.258603
7.247514
7.235626
7.222940
7.209459
7.195182
7.180112
7.164250
7.147599
7.130159
7.111933
7.092924
7.073132
7.052561
7.031212
7.009087
6.986190
6.962523
6.938088
6.912889
6.886927
6.860206
6.832728
6.804498
6.775517
6.745789
6.715317
6.684105
6.652156
6.619474
6.586062
6.551923
6.517063
6.481484
6.445190
6.408186
6.370475
6.332062
6.292951
6.253146
6.212652
6.171473
6.129613
6.087077
6.043871
5.999998
5.955464
5.910273
5.864430
5.817941
5.770810
5.723044
5.674646
5.625623
5.575979
5.525721
5.474853
5.423382
5.371313
5.318652
5.265404
5.211576
5.157174
5.102202
5.046669
4.990578
4.933938
4.876754
4.819032
4.760779
4.702000
4.642704
4.582896
4.522582
4.461770
4.400466
4.338676
4.276409
4.213670
4.150466
4.086805
4.022693
3.958138
3.893146
3.827725
3.761882
3.695624
3.628959
3.561894
3.494436
3.426593
3.358372
3.289781
3.220827
3.151518
3.081862
3.011866
2.941538
2.870885
2.799916
2.728638
2.657060
2.585188
2.513032
2.440598
2.367896
2.294932
2.221715
2.148254
2.074555
2.000628
1.926480
1.852120
1.777556
1.702795
1.627847
1.552720
1.477421
1.401959
1.326343
1.250581
1.174680
1.098651
1.022500
0.946236
0.869868
0.793404
0.716853
0.640223
0.563522
0.486759
0.409942
0.333080
0.256181
0.179254
0.102308
0.025350
-0.051611
-0.128566
-0.205507
-0.282425
-0.359312
-0.436160
-0.512959
-0.589702
-0.666380
-0.742984
-0.819506
-0.895938
-0.972272
-1.048498
-1.124608
-1.200595
-1.276449
-1.352162
-1.427727
-1.503134
-1.578375
-1.653442
-1.728327
-1.803021
-1.877517
-1.951806
-2.025879
-2.099729
-2.173348
-2.246727
-2.319858
-2.392733
-2.465345
-2.537685
-2.609745
-2.681517
-2.752994
-2.824167
-2.895029
-2.965572
-3.035788
-3.105669
-3.175208
-3.244396
-3.313227
-3.381693
-3.449785
-3.517498
-3.584823
-3.651752
-3.718279
-3.784396
-3.850095
-3.915371
-3.980214
-4.044619
-4.108578
-4.172084
-4.235129
-4.297708
-4.359814
-4.421438
-4.482575
-4.543218
-4.603360
-4.662994
-4.722114
-4.780714
-4.838787
-4.896326
-4.953325
-5.009779
-5.065679
-5.121022
-5.175800
-5.230007
-5.283638
-5.336686
-5.389145
-5.441011
-5.492277
-5.542937
-5.592986
-5.642419
-5.691229
-5.739412
-5.786962
-5.833874
-5.880143
-5.925764
-5.970731
-6.015041
-6.058687
-6.101665
-6.143970
-6.185598
-6.226544
-6.266803
-6.306372
-6.345245
-6.383419
-6.420889
-6.457651
-6.493701
-6.529036
-6.563650
-6.597541
-6.630704
-6.663137
-6.694835
-6.725794
-6.756012
-6.785486
-6.814211
-6.842185
-6.869405
-6.895867
-6.921569
-6.946508
-6.970681
-6.994085
-7.016719
-7.038579
-7.059663
-7.079968
-7.099493
-7.118235
-7.136193
-7.153364
-7.169746
-7.185337
-7.200137
-7.214143
-7.227353
-7.239766
-7.251382
-7.262197
-7.272213
-7.281426
-7.289837
-7.297444
-7.304246
-7.310243
-7.315435
-7.319819
-7.323397
-7.326167
-7.328130
-7.329284
-7.329631
-7.329170
-7.327900
-7.325823
-7.322938
-7.319245
-7.314746
-7.309440
-7.303328
-7.296411
-7.288690
-7.280165
-7.270838
-7.260709
-7.249779
-7.238050
-7.225523
-7.212200
-7.198081
-7.183169
-7.167465
-7.150971
-7.133688
-7.115619
-7.096765
-7.077129
-7.056713
-7.035518
-7.013548
-6.990805
-6.967291
-6.943009
-6.917961
-6.892151
-6.865581
-6.838254
-6.810173
-6.781341
-6.751762
-6.721438
-6.690373
-6.658571
-6.626034
-6.592767
-6.558773
-6.524056
-6.488620
-6.452468
-6.415605
-6.378035
-6.339761
-6.300789
-6.261121
-6.220764
-6.179721
-6.137996
-6.095595
-6.052522
-6.008781
-5.964378
-5.919317
-5.873604
-5.827243
-5.780240
-5.732599
-5.684327
-5.635428
-5.585907
-5.535771
-5.485024
-5.433673
-5.381722
-5.329178
-5.276047
-5.222334
-5.168045
-5.113187
-5.057764
-5.001784
-4.945253
-4.888176
-4.830561
-4.772413
-4.713739
-4.654545
-4.594838
-4.534624
-4.473910
-4.412703
-4.351010
-4.288837
-4.226191
-4.163079
-4.099509
-4.035486
-3.971018
-3.906113
-3.840776
-3.775017
-3.708841
-3.642256
-3.575270
-3.507890
-3.440123
-3.371976
-3.303458
-3.234576
-3.165337
-3.095749
-3.025819
-2.955556
-2.884968
-2.814061
-2.742844
-2.671324
-2.599510
-2.527410
-2.455030
-2.382380
-2.309468
-2.236301
-2.162887
-2.089235
-2.015352
-1.941247
-1.866929
-1.792404
-1.717682
-1.642770
-1.567677
-1.492412
-1.416982
-1.341395
-1.265661
-1.189787
-1.113782
-1.037655
-0.961412
-0.885064
-0.808618
-0.732084
-0.655468
-0.578780
-0.502028
-0.425221
-0.348367
-0.271475
-0.194553
-0.117609
-0.040652
0.036309
0.113266
0.190211
0.267135
0.344029
0.420886
0.497696
0.574451
0.651143
0.727763
0.804303
0.880754
0.957108
1.033356
1.109491
1.185503
1.261385
1.337128
1.412723
1.488162
1.563438
1.638541
1.713463
1.788197
1.862733
1.937064
2.011181
2.085077
2.158743
2.232171
2.305353
2.378280
2.450946
2.523341
2.595458
2.667289
2.738826
2.810061
2.880986
2.951593
3.021875
3.091824
3.161433
3.230692
3.299596
3.368135
3.436303
3.504093
3.571496
3.638506
3.705114
3.771314
3.837098
3.902459
3.967390
4.031883
4.095932
4.159529
4.222668
4.285341
4.347542
4.409264
4.470499
4.531242
4.591485
4.651222
4.710446
4.769150
4.827329
4.884976
4.942084
4.998648
5.054660
5.110115
5.165007
5.219329
5.273076
5.326241
5.378820
5.430805
5.482192
5.532974
5.583146
5.632703
5.681639
5.729948
5.777626
5.824666
5.871065
5.916816
5.961915
6.006357
6.050136
6.093249
6.135690
6.177454
6.218537
6.258935
6.298643
6.337656
6.375971
6.413583
6.450487
6.486681
6.522159
6.556918
6.590955
6.624265
6.656844
6.688690
6.719798
6.750166
6.779789
6.808665
6.836790
6.864161
6.890776
6.916631
6.941724
6.966051
6.989610
7.012399
7.034414
7.055655
7.076117
7.095799
7.114699
7.132814
7.150144
7.166684
7.182435
7.197394
7.211560
7.224930
7.237504
7.249280
7.260257
7.270434
7.279808
7.288381
7.296150
7.303114
7.309274
7.314627
7.319174
7.322915
7.325848
7.327973
7.329290
7.329800
7.329501
7.328395
7.326480
7.323758
7.320228
7.315892
7.310748
7.304799
7.298045
7.290486
7.282123
7.272958
7.262990
7.252222
7.240655
7.228289
7.215126
7.201168
7.186416
7.170872
7.154537
7.137414
7.119504
7.100808
7.081330
7.061072
7.040035
7.018221
6.995635
6.972276
6.948150
6.923257
6.897601
6.871185
6.844011
6.816083
6.787403
6.757975
6.727802
6.696887
6.665234
6.632847
6.599728
6.565881
6.531311
6.496021
6.460014
6.423296
6.385869
6.347738
6.308908
6.269382
6.229165
6.188261
6.146675
6.104412
6.061475
6.017870
5.973602
5.928676
5.883096
5.836867
5.789995
5.742484
5.694341
5.645570
5.596176
5.546166
5.495544
5.444317
5.392489
5.340067
5.287056
5.233462
5.179292
5.124550
5.069244
5.013379
4.956961
4.899997
4.842492
4.784454
4.725889
4.666802
4.607201
4.547093
4.486483
4.425378
4.363786
4.301712
4.239165
4.176150
4.112675
4.048747
3.984372
3.919558
3.854312
3.788642
3.722553
3.656055
3.589153
3.521856
3.454171
3.386105
3.317665
3.248860
3.179697
3.110184
3.040328
2.970137
2.899618
2.828780
2.757630
2.686176
2.614426
2.542388
2.470070
2.397480
2.324625
2.251514
2.178155
2.104557
2.030726
1.956672
1.882401
1.807924
1.733247
1.658380
1.583330
1.508105
1.432714
1.357165
1.281467
1.205628
1.129656
1.053560
0.977347
0.901027
0.824608
0.748098
0.671506
0.594840
0.518108
0.441320
0.364483
0.287606
0.210697
0.133766
0.056819
-0.020133
-0.097083
-0.174022
-0.250941
-0.327833
-0.404688
-0.481499
-0.558256
-0.634952
-0.711578
-0.788124
-0.864584
-0.940948
-1.017208
-1.093356
-1.169383
-1.245281
-1.321042
-1.396657
-1.472117
-1.547415
-1.622542
-1.697490
-1.772251
-1.846816
-1.921177
-1.995326
-2.069255
-2.142956
-2.216420
-2.289639
-2.362606
-2.435312
-2.507750
-2.579910
-2.651786
-2.723369
-2.794652
-2.865627
-2.936285
-3.006619
-3.076622
-3.146285
-3.215601
-3.284562
-3.353160
-3.421389
-3.489240
-3.556707
-3.623781
-3.690455
-3.756722
-3.822574
-3.888005
-3.953006
-4.017572
-4.081694
-4.145366
-4.208581
-4.271331
-4.333610
-4.395411
-4.456727
-4.517552
-4.577878
-4.637699
-4.697008
-4.755799
-4.814065
-4.871801
-4.928998
-4.985652
-5.041756
-5.097304
-5.152290
-5.206707
-5.260549
-5.313811
-5.366487
-5.418571
-5.470057
-5.520940
-5.571214
-5.620872
-5.669911
-5.718324
-5.766107
-5.813253
-5.859758
-5.905616
-5.950823
-5.995374
-6.039263
-6.082485
-6.125037
-6.166912
-6.208108
-6.248618
-6.288440
-6.327567
-6.365996
-6.403723
-6.440743
-6.477053
-6.512648
-6.547525
-6.581679
-6.615107
-6.647805
-6.679770
-6.710998
-6.741485
-6.771228
-6.800225
-6.828471
-6.855963
-6.882700
-6.908676
-6.933891
-6.958340
-6.982022
-7.004933
-7.027072
-7.048435
-7.069020
-7.088825
-7.107848
-7.126087
-7.143540
-7.160204
-7.176078
-7.191160
-7.205449
-7.218943
-7.231640
-7.243539
-7.254639
-7.264938
-7.274435
-7.283130
-7.291021
-7.298107
-7.304388
-7.309863
-7.314532
-7.318393
-7.321446
-7.323691
-7.325129
-7.325757
-7.325577
-7.324589
-7.322792
-7.320187
-7.316775
-7.312554
-7.307527
-7.301693
-7.295053
-7.287607
-7.279358
-7.270305
-7.260449
-7.249792
-7.238335
-7.226079
-7.213025
-7.199174
-7.184529
-7.169091
-7.152862
-7.135843
-7.118036
-7.099443
-7.080067
-7.059908
-7.038971
-7.017256
-6.994766
-6.971504
-6.947473
-6.922674
-6.897111
-6.870786
-6.843702
-6.815863
-6.787271
-6.757930
-6.727842
-6.697011
-6.665441
-6.633134
-6.600095
-6.566327
-6.531833
-6.496618
-6.460686
-6.424040
-6.386684
-6.348622
-6.309859
-6.270400
-6.230247
-6.189406
-6.147881
-6.105677
-6.062798
-6.019249
-5.975035
-5.930161
-5.884631
-5.838451
-5.791626
-5.744160
-5.696060
-5.647330
-5.597975
-5.548002
-5.497415
-5.446221
-5.394424
-5.342031
-5.289047
-5.235478
-5.181330
-5.126609
-5.071320
-5.015471
-4.959067
-4.902114
-4.844619
-4.786588
-4.728027
-4.668943
-4.609342
-4.549231
-4.488616
-4.427504
-4.365902
-4.303816
-4.241254
-4.178221
-4.114726
-4.050776
-3.986376
-3.921534
-3.856258
-3.790554
-3.724431
-3.657894
-3.590951
-3.523610
-3.455878
-3.387762
-3.319271
-3.250411
-3.181190
-3.111616
-3.041696
-2.971438
-2.900850
-2.829939
-2.758714
-2.687181
-2.615350
-2.543227
-2.470821
-2.398140
-2.325191
-2.251984
-2.178525
-2.104822
-2.030885
-1.956721
-1.882337
-1.807744
-1.732947
-1.657957
-1.582780
-1.507426
-1.431902
-1.356217
-1.280378
-1.204396
-1.128277
-1.052030
-0.975664
-0.899187
-0.822606
-0.745932
-0.669171
-0.592334
-0.515427
-0.438459
-0.361439
-0.284376
-0.207277
-0.130151
-0.053007
0.024146
0.101302
0.178450
0.255583
0.332691
0.409768
0.486803
0.563789
0.640718
0.717580
0.794368
0.871072
0.947685
1.024199
1.100604
1.176892
1.253056
1.329086
1.404975
1.480713
1.556294
1.631707
1.706946
1.782002
1.856867
1.931532
2.005990
2.080232
2.154250
2.228036
2.301581
2.374879
2.447921
2.520698
2.593203
2.665428
2.737366
2.809007
2.880345
2.951371
3.022078
3.092458
3.162504
3.232207
3.301560
3.370556
3.439187
3.507445
3.575323
3.642814
3.709910
3.776604
3.842888
3.908756
3.974200
4.039213
4.103788
4.167918
4.231596
4.294815
4.357568
4.419849
4.481649
4.542964
4.603786
4.664108
4.723924
4.783227
4.842011
4.900270
4.957997
5.015186
5.071830
5.127924
5.183462
5.238437
5.292843
5.346675
5.399927
5.452593
5.504667
5.556143
5.607017
5.657282
5.706933
5.755964
5.804372
5.852149
5.899291
5.945793
5.991651
6.036858
6.081410
6.125302
6.168530
6.211089
6.252974
6.294181
6.334706
6.374543
6.413689
6.452140
6.489892
6.526939
6.563280
6.598908
6.633822
6.668017
6.701489
6.734235
6.766251
6.797535
6.828082
6.857889
6.886954
6.915273
6.942844
6.969663
6.995727
7.021034
7.045582
7.069367
7.092387
7.114640
7.136124
7.156836
7.176774
7.195936
7.214320
7.231925
7.248748
7.264788
7.280043
7.294512
7.308194
7.321086
7.333188
7.344498
7.355017
7.364741
7.373672
7.381807
7.389146
7.395689
7.401435
7.406383
7.410534
7.413886
7.416440
7.418196
7.419154
7.419314
7.418675
7.417239
7.415005
7.411975
7.408148
7.403525
7.398108
7.391896
7.384891
7.377094
7.368506
7.359128
7.348961
7.338007
7.326266
7.313742
7.300435
7.286347
7.271479
7.255835
7.239415
7.222221
7.204257
7.185524
7.166024
7.145761
7.124735
7.102951
7.080410
7.057116
7.033071
7.008279
6.982742
6.956463
6.929445
6.901693
6.873209
6.843996
6.814059
6.783400
6.752025
6.719935
6.687135
6.653630
6.619423
6.584518
6.548919
6.512631
6.475659
6.438005
6.399676
6.360675
6.321007
6.280678
6.239691
6.198051
6.155765
6.112836
6.069270
6.025071
5.980246
5.934800
5.888737
5.842064
5.794786
5.746909
5.698438
5.649379
5.599738
5.549521
5.498734
5.447382
5.395473
5.343011
5.290004
5.236458
5.182378
5.127773
5.072647
5.017007
4.960861
4.904214
4.847075
4.789448
4.731342
4.672762
4.613717
4.554213
4.494257
4.433857
4.373019
4.311751
4.250060
4.187953
4.125438
4.062523
3.999214
3.935520
3.871447
3.807005
3.742199
3.677039
3.611532
3.545685
3.479507
3.413006
3.346189
3.279064
3.211640
3.143925
3.075926
3.007653
2.939112
2.870313
2.801263
2.731972
2.662446
2.592696
2.522728
2.452552
2.382176
2.311609
2.240858
2.169933
2.098843
2.027595
1.956198
1.884662
1.812994
1.741204
1.669300
1.597291
1.525186
1.452993
1.380722
1.308381
1.235979
1.163525
1.091027
1.018495
0.945938
0.873364
0.800783
0.728202
0.655633
0.583082
0.510560
0.438074
0.365635
0.293251
0.220932
0.148685
0.076520
0.004447
-0.067527
-0.139391
-0.211137
-0.282756
-0.354239
-0.425577
-0.496761
-0.567782
-0.638631
-0.709299
-0.779777
-0.850056
-0.920128
-0.989982
-1.059611
-1.129005
-1.198156
-1.267055
-1.335692
-1.404060
-1.472148
-1.539949
-1.607453
-1.674652
-1.741537
-1.808099
-1.874329
-1.940219
-2.005761
-2.070945
-2.135763
-2.200206
-2.264265
-2.327933
-2.391201
-2.454059
-2.516500
-2.578516
-2.640097
-2.701236
-2.761924
-2.822152
-2.881913
-2.941198
-3.000000
