-2.755738
-2.773462
-2.791167
-2.808853
-2.826520
-2.844167
-2.861794
-2.879402
-2.896990
-2.914558
-2.932106
-2.949634
-2.967141
-2.984628
-3.002094
-3.019540
-3.036965
-3.054369
-3.071752
-3.089114
-3.106454
-3.123773
-3.141071
-3.158347
-3.175601
-3.192833
-3.210043
-3.227231
-3.244397
-3.261541
-3.278662
-3.295760
-3.312836
-3.329889
-3.346919
-3.363926
-3.380909
-3.397870
-3.414807
-3.431720
-3.448610
-3.465476
-3.482319
-3.499137
-3.515931
-3.532701
-3.549446
-3.566167
-3.582864
-3.599536
-3.616183
-3.632805
-3.649402
-3.665974
-3.682520
-3.699042
-3.715537
-3.732008
-3.748452
-3.764871
-3.781263
-3.797630
-3.813971
-3.830285
-3.846573
-3.862834
-3.879069
-3.895277
-3.911458
-3.927612
-3.943739
-3.959839
-3.975911
-3.991957
-4.007974
-4.023964
-4.039927
-4.055861
-4.071768
-4.087647
-4.103497
-4.119319
-4.135113
-4.150878
-4.166615
-4.182323
-4.198002
-4.213652
-4.229273
-4.244865
-4.260428
-4.275961
-4.291465
-4.306939
-4.322384
-4.337799
-4.353184
-4.368539
-4.383864
-4.399158
-4.414423
-4.429657
-4.444860
-4.460033
-4.475175
-4.490286
-4.505367
-4.520416
-4.535434
-4.550421
-4.565376
-4.580300
-4.595193
-4.610054
-4.624883
-4.639680
-4.654445
-4.669178
-4.683879
-4.698548
-4.713184
-4.727788
-4.742359
-4.756898
-4.771404
-4.785876
-4.800316
-4.814723
-4.829097
-4.843437
-4.857744
-4.872018
-4.886258
-4.900464
-4.914637
-4.928776
-4.942880
-4.956951
-4.970988
-4.984990
-4.998958
-5.012891
-5.026790
-5.040654
-5.054484
-5.068279
-5.082038
-5.095763
-5.109453
-5.123107
-5.136727
-5.150310
-5.163859
-5.177371
-5.190848
-5.204290
-5.217695
-5.231064
-5.244398
-5.257695
-5.270956
-5.284181
-5.297369
-5.310521
-5.323636
-5.336715
-5.349756
-5.362761
-5.375729
-5.388660
-5.401554
-5.414410
-5.427230
-5.440011
-5.452756
-5.465463
-5.478132
-5.490763
-5.503357
-5.515912
-5.528430
-5.540909
-5.553351
-5.565754
-5.578118
-5.590445
-5.602732
-5.614982
-5.627192
-5.639364
-5.651497
-5.663590
-5.675645
-5.687661
-5.699638
-5.711575
-5.723473
-5.735331
-5.747150
-5.758930
-5.770669
-5.782369
-5.794029
-5.805649
-5.817229
-5.828770
-5.840269
-5.851729
-5.863148
-5.874527
-5.885866
-5.897164
-5.908421
-5.919638
-5.930813
-5.941948
-5.953042
-5.964095
-5.975107
-5.986077
-5.997007
-6.007895
-6.018742
-6.029547
-6.040311
-6.051033
-6.061713
-6.072352
-6.082948
-6.093503
-6.104016
-6.114487
-6.124915
-6.135302
-6.145646
-6.155948
-6.166207
-6.176424
-6.186598
-6.196730
-6.206819
-6.216865
-6.226869
-6.236829
-6.246747
-6.256621
-6.266453
-6.276241
-6.285986
-6.295687
-6.305346
-6.314960
-6.324532
-6.334059
-6.343544
-6.352984
-6.362380
-6.371733
-6.381042
-6.390307
-6.399528
-6.408704
-6.417837
-6.426925
-6.435969
-6.444969
-6.453924
-6.462835
-6.471702
-6.480523
-6.489300
-6.498033
-6.506720
-6.515363
-6.523961
-6.532514
-6.541022
-6.549484
-6.557902
-6.566274
-6.574602
-6.582884
-6.591120
-6.599311
-6.607457
-6.615557
-6.623612
-6.631621
-6.639584
-6.647501
-6.655373
-6.663199
-6.670979
-6.678713
-6.686401
-6.694042
-6.701638
-6.709188
-6.716691
-6.724148
-6.731559
-6.738923
-6.746241
-6.753512
-6.760737
-6.767915
-6.775047
-6.782132
-6.789170
-6.796161
-6.803106
-6.810004
-6.816854
-6.823658
-6.830415
-6.837125
-6.843787
-6.850403
-6.856971
-6.863492
-6.869966
-6.876392
-6.882771
-6.889103
-6.895387
-6.901623
-6.907812
-6.913954
-6.920048
-6.926094
-6.932092
-6.938043
-6.943946
-6.949801
-6.955608
-6.961367
-6.967078
-6.972741
-6.978356
-6.983923
-6.989442
-6.994913
-7.000335
-7.005710
-7.011036
-7.016314
-7.021543
-7.026724
-7.031856
-7.036941
-7.041976
-7.046963
-7.051902
-7.056792
-7.061633
-7.066426
-7.071170
-7.075865
-7.080512
-7.085109
-7.089658
-7.094158
-7.098609
-7.103012
-7.107365
-7.111669
-7.115925
-7.120131
-7.124288
-7.128396
-7.132455
-7.136465
-7.140426
-7.144337
-7.148200
-7.152013
-7.155776
-7.159491
-7.163156
-7.166772
-7.170338
-7.173855
-7.177322
-7.180740
-7.184109
-7.187428
-7.190698
-7.193918
-7.197088
-7.200209
-7.203280
-7.206302
-7.209273
-7.212196
-7.215068
-7.217891
-7.220664
-7.223388
-7.226061
-7.228685
-7.231259
-7.233783
-7.236257
-7.238682
-7.241056
-7.243381
-7.245656
-7.247880
-7.250055
-7.252180
-7.254255
-7.256280
-7.258255
-7.260180
-7.262055
-7.263880
-7.265655
-7.267379
-7.269054
-7.270679
-7.272253
-7.273778
-7.275252
-7.276676
-7.278050
-7.279374
-7.280648
-7.281871
-7.283044
-7.284168
-7.285241
-7.286263
-7.287236
-7.288158
-7.289030
-7.289852
-7.290624
-7.291345
-7.292016
-7.292637
-7.293208
-7.293729
-7.294199
-7.294619
-7.294988
-7.295308
-7.295577
-7.295796
-7.295964
-7.296082
-7.296150
-7.296168
-7.296136
-7.296053
-7.295920
-7.295736
-7.295503
-7.295219
-7.294885
-7.294500
-7.294066
-7.293581
-7.293045
-7.292460
-7.291824
-7.291138
-7.290402
-7.289616
-7.288779
-7.287892
-7.286955
-7.285968
-7.284930
-7.283842
-7.282705
-7.281516
-7.280278
-7.278990
-7.277651
-7.276262
-7.274824
-7.273335
-7.271795
-7.270206
-7.268567
-7.266877
-7.265138
-7.263348
-7.261509
-7.259619
-7.257680
-7.255690
-7.253650
-7.251561
-7.249421
-7.247231
-7.244992
-7.242702
-7.240363
-7.237974
-7.235535
-7.233046
-7.230507
-7.227918
-7.225280
-7.222592
-7.219854
-7.217066
-7.214229
-7.211342
-7.208405
-7.205418
-7.202382
-7.199296
-7.196161
-7.192976
-7.189741
-7.186457
-7.183123
-7.179740
-7.176308
-7.172826
-7.169294
-7.165713
-7.162083
-7.158404
-7.154675
-7.150896
-7.147069
-7.143192
-7.139266
-7.135291
-7.131267
-7.127193
-7.123071
-7.118899
-7.114678
-7.110409
-7.106090
-7.101722
-7.097306
-7.092840
-7.088326
-7.083762
-7.079150
-7.074489
-7.069780
-7.065022
-7.060215
-7.055359
-7.050455
-7.045502
-7.040500
-7.035451
-7.030352
-7.025205
-7.020010
-7.014767
-7.009475
-7.004134
-6.998746
-6.993309
-6.987824
-6.982291
-6.976710
-6.971081
-6.965403
-6.959678
-6.953905
-6.948084
-6.942215
-6.936298
-6.930333
-6.924321
-6.918261
-6.912153
-6.905997
-6.899794
-6.893544
-6.887246
-6.880900
-6.874507
-6.868067
-6.861579
-6.855045
-6.848462
-6.841833
-6.835157
-6.828433
-6.821662
-6.814845
-6.807980
-6.801069
-6.794110
-6.787105
-6.780053
-6.772954
-6.765809
-6.758617
-6.751379
-6.744094
-6.736762
-6.729384
-6.721960
-6.714489
-6.706972
-6.699409
-6.691800
-6.684145
-6.676443
-6.668696
-6.660902
-6.653063
-6.645178
-6.637247
-6.629270
-6.621248
-6.613180
-6.605066
-6.596907
-6.588703
-6.580453
-6.572158
-6.563817
-6.555431
-6.547000
-6.538524
-6.530003
-6.521437
-6.512826
-6.504170
-6.495469
-6.486724
-6.477934
-6.469099
-6.460220
-6.451296
-6.442327
-6.433314
-6.424257
-6.415156
-6.406010
-6.396821
-6.387587
-6.378309
-6.368987
-6.359622
-6.350212
-6.340759
-6.331262
-6.321722
-6.312138
-6.302510
-6.292839
-6.283125
-6.273367
-6.263566
-6.253722
-6.243835
-6.233905
-6.223932
-6.213916
-6.203857
-6.193755
-6.183611
-6.173424
-6.163195
-6.152923
-6.142608
-6.132252
-6.121853
-6.111412
-6.100929
-6.090404
-6.079836
-6.069227
-6.058577
-6.047884
-6.037150
-6.026374
-6.015556
-6.004697
-5.993797
-5.982856
-5.971873
-5.960849
-5.949784
-5.938678
-5.927531
-5.916343
-5.905115
-5.893846
-5.882536
-5.871185
-5.859795
-5.848363
-5.836892
-5.825380
-5.813828
-5.802236
-5.790604
-5.778933
-5.767221
-5.755470
-5.743679
-5.731848
-5.719978
-5.708069
-5.696120
-5.684132
-5.672104
-5.660038
-5.647933
-5.635788
-5.623605
-5.611383
-5.599123
-5.586824
-5.574486
-5.562110
-5.549696
-5.537243
-5.524753
-5.512224
-5.499657
-5.487052
-5.474410
-5.461730
-5.449012
-5.436257
-5.423464
-5.410634
-5.397766
-5.384861
-5.371920
-5.358941
-5.345925
-5.332872
-5.319783
-5.306657
-5.293495
-5.280296
-5.267060
-5.253789
-5.240481
-5.227137
-5.213757
-5.200341
-5.186889
-5.173401
-5.159878
-5.146319
-5.132725
-5.119096
-5.105431
-5.091731
-5.077996
-5.064226
-5.050421
-5.036581
-5.022706
-5.008797
-4.994854
-4.980876
-4.966863
-4.952817
-4.938736
-4.924621
-4.910473
-4.896290
-4.882074
-4.867824
-4.853541
-4.839224
-4.824874
-4.810490
-4.796074
-4.781624
-4.767141
-4.752626
-4.738078
-4.723497
-4.708883
-4.694238
-4.679559
-4.664849
-4.650106
-4.635332
-4.620525
-4.605687
-4.590817
-4.575915
-4.560982
-4.546017
-4.531021
-4.515994
-4.500935
-4.485846
-4.470725
-4.455574
-4.440392
-4.425180
-4.409937
-4.394664
-4.379360
-4.364026
-4.348663
-4.333269
-4.317845
-4.302392
-4.286909
-4.271396
-4.255854
-4.240283
-4.224682
-4.209053
-4.193394
-4.177706
-4.161990
-4.146245
-4.130471
-4.114669
-4.098839
-4.082980
-4.067093
-4.051178
-4.035236
-4.019265
-4.003267
-3.987241
-3.971188
-3.955107
-3.938999
-3.922864
-3.906702
-3.890513
-3.874297
-3.858055
-3.841786
-3.825490
-3.809168
-3.792820
-3.776446
-3.760045
-3.743619
-3.727167
-3.710689
-3.694186
-3.677657
-3.661103
-3.644524
-3.627919
-3.611290
-3.594636
-3.577957
-3.561253
-3.544524
-3.527772
-3.510995
-3.494194
-3.477368
-3.460519
-3.443646
-3.426749
-3.409829
-3.392885
-3.375917
-3.358927
-3.341913
-3.324876
-3.307817
-3.290734
-3.273629
-3.256502
-3.239351
-3.222179
-3.204984
-3.187768
-3.170529
-3.153268
-3.135986
-3.118682
-3.101357
-3.084010
-3.066642
-3.049253
-3.031843
-3.014412
-2.996960
-2.979488
-2.961995
-2.944481
-2.926948
-2.909394
-2.891820
-2.874226
-2.856613
-2.838979
-2.821326
-2.803654
-2.785963
-2.768252
-2.750522
-2.732773
-2.715005
-2.697219
-2.679414
-2.661591
-2.643749
-2.625889
-2.608011
-2.590115
-2.572201
-2.554269
-2.536320
-2.518353
-2.500369
-2.482368
-2.464349
-2.446314
-2.428262
-2.410193
-2.392107
-2.374005
-2.355887
-2.337752
-2.319601
-2.301435
-2.283252
-2.265054
-2.246840
-2.228610
-2.210366
-2.192106
-2.173831
-2.155540
-2.137236
-2.118916
-2.100582
-2.082233
-2.063870
-2.045492
-2.027101
-2.008696
-1.990276
-1.971844
-1.953397
-1.934937
-1.916464
-1.897977
-1.879478
-1.860965
-1.842440
-1.823902
-1.805351
-1.786788
-1.768213
-1.749625
-1.731025
-1.712414
-1.693790
-1.675155
-1.656509
-1.637851
-1.619182
-1.600501
-1.581810
-1.563107
-1.544394
-1.525671
-1.506936
-1.488192
-1.469437
-1.450672
-1.431897
-1.413112
-1.394317
-1.375513
-1.356699
-1.337876
-1.319044
-1.300202
-1.281352
-1.262493
-1.243625
-1.224749
-1.205864
-1.186970
-1.168069
-1.149160
-1.130242
-1.111317
-1.092384
-1.073444
-1.054496
-1.035541
-1.016579
-0.997610
-0.978634
-0.959652
-0.940662
-0.921666
-0.902664
-0.883656
-0.864641
-0.845621
-0.826595
-0.807563
-0.788525
-0.769482
-0.750434
-0.731380
-0.712322
-0.693259
-0.674190
-0.655118
-0.636040
-0.616959
-0.597873
-0.578783
-0.559689
-0.540591
-0.521489
-0.502384
-0.483275
-0.464163
-0.445048
-0.425930
-0.406808
-0.387684
-0.368558
-0.349428
-0.330297
-0.311163
-0.292027
-0.272889
-0.253749
-0.234607
-0.215464
-0.196319
-0.177173
-0.158025
-0.138877
-0.119727
-0.100577
-0.081426
-0.062275
-0.043123
-0.023970
-0.004818
0.014334
0.033487
0.052639
0.071791
0.090942
0.110092
0.129242
0.148391
0.167539
0.186686
0.205832
0.224976
0.244118
0.263259
0.282398
0.301535
0.320670
0.339803
0.358933
0.378061
0.397187
0.416309
0.435429
0.454546
0.473660
0.492770
0.511877
0.530981
0.550080
0.569176
0.588268
0.607356
0.626440
0.645520
0.664595
0.683665
0.702731
0.721792
0.740848
0.759899
0.778945
0.797985
0.817020
0.836049
0.855072
0.874090
0.893101
0.912107
0.931106
0.950098
0.969084
0.988064
1.007036
1.026002
1.044961
1.063912
1.082856
1.101793
1.120722
1.139643
1.158556
1.177462
1.196359
1.215248
1.234129
1.253001
1.271865
1.290719
1.309565
1.328402
1.347230
1.366048
1.384857
1.403657
1.422447
1.441227
1.459997
1.478757
1.497507
1.516246
1.534975
1.553694
1.572401
1.591098
1.609784
1.628459
1.647123
1.665775
1.684416
1.703045
1.721663
1.740268
1.758862
1.777444
1.796013
1.814570
1.833114
1.851646
1.870165
1.888671
1.907164
1.925644
1.944111
1.962564
1.981004
1.999430
2.017843
2.036241
2.054625
2.072996
2.091352
2.109693
2.128020
2.146333
2.164630
2.182913
2.201180
2.219433
2.237670
2.255892
2.274098
2.292289
2.310463
2.328622
2.346765
2.364891
2.383002
2.401096
2.419173
2.437234
2.455277
2.473304
2.491314
2.509307
2.527283
2.545241
2.563181
2.581104
2.599009
2.616896
2.634765
2.652616
2.670449
2.688263
2.706059
2.723836
2.741594
2.759334
2.777054
2.794755
2.812437
2.830100
2.847743
2.865367
2.882971
2.900555
2.918118
2.935662
2.953186
2.970689
2.988172
3.005634
3.023076
3.040496
3.057896
3.075275
3.092632
3.109968
3.127283
3.144576
3.161847
3.179097
3.196325
3.213531
3.230714
3.247876
3.265015
3.282131
3.299225
3.316296
3.333344
3.350370
3.367372
3.384351
3.401307
3.418239
3.435148
3.452033
3.468894
3.485731
3.502545
3.519334
3.536099
3.552839
3.569555
3.586247
3.602914
3.619556
3.636173
3.652765
3.669332
3.685873
3.702389
3.718880
3.735345
3.751784
3.768197
3.784585
3.800946
3.817281
3.833590
3.849873
3.866129
3.882358
3.898560
3.914736
3.930885
3.947006
3.963101
3.979168
3.995207
4.011220
4.027204
4.043161
4.059090
4.074991
4.090863
4.106708
4.122524
4.138312
4.154072
4.169803
4.185505
4.201178
4.216822
4.232437
4.248023
4.263580
4.279108
4.294606
4.310074
4.325513
4.340921
4.356300
4.371649
4.386968
4.402257
4.417515
4.432743
4.447940
4.463106
4.478242
4.493347
4.508421
4.523464
4.538476
4.553456
4.568405
4.583323
4.598209
4.613064
4.627886
4.642677
4.657436
4.672162
4.686857
4.701519
4.716148
4.730746
4.745310
4.759842
4.774341
4.788808
4.803241
4.817641
4.832008
4.846342
4.860642
4.874909
4.889142
4.903341
4.917507
4.931639
4.945737
4.959801
4.973830
4.987825
5.001786
5.015713
5.029605
5.043462
5.057284
5.071072
5.084825
5.098543
5.112225
5.125872
5.139484
5.153061
5.166602
5.180107
5.193577
5.207011
5.220409
5.233771
5.247098
5.260387
5.273641
5.286858
5.300039
5.313184
5.326292
5.339363
5.352397
5.365394
5.378355
5.391278
5.404164
5.417013
5.429825
5.442599
5.455336
5.468035
5.480697
5.493320
5.505906
5.518454
5.530964
5.543436
5.555869
5.568264
5.580621
5.592940
5.605220
5.617461
5.629664
5.641828
5.653952
5.666038
5.678085
5.690093
5.702062
5.713991
5.725881
5.737731
5.749542
5.761314
5.773045
5.784737
5.796389
5.808001
5.819573
5.831105
5.842597
5.854048
5.865460
5.876830
5.888160
5.899450
5.910699
5.921907
5.933075
5.944201
5.955287
5.966332
5.977335
5.988297
5.999219
6.010098
6.020936
6.031733
6.042489
6.053202
6.063874
6.074504
6.085092
6.095639
6.106143
6.116605
6.127025
6.137403
6.147739
6.158032
6.168283
6.178491
6.188657
6.198780
6.208860
6.218898
6.228892
6.238844
6.248753
6.258619
6.268441
6.278221
6.287957
6.297650
6.307299
6.316905
6.326468
6.335987
6.345462
6.354893
6.364281
6.373625
6.382925
6.392181
6.401393
6.410560
6.419684
6.428763
6.437798
6.446789
6.455735
6.464637
6.473494
6.482307
6.491075
6.499798
6.508477
6.517110
6.525699
6.534243
6.542742
6.551195
6.559604
6.567967
6.576285
6.584558
6.592785
6.600967
6.609104
6.617195
6.625240
6.633239
6.641193
6.649102
6.656964
6.664780
6.672551
6.680276
6.687954
6.695587
6.703173
6.710713
6.718207
6.725655
6.733056
6.740411
6.747719
6.754981
6.762197
6.769365
6.776488
6.783563
6.790592
6.797574
6.804509
6.811397
6.818238
6.825033
6.831780
6.838480
6.845133
6.851739
6.858298
6.864809
6.871273
6.877690
6.884059
6.890381
6.896656
6.902883
6.909062
6.915194
6.921278
6.927314
6.933303
6.939244
6.945137
6.950982
6.956780
6.962529
6.968231
6.973884
6.979489
6.985047
6.990556
6.996017
7.001429
7.006794
7.012110
7.017378
7.022598
7.027769
7.032892
7.037966
7.042992
7.047969
7.052898
7.057778
7.062609
7.067392
7.072126
7.076812
7.081448
7.086036
7.090575
7.095065
7.099506
7.103899
7.108242
7.112536
7.116782
7.120978
7.125125
7.129224
7.133273
7.137273
7.141223
7.145125
7.148977
7.152780
7.156534
7.160238
7.163893
7.167499
7.171055
7.174562
7.178020
7.181428
7.184786
7.188095
7.191355
7.194565
7.197725
7.200836
7.203897
7.206909
7.209870
7.212783
7.215645
7.218458
7.221221
7.223934
7.226598
7.229211
7.231775
7.234289
7.236753
7.239168
7.241532
7.243847
7.246111
7.248326
7.250491
7.252605
7.254670
7.256685
7.258650
7.260565
7.262429
7.264244
7.266009
7.267723
7.269388
7.271002
7.272567
7.274081
7.275545
7.276959
7.278323
7.279637
7.280900
7.282113
7.283277
7.284390
7.285452
7.286465
7.287427
7.288339
7.289201
7.290013
7.290775
7.291486
7.292147
7.292758
7.293318
7.293828
7.294288
7.294698
7.295057
7.295367
7.295626
7.295834
7.295993
7.296101
7.296158
7.296166
7.296123
7.296030
7.295887
7.295693
7.295450
7.295156
7.294811
7.294417
7.293972
7.293477
7.292931
7.292336
7.291690
7.290993
7.290247
7.289450
7.288604
7.287707
7.286759
7.285762
7.284714
7.283616
7.282468
7.281270
7.280021
7.278723
7.277374
7.275975
7.274526
7.273027
7.271478
7.269878
7.268229
7.266529
7.264779
7.262980
7.261130
7.259230
7.257280
7.255281
7.253231
7.251131
7.248981
7.246782
7.244532
7.242232
7.239883
7.237484
7.235034
7.232535
7.229987
7.227388
7.224739
7.222041
7.219293
7.216495
7.213648
7.210750
7.207803
7.204807
7.201761
7.198665
7.195519
7.192324
7.189080
7.185785
7.182442
7.179049
7.175606
7.172114
7.168572
7.164982
7.161341
7.157652
7.153913
7.150125
7.146287
7.142400
7.138464
7.134479
7.130445
7.126362
7.122229
7.118047
7.113817
7.109537
7.105208
7.100831
7.096404
7.091929
7.087405
7.082831
7.078209
7.073539
7.068819
7.064051
7.059234
7.054369
7.049455
7.044492
7.039481
7.034421
7.029313
7.024156
7.018951
7.013698
7.008396
7.003046
6.997648
6.992201
6.986706
6.981164
6.975573
6.969934
6.964247
6.958512
6.952729
6.946898
6.941019
6.935093
6.929118
6.923096
6.917026
6.910909
6.904744
6.898531
6.892271
6.885963
6.879608
6.873206
6.866756
6.860258
6.853714
6.847122
6.840483
6.833797
6.827064
6.820284
6.813457
6.806583
6.799662
6.792694
6.785679
6.778618
6.771510
6.764355
6.757153
6.749905
6.742611
6.735270
6.727883
6.720449
6.712969
6.705443
6.697870
6.690252
6.682587
6.674876
6.667119
6.659317
6.651468
6.643574
6.635633
6.627647
6.619616
6.611539
6.603416
6.595248
6.587034
6.578775
6.570470
6.562121
6.553726
6.545286
6.536800
6.528270
6.519695
6.511075
6.502410
6.493700
6.484945
6.476146
6.467302
6.458414
6.449481
6.440504
6.431482
6.422416
6.413305
6.404151
6.394952
6.385710
6.376423
6.367092
6.357718
6.348299
6.338837
6.329331
6.319782
6.310189
6.300553
6.290873
6.281150
6.271383
6.261574
6.251721
6.241825
6.231886
6.221904
6.211880
6.201812
6.191702
6.181549
6.171353
6.161115
6.150835
6.140512
6.130147
6.119740
6.109290
6.098798
6.088265
6.077689
6.067071
6.056412
6.045711
6.034968
6.024184
6.013358
6.002491
5.991582
5.980632
5.969641
5.958609
5.947536
5.936421
5.925266
5.914070
5.902833
5.891556
5.880238
5.868879
5.857480
5.846041
5.834561
5.823041
5.811481
5.799881
5.788241
5.776561
5.764842
5.753082
5.741283
5.729445
5.717567
5.705649
5.693692
5.681696
5.669661
5.657587
5.645474
5.633321
5.621131
5.608901
5.596633
5.584326
5.571980
5.559596
5.547174
5.534714
5.522216
5.509679
5.497105
5.484492
5.471842
5.459154
5.446429
5.433666
5.420866
5.408028
5.395153
5.382240
5.369291
5.356305
5.343282
5.330222
5.317125
5.303991
5.290822
5.277615
5.264372
5.251093
5.237778
5.224427
5.211039
5.197616
5.184157
5.170662
5.157132
5.143566
5.129965
5.116328
5.102656
5.088949
5.075207
5.061430
5.047618
5.033771
5.019889
5.005973
4.992023
4.978038
4.964018
4.949965
4.935877
4.921756
4.907600
4.893411
4.879188
4.864931
4.850641
4.836317
4.821960
4.807570
4.793147
4.778690
4.764201
4.749679
4.735124
4.720537
4.705917
4.691264
4.676579
4.661863
4.647113
4.632332
4.617519
4.602674
4.587798
4.572890
4.557950
4.542979
4.527977
4.512943
4.497878
4.482783
4.467656
4.452499
4.437311
4.422092
4.406843
4.391564
4.376254
4.360914
4.345544
4.330144
4.314715
4.299255
4.283766
4.268247
4.252699
4.237122
4.221516
4.205880
4.190216
4.174522
4.158800
4.143049
4.127270
4.111462
4.095626
4.079761
4.063869
4.047948
4.032000
4.016024
4.000020
3.983989
3.967930
3.951844
3.935730
3.919590
3.903422
3.887228
3.871006
3.854758
3.838484
3.822183
3.805856
3.789502
3.773123
3.756717
3.740286
3.723828
3.707345
3.690837
3.674303
3.657744
3.641159
3.624550
3.607915
3.591256
3.574572
3.557863
3.541130
3.524372
3.507590
3.490784
3.473954
3.457100
3.440222
3.423321
3.406395
3.389447
3.372475
3.355479
3.338461
3.321420
3.304355
3.287268
3.270159
3.253026
3.235872
3.218695
3.201496
3.184274
3.167031
3.149766
3.132480
3.115172
3.097842
3.080491
3.063118
3.045725
3.028311
3.010875
2.993420
2.975943
2.958446
2.940928
2.923391
2.905833
2.888255
2.870657
2.853039
2.835402
2.817745
2.800069
2.782373
2.764659
2.746925
2.729172
2.711401
2.693611
2.675802
2.657975
2.640129
2.622266
2.604384
2.586484
2.568567
2.550632
2.532679
2.514709
2.496721
2.478716
2.460694
2.442656
2.424600
2.406528
2.388439
2.370333
2.352212
2.334074
2.315920
2.297750
2.279564
2.261362
2.243145
2.224913
2.206665
2.188402
2.170124
2.151831
2.133523
2.115200
2.096863
2.078511
2.060145
2.041765
2.023371
2.004963
1.986541
1.968105
1.949656
1.931193
1.912717
1.894228
1.875726
1.857210
1.838682
1.820142
1.801589
1.783023
1.764445
1.745855
1.727253
1.708639
1.690013
1.671376
1.652727
1.634067
1.615395
1.596713
1.578019
1.559315
1.540599
1.521873
1.503137
1.484390
1.465633
1.446866
1.428089
1.409302
1.390506
1.371699
1.352884
1.334059
1.315225
1.296382
1.277529
1.258668
1.239799
1.220921
1.202034
1.183139
1.164236
1.145325
1.126406
1.107480
1.088545
1.069603
1.050654
1.031698
1.012734
0.993764
0.974786
0.955802
0.936812
0.917815
0.898811
0.879802
0.860786
0.841764
0.822737
0.803704
0.784665
0.765621
0.746572
0.727517
0.708458
0.689393
0.670324
0.651251
0.632172
0.613090
0.594003
0.574912
0.555817
0.536719
0.517616
0.498510
0.479401
0.460288
0.441172
0.422053
0.402932
0.383807
0.364680
0.345550
0.326418
0.307284
0.288147
0.269009
0.249868
0.230726
0.211583
0.192438
0.173291
0.154144
0.134995
0.115845
0.096695
0.077544
0.058392
0.039240
0.020088
0.000936
-0.018217
-0.037369
-0.056521
-0.075673
-0.094824
-0.113974
-0.133124
-0.152273
-0.171421
-0.190567
-0.209712
-0.228856
-0.247998
-0.267139
-0.286278
-0.305414
-0.324549
-0.343681
-0.362811
-0.381939
-0.401063
-0.420186
-0.439305
-0.458421
-0.477534
-0.496644
-0.515750
-0.534853
-0.553952
-0.573047
-0.592138
-0.611225
-0.630308
-0.649387
-0.668461
-0.687531
-0.706595
-0.725655
-0.744710
-0.763760
-0.782805
-0.801844
-0.820878
-0.839906
-0.858928
-0.877944
-0.896954
-0.915958
-0.934956
-0.953947
-0.972932
-0.991910
-1.010881
-1.029846
-1.048803
-1.067753
-1.086695
-1.105630
-1.124558
-1.143477
-1.162389
-1.181293
-1.200188
-1.219076
-1.237955
-1.256825
-1.275687
-1.294540
-1.313384
-1.332219
-1.351045
-1.369862
-1.388669
-1.407466
-1.426254
-1.445032
-1.463800
-1.482558
-1.501306
-1.520043
-1.538770
-1.557486
-1.576192
-1.594887
-1.613571
-1.632243
-1.650905
-1.669555
-1.688193
-1.706820
-1.725435
-1.744038
-1.762629
-1.781208
-1.799775
-1.818330
-1.836871
-1.855401
-1.873917
-1.892421
-1.910911
-1.929388
-1.947852
-1.966303
-1.984740
-2.003163
-2.021573
-2.039968
-2.058350
-2.076717
-2.095070
-2.113409
-2.131733
-2.150042
-2.168337
-2.186617
-2.204881
-2.223130
-2.241365
-2.259583
-2.277786
-2.295973
-2.314145
-2.332301
-2.350440
-2.368563
-2.386670
-2.404761
-2.422835
-2.440892
-2.458932
-2.476956
-2.494962
-2.512952
-2.530924
-2.548878
-2.566815
-2.584734
-2.602636
-2.620519
-2.638385
-2.656232
-2.674061
-2.691871
-2.709663
-2.727437
-2.745191
-2.762927
-2.780643
-2.798341
-2.816019
-2.833677
-2.851317
-2.868936
-2.886536
-2.904116
-2.921676
-2.939215
-2.956735
-2.974234
-2.991713
-3.009171
-3.026608
-3.044024
-3.061420
-3.078794
-3.096147
-3.113479
-3.130789
-3.148078
-3.165345
-3.182590
-3.199814
-3.217015
-3.234194
-3.251351
-3.268485
-3.285597
-3.302686
-3.319753
-3.336797
-3.353817
-3.370815
-3.387789
-3.404740
-3.421667
-3.438571
-3.455452
-3.472308
-3.489140
-3.505949
-3.522733
-3.539493
-3.556229
-3.572940
-3.589626
-3.606288
-3.622925
-3.639537
-3.656124
-3.672686
-3.689222
-3.705733
-3.722218
-3.738678
-3.755112
-3.771520
-3.787902
-3.804258
-3.820588
-3.836892
-3.853169
-3.869419
-3.885643
-3.901840
-3.918010
-3.934154
-3.950270
-3.966358
-3.982420
-3.998454
-4.014461
-4.030439
-4.046391
-4.062314
-4.078209
-4.094076
-4.109915
-4.125726
-4.141508
-4.157261
-4.172986
-4.188683
-4.204350
-4.219988
-4.235598
-4.251178
-4.266729
-4.282250
-4.297742
-4.313204
-4.328637
-4.344040
-4.359413
-4.374755
-4.390068
-4.405350
-4.420602
-4.435824
-4.451015
-4.466175
-4.481305
-4.496404
-4.511471
-4.526508
-4.541513
-4.556488
-4.571430
-4.586341
-4.601221
-4.616069
-4.630885
-4.645669
-4.660422
-4.675142
-4.689830
-4.704485
-4.719108
-4.733699
-4.748257
-4.762782
-4.777275
-4.791734
-4.806161
-4.820554
-4.834914
-4.849241
-4.863535
-4.877795
-4.892021
-4.906214
-4.920372
-4.934497
-4.948588
-4.962645
-4.976668
-4.990656
-5.004610
-5.018530
-5.032414
-5.046265
-5.060080
-5.073861
-5.087606
-5.101317
-5.114992
-5.128632
-5.142237
-5.155806
-5.169340
-5.182839
-5.196301
-5.209728
-5.223119
-5.236473
-5.249792
-5.263075
-5.276321
-5.289531
-5.302704
-5.315841
-5.328942
-5.342005
-5.355032
-5.368022
-5.380975
-5.393891
-5.406769
-5.419611
-5.432415
-5.445182
-5.457911
-5.470602
-5.483256
-5.495872
-5.508450
-5.520990
-5.533493
-5.545957
-5.558382
-5.570770
-5.583119
-5.595430
-5.607702
-5.619935
-5.632130
-5.644286
-5.656403
-5.668481
-5.680520
-5.692520
-5.704480
-5.716402
-5.728284
-5.740126
-5.751929
-5.763692
-5.775416
-5.787100
-5.798743
-5.810347
-5.821911
-5.833435
-5.844919
-5.856362
-5.867765
-5.879127
-5.890449
-5.901731
-5.912971
-5.924171
-5.935331
-5.946449
-5.957526
-5.968562
-5.979558
-5.990511
-6.001424
-6.012295
-6.023125
-6.033914
-6.044660
-6.055366
-6.066029
-6.076651
-6.087230
-6.097768
-6.108264
-6.118718
-6.129129
-6.139498
-6.149825
-6.160110
-6.170352
-6.180552
-6.190709
-6.200823
-6.210895
-6.220924
-6.230910
-6.240853
-6.250753
-6.260610
-6.270424
-6.280194
-6.289922
-6.299606
-6.309246
-6.318844
-6.328397
-6.337907
-6.347374
-6.356796
-6.366175
-6.375510
-6.384801
-6.394048
-6.403251
-6.412410
-6.421524
-6.430595
-6.439621
-6.448602
-6.457540
-6.466432
-6.475281
-6.484084
-6.492843
-6.501557
-6.510227
-6.518851
-6.527431
-6.535965
-6.544455
-6.552899
-6.561299
-6.569653
-6.577962
-6.586225
-6.594443
-6.602616
-6.610743
-6.618825
-6.626861
-6.634851
-6.642796
-6.650695
-6.658548
-6.666355
-6.674116
-6.681832
-6.689501
-6.697124
-6.704701
-6.712232
-6.719716
-6.727154
-6.734546
-6.741892
-6.749191
-6.756443
-6.763649
-6.770808
-6.777921
-6.784987
-6.792006
-6.798979
-6.805904
-6.812783
-6.819615
-6.826399
-6.833137
-6.839828
-6.846471
-6.853068
-6.859617
-6.866118
-6.872573
-6.878980
-6.885340
-6.891652
-6.897917
-6.904134
-6.910304
-6.916426
-6.922501
-6.928527
-6.934506
-6.940437
-6.946321
-6.952156
-6.957944
-6.963684
-6.969375
-6.975019
-6.980615
-6.986162
-6.991661
-6.997113
-7.002516
-7.007870
-7.013177
-7.018435
-7.023645
-7.028806
-7.033919
-7.038983
-7.043999
-7.048967
-7.053886
-7.058756
-7.063577
-7.068350
-7.073074
-7.077750
-7.082377
-7.086955
-7.091484
-7.095964
-7.100395
-7.104778
-7.109111
-7.113395
-7.117631
-7.121817
-7.125954
-7.130043
-7.134082
-7.138072
-7.142012
-7.145904
-7.149746
-7.153539
-7.157283
-7.160977
-7.164622
-7.168218
-7.171764
-7.175261
-7.178709
-7.182107
-7.185455
-7.188754
-7.192003
-7.195203
-7.198354
-7.201454
-7.204505
-7.207507
-7.210459
-7.213361
-7.216213
-7.219016
-7.221769
-7.224472
-7.227125
-7.229729
-7.232282
-7.234786
-7.237240
-7.239644
-7.241999
-7.244303
-7.246558
-7.248762
-7.250917
-7.253021
-7.255076
-7.257081
-7.259035
-7.260940
-7.262795
-7.264599
-7.266354
-7.268058
-7.269713
-7.271317
-7.272871
-7.274375
-7.275829
-7.277233
-7.278586
-7.279890
-7.281143
-7.282346
-7.283499
-7.284602
-7.285655
-7.286657
-7.287609
-7.288511
-7.289363
-7.290164
-7.290916
-7.291617
-7.292267
-7.292868
-7.293418
-7.293918
-7.294368
-7.294768
-7.295117
-7.295416
-7.295664
-7.295863
-7.296011
-7.296109
-7.296157
-7.296154
-7.296101
-7.295998
-7.295844
-7.295640
-7.295386
-7.295082
-7.294728
-7.294323
-7.293868
-7.293362
-7.292807
-7.292201
-7.291545
-7.290838
-7.290082
-7.289275
-7.288418
-7.287511
-7.286553
-7.285545
-7.284487
-7.283379
-7.282221
-7.281013
-7.279754
-7.278445
-7.277086
-7.275677
-7.274218
-7.272709
-7.271149
-7.269540
-7.267880
-7.266170
-7.264410
-7.262600
-7.260741
-7.258831
-7.256871
-7.254861
-7.252801
-7.250691
-7.248531
-7.246321
-7.244061
-7.241752
-7.239392
-7.236982
-7.234523
-7.232014
-7.229455
-7.226846
-7.224187
-7.221479
-7.218721
-7.215913
-7.213055
-7.210148
-7.207191
-7.204184
-7.201128
-7.198022
-7.194866
-7.191661
-7.188407
-7.185102
-7.181749
-7.178345
-7.174893
-7.171391
-7.167839
-7.164238
-7.160588
-7.156888
-7.153139
-7.149341
-7.145494
-7.141597
-7.137651
-7.133656
-7.129612
-7.125518
-7.121376
-7.117184
-7.112943
-7.108654
-7.104315
-7.099928
-7.095491
-7.091006
-7.086471
-7.081888
-7.077257
-7.072576
-7.067847
-7.063068
-7.058242
-7.053366
-7.048442
-7.043470
-7.038449
-7.033379
-7.028261
-7.023095
-7.017880
-7.012616
-7.007305
-7.001945
-6.996537
-6.991081
-6.985576
-6.980024
-6.974423
-6.968774
-6.963077
-6.957333
-6.951540
-6.945699
-6.939811
-6.933875
-6.927890
-6.921859
-6.915779
-6.909652
-6.903477
-6.897255
-6.890985
-6.884668
-6.878303
-6.871891
-6.865431
-6.858924
-6.852370
-6.845769
-6.839120
-6.832425
-6.825682
-6.818892
-6.812056
-6.805172
-6.798242
-6.791264
-6.784240
-6.777169
-6.770051
-6.762887
-6.755676
-6.748419
-6.741115
-6.733765
-6.726368
-6.718925
-6.711435
-6.703899
-6.696318
-6.688690
-6.681016
-6.673295
-6.665529
-6.657717
-6.649859
-6.641956
-6.634006
-6.626011
-6.617970
-6.609883
-6.601751
-6.593574
-6.585351
-6.577083
-6.568769
-6.560410
-6.552006
-6.543557
-6.535062
-6.526523
-6.517938
-6.509309
-6.500635
-6.491916
-6.483152
-6.474344
-6.465491
-6.456594
-6.447652
-6.438665
-6.429635
-6.420559
-6.411440
-6.402277
-6.393069
-6.383817
-6.374522
-6.365182
-6.355799
-6.346371
-6.336900
-6.327386
-6.317828
-6.308226
-6.298580
-6.288892
-6.279160
-6.269385
-6.259566
-6.249705
-6.239800
-6.229852
-6.219862
-6.209828
-6.199752
-6.189633
-6.179472
-6.169267
-6.159021
-6.148732
-6.138400
-6.128026
-6.117610
-6.107152
-6.096652
-6.086110
-6.075526
-6.064899
-6.054232
-6.043522
-6.032771
-6.021978
-6.011144
-6.000268
-5.989351
-5.978393
-5.967393
-5.956353
-5.945271
-5.934148
-5.922985
-5.911780
-5.900535
-5.889250
-5.877923
-5.866557
-5.855149
-5.843702
-5.832214
-5.820686
-5.809118
-5.797510
-5.785861
-5.774173
-5.762446
-5.750678
-5.738871
-5.727024
-5.715138
-5.703213
-5.691248
-5.679244
-5.667201
-5.655119
-5.642997
-5.630837
-5.618638
-5.606401
-5.594125
-5.581810
-5.569457
-5.557065
-5.544635
-5.532167
-5.519661
-5.507117
-5.494535
-5.481914
-5.469257
-5.456561
-5.443828
-5.431057
-5.418249
-5.405404
-5.392521
-5.379602
-5.366645
-5.353651
-5.340620
-5.327553
-5.314448
-5.301308
-5.288130
-5.274916
-5.261666
-5.248380
-5.235057
-5.221698
-5.208304
-5.194873
-5.181407
-5.167905
-5.154367
-5.140794
-5.127186
-5.113542
-5.099862
-5.086148
-5.072399
-5.058615
-5.044795
-5.030941
-5.017053
-5.003130
-4.989172
-4.975180
-4.961154
-4.947093
-4.932999
-4.918870
-4.904708
-4.890512
-4.876282
-4.862018
-4.847721
-4.833391
-4.819027
-4.804630
-4.790200
-4.775737
-4.761241
-4.746712
-4.732151
-4.717556
-4.702930
-4.688271
-4.673579
-4.658856
-4.644100
-4.629313
-4.614493
-4.599642
-4.584759
-4.569844
-4.554898
-4.539921
-4.524912
-4.509872
-4.494801
-4.479699
-4.464566
-4.449402
-4.434208
-4.418983
-4.403728
-4.388442
-4.373126
-4.357780
-4.342404
-4.326998
-4.311563
-4.296097
-4.280602
-4.265077
-4.249523
-4.233940
-4.218328
-4.202686
-4.187016
-4.171316
-4.155588
-4.139832
-4.124046
-4.108233
-4.092391
-4.076521
-4.060622
-4.044696
-4.028742
-4.012760
-3.996751
-3.980714
-3.964649
-3.948558
-3.932439
-3.916292
-3.900119
-3.883919
-3.867693
-3.851439
-3.835159
-3.818853
-3.802520
-3.786162
-3.769777
-3.753366
-3.736929
-3.720466
-3.703978
-3.687465
-3.670925
-3.654361
-3.637772
-3.621157
-3.604517
-3.587853
-3.571164
-3.554450
-3.537712
-3.520949
-3.504162
-3.487351
-3.470516
-3.453657
-3.436774
-3.419868
-3.402938
-3.385984
-3.369008
-3.352008
-3.334984
-3.317938
-3.300869
-3.283778
-3.266663
-3.249526
-3.232367
-3.215186
-3.197982
-3.180756
-3.163509
-3.146239
-3.128948
-3.111636
-3.094301
-3.076946
-3.059569
-3.042172
-3.024753
-3.007313
-2.989853
-2.972372
-2.954871
-2.937349
-2.919807
-2.902245
-2.884663
-2.867061
-2.849440
-2.831798
-2.814138
-2.796457
-2.778758
-2.761039
-2.743302
-2.725545
-2.707770
-2.689976
-2.672163
-2.654332
-2.636483
-2.618616
-2.600730
-2.582827
-2.564906
-2.546967
-2.529010
-2.511037
-2.493045
-2.475037
-2.457012
-2.438970
-2.420910
-2.402835
-2.384742
-2.366634
-2.348508
-2.330367
-2.312210
-2.294037
-2.275848
-2.257643
-2.239423
-2.221187
-2.202936
-2.184670
-2.166388
-2.148092
-2.129781
-2.111455
-2.093115
-2.074761
-2.056392
-2.038009
-2.019611
-2.001200
-1.982775
-1.964337
-1.945885
-1.927419
-1.908941
-1.890449
-1.871944
-1.853426
-1.834895
-1.816352
-1.797796
-1.779228
-1.760648
-1.742055
-1.723451
-1.704834
-1.686206
-1.667566
-1.648915
-1.630252
-1.611579
-1.592894
-1.574198
-1.555491
-1.536773
-1.518045
-1.499307
-1.480558
-1.461799
-1.443029
-1.424250
-1.405461
-1.386663
-1.367854
-1.349037
-1.330210
-1.311374
-1.292529
-1.273675
-1.254812
-1.235941
-1.217061
-1.198172
-1.179276
-1.160371
-1.141458
-1.122538
-1.103609
-1.084673
-1.065730
-1.046779
-1.027821
-1.008856
-0.989884
-0.970905
-0.951920
-0.932928
-0.913929
-0.894925
-0.875914
-0.856897
-0.837874
-0.818845
-0.799811
-0.780771
-0.761726
-0.742675
-0.723620
-0.704559
-0.685494
-0.666424
-0.647349
-0.628270
-0.609186
-0.590098
-0.571007
-0.551911
-0.532811
-0.513708
-0.494601
-0.475491
-0.456378
-0.437261
-0.418142
-0.399019
-0.379894
-0.360766
-0.341636
-0.322503
-0.303368
-0.284231
-0.265092
-0.245952
-0.226809
-0.207665
-0.188520
-0.169373
-0.150225
-0.131076
-0.111926
-0.092775
-0.073624
-0.054472
-0.035320
-0.016168
0.002985
0.022137
0.041290
0.060442
0.079593
0.098744
0.117895
0.137044
0.156193
0.175341
0.194487
0.213632
0.232776
0.251918
0.271058
0.290196
0.309333
0.328467
0.347599
0.366728
0.385855
0.404980
0.424101
0.443220
0.462336
0.481448
0.500557
0.519663
0.538765
0.557863
0.576958
0.596049
0.615135
0.634217
0.653295
0.672368
0.691437
0.710501
0.729560
0.748614
0.767663
0.786707
0.805745
0.824777
0.843804
0.862825
0.881841
0.900850
0.919853
0.938849
0.957839
0.976823
0.995799
1.014769
1.033732
1.052688
1.071637
1.090578
1.109511
1.128437
1.147356
1.166266
1.185168
1.204062
1.222948
1.241825
1.260694
1.279554
1.298406
1.317248
1.336081
1.354905
1.373720
1.392525
1.411321
1.430107
1.448883
1.467649
1.486405
1.505151
1.523887
1.542611
1.561326
1.580029
1.598722
1.617403
1.636074
1.654733
1.673381
1.692017
1.710642
1.729255
1.747856
1.766444
1.785021
1.803586
1.822137
1.840677
1.859204
1.877718
1.896219
1.914706
1.933181
1.951643
1.970091
1.988525
2.006946
2.025352
2.043745
2.062124
2.080489
2.098839
2.117175
2.135496
2.153803
2.172094
2.190371
2.208633
2.226879
2.245110
2.263326
2.281526
2.299710
2.317878
2.336031
2.354167
2.372287
2.390391
2.408478
2.426549
2.444603
2.462640
2.480660
2.498663
2.516649
2.534618
2.552569
2.570502
2.588418
2.606316
2.624196
2.642058
2.659901
2.677727
2.695534
2.713322
2.731092
2.748843
2.766574
2.784287
2.801981
2.819655
2.837310
2.854945
2.872561
2.890157
2.907733
2.925289
2.942825
2.960340
2.977835
2.995310
3.012764
3.030197
3.047609
3.065001
3.082371
3.099720
3.117047
3.134353
3.151638
3.168901
3.186142
3.203361
3.220558
3.237732
3.254885
3.272015
3.289122
3.306207
3.323269
3.340308
3.357324
3.374317
3.391287
3.408234
3.425156
3.442056
3.458931
3.475783
3.492611
3.509414
3.526194
3.542949
3.559680
3.576386
3.593068
3.609725
3.626357
3.642964
3.659546
3.676102
3.692634
3.709140
3.725620
3.742075
3.758504
3.774907
3.791284
3.807635
3.823959
3.840258
3.856530
3.872775
3.888993
3.905185
3.921350
3.937488
3.953599
3.969682
3.985738
4.001767
4.017768
4.033742
4.049687
4.065605
4.081495
4.097356
4.113190
4.128995
4.144771
4.160519
4.176238
4.191929
4.207591
4.223223
4.238827
4.254401
4.269946
4.285462
4.300948
4.316405
4.331831
4.347228
4.362595
4.377932
4.393239
4.408515
4.423761
4.438977
4.454162
4.469316
4.484440
4.499532
4.514594
4.529624
4.544624
4.559591
4.574528
4.589433
4.604306
4.619148
4.633958
4.648736
4.663482
4.678196
4.692877
4.707526
4.722143
4.736727
4.751279
4.765798
4.780284
4.794737
4.809157
4.823544
4.837897
4.852218
4.866504
4.880758
4.894977
4.909163
4.923316
4.937434
4.951518
4.965568
4.979584
4.993566
5.007513
5.021425
5.035304
5.049147
5.062955
5.076729
5.090468
5.104171
5.117840
5.131473
5.145071
5.158633
5.172160
5.185651
5.199107
5.212527
5.225910
5.239258
5.252570
5.265845
5.279084
5.292287
5.305453
5.318583
5.331676
5.344732
5.357752
5.370735
5.383680
5.396589
5.409460
5.422294
5.435091
5.447850
5.460572
5.473256
5.485902
5.498511
5.511082
5.523614
5.536109
5.548565
5.560984
5.573364
5.585705
5.598008
5.610273
5.622499
5.634686
5.646834
5.658943
5.671014
5.683045
5.695037
5.706990
5.718904
5.730778
5.742612
5.754407
5.766163
5.777879
5.789555
5.801191
5.812787
5.824343
5.835858
5.847334
5.858769
5.870164
5.881519
5.892833
5.904106
5.915339
5.926531
5.937682
5.948793
5.959862
5.970890
5.981877
5.992823
6.003727
6.014590
6.025412
6.036192
6.046931
6.057628
6.068283
6.078896
6.089468
6.099997
6.110485
6.120930
6.131334
6.141694
6.152013
6.162289
6.172523
6.182714
6.192863
6.202969
6.213032
6.223053
6.233030
6.242965
6.252857
6.262705
6.272511
6.282273
6.291992
6.301667
6.311299
6.320888
6.330433
6.339934
6.349392
6.358806
6.368176
6.377502
6.386785
6.396023
6.405217
6.414367
6.423473
6.432535
6.441552
6.450525
6.459454
6.468338
6.477177
6.485972
6.494722
6.503428
6.512088
6.520704
6.529275
6.537801
6.546281
6.554717
6.563107
6.571453
6.579752
6.588007
6.596216
6.604380
6.612498
6.620571
6.628598
6.636580
6.644515
6.652405
6.660249
6.668047
6.675800
6.683506
6.691166
6.698780
6.706348
6.713870
6.721345
6.728774
6.736157
6.743493
6.750783
6.758027
6.765223
6.772374
6.779477
6.786534
6.793544
6.800507
6.807424
6.814293
6.821116
6.827891
6.834620
6.841301
6.847935
6.854522
6.861062
6.867555
6.874000
6.880398
6.886748
6.893051
6.899307
6.905515
6.911675
6.917788
6.923853
6.929870
6.935840
6.941762
6.947636
6.953462
6.959240
6.964970
6.970653
6.976287
6.981873
6.987411
6.992901
6.998343
7.003736
7.009082
7.014379
7.019627
7.024828
7.029980
7.035083
7.040138
7.045144
7.050102
7.055012
7.059872
7.064684
7.069448
7.074162
7.078828
7.083446
7.088014
7.092533
7.097004
7.101426
7.105799
7.110123
7.114397
7.118623
7.122800
7.126928
7.131006
7.135036
7.139016
7.142947
7.146829
7.150662
7.154445
7.158179
7.161864
7.165500
7.169086
7.172622
7.176109
7.179547
7.182936
7.186274
7.189564
7.192803
7.195994
7.199134
7.202225
7.205267
7.208258
7.211200
7.214093
7.216936
7.219728
7.222472
7.225165
7.227809
7.230403
7.232947
7.235441
7.237885
7.240280
7.242624
7.244919
7.247164
7.249359
7.251503
7.253598
7.255643
7.257638
7.259583
7.261478
7.263323
7.265118
7.266863
7.268557
7.270202
7.271796
7.273341
7.274835
7.276279
7.277673
7.279017
7.280311
7.281554
7.282748
7.283891
7.284984
7.286027
7.287020
7.287962
7.288854
7.289696
7.290488
7.291229
7.291921
7.292562
7.293153
7.293693
7.294183
7.294623
7.295013
7.295353
7.295642
7.295881
7.296070
7.296208
7.296296
7.296334
7.296322
7.296259
7.296146
7.295983
7.295769
7.295505
7.295191
7.294827
7.294413
7.293948
7.293433
7.292867
7.292252
7.291586
7.290870
7.290104
7.289287
7.288420
7.287503
7.286536
7.285519
7.284451
7.283333
7.282165
7.280947
7.279679
7.278360
7.276992
7.275573
7.274104
7.272585
7.271016
7.269397
7.267727
7.266008
7.264238
7.262419
7.260549
7.258630
7.256660
7.254641
7.252571
7.250451
7.248282
7.246062
7.243793
7.241474
7.239105
7.236686
7.234217
7.231698
7.229129
7.226511
7.223843
7.221125
7.218357
7.215539
7.212672
7.209755
7.206789
7.203773
7.200707
7.197591
7.194426
7.191212
7.187947
7.184634
7.181270
7.177858
7.174396
7.170884
7.167323
7.163713
7.160053
7.156344
7.152585
7.148778
7.144921
7.141015
7.137059
7.133055
7.129001
7.124898
7.120746
7.116545
7.112295
7.107996
7.103648
7.099252
7.094806
7.090311
7.085767
7.081175
7.076534
7.071844
7.067105
7.062318
7.057482
7.052597
7.047664
7.042682
7.037652
7.032573
7.027446
7.022270
7.017046
7.011773
7.006453
7.001084
6.995666
6.990201
6.984687
6.979126
6.973516
6.967858
6.962152
6.956398
6.950596
6.944747
6.938849
6.932904
6.926911
6.920870
6.914781
6.908645
6.902461
6.896230
6.889951
6.883625
6.877251
6.870830
6.864361
6.857846
6.851283
6.844672
6.838015
6.831310
6.824559
6.817760
6.810915
6.804022
6.797083
6.790097
6.783064
6.775984
6.768857
6.761684
6.754465
6.747199
6.739886
6.732527
6.725121
6.717669
6.710171
6.702627
6.695036
6.687400
6.679717
6.671988
6.664213
6.656393
6.648526
6.640614
6.632656
6.624652
6.616603
6.608508
6.600367
6.592181
6.583949
6.575673
6.567351
6.558983
6.550571
6.542113
6.533610
6.525062
6.516470
6.507832
6.499149
6.490422
6.481650
6.472834
6.463972
6.455067
6.446116
6.437122
6.428083
6.418999
6.409872
6.400700
6.391484
6.382224
6.372921
6.363573
6.354181
6.344746
6.335267
6.325744
6.316178
6.306568
6.296915
6.287218
6.277478
6.267695
6.257868
6.247999
6.238086
6.228131
6.218132
6.208091
6.198007
6.187880
6.177711
6.167499
6.157244
6.146947
6.136608
6.126226
6.115803
6.105337
6.094829
6.084279
6.073687
6.063053
6.052378
6.041661
6.030902
6.020102
6.009260
5.998376
5.987452
5.976486
5.965479
5.954431
5.943342
5.932212
5.921041
5.909829
5.898577
5.887283
5.875950
5.864576
5.853161
5.841706
5.830211
5.818676
5.807100
5.795485
5.783830
5.772134
5.760399
5.748625
5.736810
5.724957
5.713063
5.701131
5.689159
5.677148
5.665098
5.653009
5.640880
5.628713
5.616508
5.604263
5.591980
5.579658
5.567298
5.554900
5.542463
5.529988
5.517475
5.504924
5.492335
5.479709
5.467044
5.454342
5.441602
5.428825
5.416010
5.403158
5.390269
5.377343
5.364379
5.351379
5.338342
5.325268
5.312157
5.299010
5.285826
5.272605
5.259349
5.246056
5.232727
5.219362
5.205961
5.192524
5.179052
5.165544
5.152000
5.138420
5.124806
5.111156
5.097470
5.083750
5.069995
5.056204
5.042379
5.028519
5.014625
5.000695
4.986732
4.972734
4.958702
4.944635
4.930535
4.916401
4.902232
4.888030
4.873795
4.859525
4.845223
4.830886
4.816517
4.802114
4.787679
4.773210
4.758708
4.744174
4.729607
4.715007
4.700375
4.685711
4.671014
4.656285
4.641524
4.626731
4.611906
4.597050
4.582161
4.567241
4.552290
4.537307
4.522293
4.507248
4.492172
4.477065
4.461927
4.446758
4.431559
4.416329
4.401069
4.385778
4.370457
4.355106
4.339725
4.324314
4.308874
4.293403
4.277903
4.262374
4.246815
4.231227
4.215610
4.199964
4.184289
4.168585
4.152852
4.137091
4.121301
4.105483
4.089636
4.073762
4.057859
4.041928
4.025970
4.009984
3.993970
3.977928
3.961860
3.945764
3.929640
3.913490
3.897313
3.881109
3.864878
3.848620
3.832336
3.816026
3.799689
3.783326
3.766937
3.750522
3.734082
3.717615
3.701123
3.684606
3.668063
3.651494
3.634901
3.618283
3.601639
3.584971
3.568278
3.551561
3.534819
3.518053
3.501262
3.484448
3.467609
3.450747
3.433861
3.416951
3.400017
3.383060
3.366080
3.349077
3.332050
3.315001
3.297929
3.280834
3.263716
3.246576
3.229414
3.212229
3.195023
3.177794
3.160543
3.143271
3.125977
3.108661
3.091324
3.073966
3.056586
3.039186
3.021764
3.004322
2.986859
2.969375
2.951871
2.934347
2.916802
2.899238
2.881653
2.864049
2.846425
2.828781
2.811117
2.793435
2.775733
2.758012
2.740272
2.722513
2.704735
2.686939
2.669124
2.651291
2.633440
2.615570
2.597683
2.579777
2.561854
2.543913
2.525955
2.507979
2.489986
2.471976
2.453948
2.435904
2.417843
2.399766
2.381672
2.363561
2.345434
2.327291
2.309132
2.290958
2.272767
2.254561
2.236339
2.218102
2.199849
2.181581
2.163299
2.145001
2.126689
2.108362
2.090020
2.071664
2.053294
2.034910
2.016512
1.998099
1.979673
1.961234
1.942781
1.924314
1.905834
1.887342
1.868836
1.850317
1.831785
1.813241
1.794685
1.776116
1.757535
1.738941
1.720336
1.701719
1.683090
1.664450
1.645798
1.627135
1.608461
1.589775
1.571079
1.552371
1.533654
1.514925
1.496186
1.477437
1.458678
1.439908
1.421129
1.402340
1.383541
1.364733
1.345915
1.327088
1.308252
1.289407
1.270553
1.251690
1.232819
1.213939
1.195051
1.176155
1.157250
1.138338
1.119417
1.100489
1.081554
1.062611
1.043660
1.024703
1.005738
0.986767
0.967789
0.948804
0.929812
0.910814
0.891810
0.872800
0.853784
0.834762
0.815734
0.796700
0.777661
0.758617
0.739568
0.720513
0.701453
0.682389
0.663320
0.644246
0.625168
0.606086
0.586999
0.567909
0.548814
0.529716
0.510614
0.491509
0.472400
0.453288
0.434173
0.415055
0.395934
0.376810
0.357684
0.338555
0.319424
0.300291
0.281156
0.262018
0.242879
0.223739
0.204597
0.185453
0.166308
0.147162
0.128015
0.108867
0.089719
0.070569
0.051420
0.032270
0.013119
-0.006031
-0.025181
-0.044331
-0.063481
-0.082630
-0.101779
-0.120927
-0.140074
-0.159221
-0.178366
-0.197510
-0.216652
-0.235793
-0.254932
-0.274070
-0.293206
-0.312339
-0.331471
-0.350600
-0.369727
-0.388851
-0.407972
-0.427091
-0.446207
-0.465320
-0.484429
-0.503535
-0.522638
-0.541737
-0.560832
-0.579923
-0.599011
-0.618094
-0.637173
-0.656247
-0.675317
-0.694383
-0.713443
-0.732499
-0.751549
-0.770595
-0.789635
-0.808669
-0.827698
-0.846722
-0.865739
-0.884751
-0.903756
-0.922755
-0.941748
-0.960734
-0.979714
-0.998687
-1.017653
-1.036611
-1.055563
-1.074508
-1.093445
-1.112374
-1.131296
-1.150210
-1.169116
-1.188014
-1.206904
-1.225786
-1.244659
-1.263523
-1.282379
-1.301226
-1.320064
-1.338893
-1.357712
-1.376522
-1.395323
-1.414114
-1.432895
-1.451667
-1.470428
-1.489179
-1.507920
-1.526651
-1.545371
-1.564080
-1.582779
-1.601467
-1.620143
-1.638809
-1.657463
-1.676106
-1.694737
-1.713356
-1.731964
-1.750559
-1.769143
-1.787714
-1.806274
-1.824820
-1.843354
-1.861875
-1.880384
-1.898879
-1.917362
-1.935831
-1.954287
-1.972729
-1.991158
-2.009573
-2.027974
-2.046361
-2.064734
-2.083093
-2.101437
-2.119767
-2.138082
-2.156383
-2.174669
-2.192939
-2.211195
-2.229435
-2.247660
-2.265870
-2.284063
-2.302241
-2.320403
-2.338550
-2.356680
-2.374793
-2.392891
-2.410972
-2.429036
-2.447083
-2.465114
-2.483128
-2.501124
-2.519103
-2.537065
-2.555010
-2.572936
-2.590845
-2.608736
-2.626610
-2.644465
-2.662301
-2.680120
-2.697920
-2.715701
-2.733464
-2.751208
-2.768932
-2.786638
-2.804324
-2.821992
-2.839639
-2.857267
-2.874876
-2.892464
-2.910033
-2.927581
-2.945110
-2.962618
-2.980105
-2.997573
-3.015019
-3.032444
-3.049849
-3.067233
-3.084595
-3.101937
-3.119256
-3.136555
-3.153831
-3.171086
-3.188319
-3.205530
-3.222719
-3.239886
-3.257031
-3.274153
-3.291252
-3.308329
-3.325383
-3.342413
-3.359421
-3.376406
-3.393367
-3.410306
-3.427220
-3.444111
-3.460978
-3.477821
-3.494641
-3.511436
-3.528207
-3.544953
-3.561676
-3.578373
-3.595046
-3.611694
-3.628318
-3.644916
-3.661489
-3.678037
-3.694559
-3.711056
-3.727528
-3.743974
-3.760393
-3.776787
-3.793155
-3.809497
-3.825813
-3.842102
-3.858364
-3.874600
-3.890810
-3.906992
-3.923148
-3.939276
-3.955378
-3.971452
-3.987498
-4.003517
-4.019509
-4.035473
-4.051409
-4.067317
-4.083197
-4.099049
-4.114873
-4.130668
-4.146435
-4.162173
-4.177882
-4.193563
-4.209215
-4.224837
-4.240431
-4.255995
-4.271530
-4.287036
-4.302512
-4.317958
-4.333375
-4.348761
-4.364118
-4.379444
-4.394741
-4.410007
-4.425243
-4.440448
-4.455622
-4.470766
-4.485879
-4.500961
-4.516012
-4.531032
-4.546021
-4.560978
-4.575904
-4.590798
-4.605661
-4.620492
-4.635291
-4.650058
-4.664793
-4.679495
-4.694166
-4.708804
-4.723410
-4.737983
-4.752524
-4.767031
-4.781506
-4.795948
-4.810357
-4.824732
-4.839075
-4.853384
-4.867659
-4.881901
-4.896110
-4.910284
-4.924425
-4.938532
-4.952604
-4.966643
-4.980647
-4.994617
-5.008552
-5.022453
-5.036320
-5.050151
-5.063948
-5.077710
-5.091437
-5.105129
-5.118785
-5.132406
-5.145992
-5.159543
-5.173057
-5.186536
-5.199980
-5.213387
-5.226759
-5.240094
-5.253394
-5.266657
-5.279884
-5.293074
-5.306228
-5.319346
-5.332426
-5.345470
-5.358477
-5.371447
-5.384380
-5.397276
-5.410135
-5.422956
-5.435740
-5.448487
-5.461196
-5.473867
-5.486501
-5.499097
-5.511654
-5.524174
-5.536656
-5.549099
-5.561505
-5.573872
-5.586200
-5.598490
-5.610742
-5.622954
-5.635128
-5.647263
-5.659359
-5.671416
-5.683434
-5.695413
-5.707353
-5.719253
-5.731114
-5.742935
-5.754717
-5.766458
-5.778161
-5.789823
-5.801445
-5.813028
-5.824570
-5.836072
-5.847534
-5.858956
-5.870337
-5.881678
-5.892978
-5.904237
-5.915456
-5.926634
-5.937771
-5.948868
-5.959923
-5.970937
-5.981910
-5.992842
-6.003732
-6.014581
-6.025388
-6.036154
-6.046879
-6.057561
-6.068202
-6.078801
-6.089358
-6.099873
-6.110346
-6.120777
-6.131166
-6.141512
-6.151817
-6.162078
-6.172297
-6.182474
-6.192608
-6.202699
-6.212748
-6.222753
-6.232716
-6.242636
-6.252513
-6.262346
-6.272137
-6.281884
-6.291588
-6.301248
-6.310865
-6.320439
-6.329969
-6.339455
-6.348897
-6.358296
-6.367651
-6.376962
-6.386229
-6.395452
-6.404631
-6.413766
-6.422856
-6.431903
-6.440905
-6.449862
-6.458775
-6.467643
-6.476467
-6.485246
-6.493981
-6.502671
-6.511316
-6.519915
-6.528470
-6.536980
-6.545445
-6.553865
-6.562240
-6.570569
-6.578853
-6.587092
-6.595285
-6.603433
-6.611535
-6.619591
-6.627602
-6.635568
-6.643487
-6.651361
-6.659189
-6.666971
-6.674706
-6.682396
-6.690040
-6.697638
-6.705189
-6.712695
-6.720154
-6.727566
-6.734932
-6.742252
-6.749525
-6.756752
-6.763932
-6.771066
-6.778153
-6.785193
-6.792186
-6.799133
-6.806032
-6.812885
-6.819690
-6.826449
-6.833161
-6.839825
-6.846442
-6.853012
-6.859535
-6.866010
-6.872439
-6.878819
-6.885153
-6.891438
-6.897677
-6.903867
-6.910011
-6.916106
-6.922154
-6.928154
-6.934106
-6.940010
-6.945867
-6.951676
-6.957436
-6.963149
-6.968814
-6.974431
-6.979999
-6.985520
-6.990992
-6.996416
-7.001792
-7.007119
-7.012398
-7.017629
-7.022812
-7.027946
-7.033031
-7.038068
-7.043057
-7.047997
-7.052888
-7.057731
-7.062525
-7.067270
-7.071966
-7.076614
-7.081213
-7.085763
-7.090265
-7.094717
-7.099120
-7.103475
-7.107780
-7.112037
-7.116244
-7.120403
-7.124512
-7.128572
-7.132583
-7.136545
-7.140457
-7.144321
-7.148135
-7.151899
-7.155615
-7.159281
-7.162897
-7.166465
-7.169983
-7.173451
-7.176870
-7.180239
-7.183559
-7.186830
-7.190050
-7.193222
-7.196343
-7.199415
-7.202437
-7.205410
-7.208333
-7.211206
-7.214030
-7.216803
-7.219527
-7.222202
-7.224826
-7.227400
-7.229925
-7.232400
-7.234825
-7.237200
-7.239525
-7.241800
-7.244025
-7.246201
-7.248326
-7.250401
-7.252427
-7.254402
-7.256327
-7.258202
-7.260027
-7.261802
-7.263527
-7.265202
-7.266827
-7.268402
-7.269926
-7.271400
-7.272825
-7.274199
-7.275522
-7.276796
-7.278020
-7.279193
-7.280316
-7.281389
-7.282412
-7.283384
-7.284306
-7.285178
-7.286000
-7.286771
-7.287492
-7.288163
-7.288784
-7.289354
-7.289874
-7.290344
-7.290763
-7.291133
-7.291452
-7.291720
-7.291939
-7.292107
-7.292224
-7.292292
-7.292309
-7.292276
-7.292192
-7.292058
-7.291874
-7.291640
-7.291355
-7.291020
-7.290635
-7.290199
-7.289714
-7.289177
-7.288591
-7.287954
-7.287267
-7.286530
-7.285743
-7.284905
-7.284017
-7.283079
-7.282090
-7.281051
-7.279962
-7.278823
-7.277634
-7.276394
-7.275104
-7.273764
-7.272374
-7.270934
-7.269443
-7.267903
-7.266312
-7.264671
-7.262980
-7.261239
-7.259448
-7.257606
-7.255715
-7.253774
-7.251782
-7.249741
-7.247649
-7.245508
-7.243316
-7.241075
-7.238783
-7.236442
-7.234051
-7.231609
-7.229118
-7.226577
-7.223987
-7.221346
-7.218655
-7.215915
-7.213125
-7.210285
-7.207396
-7.204456
-7.201467
-7.198429
-7.195340
-7.192202
-7.189015
-7.185778
-7.182491
-7.179155
-7.175769
-7.172333
-7.168848
-7.165314
-7.161730
-7.158097
-7.154415
-7.150683
-7.146901
-7.143071
-7.139191
-7.135262
-7.131283
-7.127256
-7.123179
-7.119053
-7.114878
-7.110654
-7.106381
-7.102059
-7.097688
-7.093267
-7.088798
-7.084280
-7.079713
-7.075098
-7.070433
-7.065720
-7.060957
-7.056147
-7.051287
-7.046379
-7.041422
-7.036417
-7.031363
-7.026260
-7.021109
-7.015910
-7.010662
-7.005366
-7.000021
-6.994628
-6.989187
-6.983698
-6.978160
-6.972575
-6.966941
-6.961259
-6.955529
-6.949751
-6.943925
-6.938051
-6.932130
-6.926160
-6.920143
-6.914078
-6.907965
-6.901804
-6.895596
-6.889340
-6.883037
-6.876686
-6.870288
-6.863843
-6.857350
-6.850809
-6.844222
-6.837587
-6.830905
-6.824176
-6.817399
-6.810576
-6.803706
-6.796788
-6.789824
-6.782813
-6.775755
-6.768650
-6.761499
-6.754301
-6.747056
-6.739765
-6.732427
-6.725043
-6.717613
-6.710136
-6.702612
-6.695043
-6.687427
-6.679765
-6.672057
-6.664303
-6.656503
-6.648656
-6.640764
-6.632827
-6.624843
-6.616814
-6.608739
-6.600618
-6.592452
-6.584240
-6.575983
-6.567681
-6.559333
-6.550939
-6.542501
-6.534018
-6.525489
-6.516915
-6.508296
-6.499633
-6.490924
-6.482171
-6.473373
-6.464530
-6.455643
-6.446711
-6.437734
-6.428713
-6.419648
-6.410538
-6.401385
-6.392186
-6.382944
-6.373658
-6.364328
-6.354953
-6.345535
-6.336073
-6.326568
-6.317018
-6.307425
-6.297789
-6.288109
-6.278385
-6.268619
-6.258809
-6.248955
-6.239059
-6.229119
-6.219137
-6.209111
-6.199043
-6.188932
-6.178778
-6.168581
-6.158342
-6.148060
-6.137736
-6.127370
-6.116961
-6.106510
-6.096016
-6.085481
-6.074904
-6.064284
-6.053623
-6.042920
-6.032175
-6.021389
-6.010561
-5.999691
-5.988780
-5.977828
-5.966834
-5.955799
-5.944723
-5.933606
-5.922448
-5.911249
-5.900009
-5.888729
-5.877408
-5.866046
-5.854644
-5.843201
-5.831718
-5.820194
-5.808631
-5.797027
-5.785383
-5.773699
-5.761976
-5.750212
-5.738409
-5.726566
-5.714684
-5.702762
-5.690801
-5.678800
-5.666760
-5.654681
-5.642563
-5.630406
-5.618210
-5.605975
-5.593702
-5.581390
-5.569039
-5.556650
-5.544222
-5.531756
-5.519252
-5.506710
-5.494129
-5.481511
-5.468855
-5.456161
-5.443429
-5.430660
-5.417853
-5.405009
-5.392127
-5.379209
-5.366252
-5.353259
-5.340229
-5.327162
-5.314058
-5.300918
-5.287740
-5.274527
-5.261276
-5.247990
-5.234667
-5.221308
-5.207912
-5.194481
-5.181014
-5.167511
-5.153973
-5.140398
-5.126789
-5.113143
-5.099463
-5.085747
-5.071996
-5.058210
-5.044389
-5.030533
-5.016642
-5.002717
-4.988757
-4.974762
-4.960733
-4.946670
-4.932573
-4.918441
-4.904276
-4.890076
-4.875843
-4.861576
-4.847276
-4.832941
-4.818574
-4.804173
-4.789739
-4.775272
-4.760771
-4.746238
-4.731672
-4.717073
-4.702442
-4.687778
-4.673082
-4.658353
-4.643592
-4.628799
-4.613974
-4.599117
-4.584228
-4.569308
-4.554356
-4.539372
-4.524357
-4.509311
-4.494233
-4.479125
-4.463985
-4.448814
-4.433613
-4.418381
-4.403118
-4.387825
-4.372502
-4.357148
-4.341764
-4.326350
-4.310907
-4.295433
-4.279929
-4.264396
-4.248834
-4.233242
-4.217621
-4.201970
-4.186290
-4.170582
-4.154844
-4.139078
-4.123283
-4.107460
-4.091608
-4.075728
-4.059819
-4.043883
-4.027918
-4.011926
-3.995906
-3.979858
-3.963782
-3.947679
-3.931549
-3.915391
-3.899207
-3.882995
-3.866756
-3.850491
-3.834199
-3.817880
-3.801535
-3.785164
-3.768766
-3.752343
-3.735893
-3.719417
-3.702916
-3.686389
-3.669836
-3.653258
-3.636655
-3.620026
-3.603372
-3.586694
-3.569990
-3.553262
-3.536509
-3.519731
-3.502929
-3.486103
-3.469253
-3.452378
-3.435480
-3.418558
-3.401612
-3.384642
-3.367649
-3.350633
-3.333594
-3.316531
-3.299445
-3.282336
-3.265205
-3.248051
-3.230874
-3.213675
-3.196454
-3.179211
-3.161945
-3.144657
-3.127348
-3.110017
-3.092664
-3.075290
-3.057895
-3.040478
-3.023040
-3.005581
-2.988101
-2.970601
-2.953080
-2.935538
-2.917976
-2.900394
-2.882791
-2.865169
-2.847526
-2.829864
-2.812182
-2.794481
-2.776760
-2.759020
-2.741260
-2.723482
-2.705685
-2.687868
-2.670034
-2.652180
-2.634308
-2.616418
-2.598509
-2.580583
-2.562638
-2.544676
-2.526696
-2.508699
-2.490683
-2.472651
-2.454601
-2.436535
-2.418451
-2.400350
-2.382233
-2.364099
-2.345949
-2.327782
-2.309599
-2.291400
-2.273185
-2.254954
-2.236708
-2.218446
-2.200168
-2.181875
-2.163567
-2.145243
-2.126905
-2.108552
-2.090184
-2.071802
-2.053405
-2.034993
-2.016568
-1.998128
-1.979675
-1.961208
-1.942726
-1.924232
-1.905724
-1.887202
-1.868668
-1.850120
-1.831559
-1.812986
-1.794400
-1.775801
-1.757190
-1.738566
-1.719931
-1.701283
-1.682623
-1.663952
-1.645269
-1.626574
-1.607868
-1.589151
-1.570422
-1.551683
-1.532932
-1.514171
-1.495399
-1.476617
-1.457824
-1.439021
-1.420208
-1.401385
-1.382552
-1.363710
-1.344857
-1.325995
-1.307124
-1.288244
-1.269354
-1.250456
-1.231549
-1.212633
-1.193708
-1.174775
-1.155834
-1.136885
-1.117927
-1.098962
-1.079989
-1.061008
-1.042019
-1.023024
-1.004020
-0.985010
-0.965993
-0.946969
-0.927938
-0.908901
-0.889857
-0.870806
-0.851750
-0.832687
-0.813618
-0.794544
-0.775464
-0.756378
-0.737287
-0.718191
-0.699089
-0.679982
-0.660871
-0.641754
-0.622633
-0.603507
-0.584377
-0.565243
-0.546105
-0.526962
-0.507816
-0.488666
-0.469513
-0.450356
-0.431195
-0.412032
-0.392865
-0.373695
-0.354523
-0.335348
-0.316170
-0.296990
-0.277807
-0.258623
-0.239436
-0.220248
-0.201057
-0.181865
-0.162672
-0.143477
-0.124281
-0.105084
-0.085886
-0.066687
-0.047487
-0.028287
-0.009086
0.010115
0.029316
0.048517
0.067718
0.086919
0.106120
0.125320
0.144519
0.163718
0.182916
0.202113
0.221309
0.240503
0.259697
0.278888
0.298078
0.317266
0.336453
0.355637
0.374819
0.393999
0.413176
0.432351
0.451523
0.470692
0.489858
0.509021
0.528181
0.547337
0.566490
0.585640
0.604785
0.623927
0.643065
0.662198
0.681327
0.700452
0.719573
0.738688
0.757799
0.776905
0.796006
0.815101
0.834191
0.853276
0.872355
0.891429
0.910497
0.929558
0.948614
0.967663
0.986706
1.005742
1.024772
1.043795
1.062811
1.081820
1.100822
1.119817
1.138804
1.157784
1.176756
1.195720
1.214676
1.233624
1.252564
1.271496
1.290419
1.309334
1.328239
1.347137
1.366025
1.384904
1.403773
1.422634
1.441484
1.460326
1.479157
1.497979
1.516790
1.535592
1.554383
1.573164
1.591934
1.610694
1.629443
1.648181
1.666907
1.685623
1.704328
1.723021
1.741702
1.760372
1.779030
1.797676
1.816310
1.834932
1.853541
1.872138
1.890723
1.909295
1.927854
1.946400
1.964933
1.983452
2.001959
2.020452
2.038931
2.057397
2.075849
2.094286
2.112710
2.131120
2.149515
2.167896
2.186262
2.204613
2.222950
2.241271
2.259578
2.277869
2.296145
2.314406
2.332650
2.350880
2.369093
2.387290
2.405472
2.423637
2.441785
2.459917
2.478033
2.496132
2.514214
2.532279
2.550327
2.568358
2.586372
2.604368
2.622346
2.640307
2.658250
2.676175
2.694082
2.711970
2.729841
2.747693
2.765526
2.783341
2.801137
2.818914
2.836672
2.854411
2.872130
2.889830
2.907511
2.925172
2.942813
2.960434
2.978035
2.995616
3.013177
3.030718
3.048238
3.065737
3.083216
3.100674
3.118110
3.135526
3.152921
3.170294
3.187646
3.204976
3.222284
3.239571
3.256836
3.274079
3.291299
3.308498
3.325673
3.342827
3.359958
3.377066
3.394151
3.411213
3.428252
3.445268
3.462261
3.479230
3.496176
3.513098
3.529996
3.546870
3.563720
3.580546
3.597348
3.614126
3.630879
3.647607
3.664311
3.680990
3.697644
3.714273
3.730876
3.747455
3.764008
3.780536
3.797038
3.813514
3.829964
3.846389
3.862787
3.879160
3.895506
3.911825
3.928118
3.944385
3.960624
3.976837
3.993023
4.009182
4.025314
4.041418
4.057495
4.073545
4.089567
4.105561
4.121527
4.137466
4.153376
4.169259
4.185113
4.200938
4.216735
4.232504
4.248244
4.263955
4.279637
4.295290
4.310914
4.326509
4.342074
4.357610
4.373117
4.388594
4.404041
4.419458
4.434845
4.450203
4.465530
4.480826
4.496093
4.511329
4.526534
4.541708
4.556852
4.571965
4.587047
4.602098
4.617117
4.632106
4.647062
4.661988
4.676881
4.691743
4.706574
4.721372
4.736138
4.750872
4.765574
4.780244
4.794881
4.809486
4.824058
4.838597
4.853103
4.867577
4.882018
4.896425
4.910799
4.925140
4.939448
4.953722
4.967962
4.982169
4.996342
5.010481
5.024586
5.038657
5.052694
5.066696
5.080665
5.094598
5.108497
5.122362
5.136192
5.149987
5.163747
5.177472
5.191162
5.204816
5.218436
5.232019
5.245568
5.259081
5.272558
5.286000
5.299405
5.312775
5.326108
5.339406
5.352667
5.365892
5.379081
5.392233
5.405348
5.418427
5.431469
5.444475
5.457443
5.470374
5.483269
5.496126
5.508946
5.521728
5.534473
5.547180
5.559850
5.572482
5.585077
5.597633
5.610151
5.622632
5.635074
5.647478
5.659844
5.672171
5.684460
5.696711
5.708922
5.721095
5.733230
5.745325
5.757381
5.769399
5.781377
5.793316
5.805216
5.817076
5.828897
5.840678
5.852420
5.864122
5.875784
5.887407
5.898989
5.910532
5.922034
5.933497
5.944919
5.956301
5.967642
5.978943
5.990203
6.001423
6.012602
6.023741
6.034838
6.045895
6.056910
6.067885
6.078818
6.089711
6.100561
6.111371
6.122139
6.132866
6.143551
6.154194
6.164796
6.175356
6.185874
6.196350
6.206784
6.217176
6.227526
6.237834
6.248099
6.258322
6.268503
6.278641
6.288737
6.298790
6.308800
6.318768
6.328692
6.338574
6.348413
6.358209
6.367962
6.377671
6.387338
6.396961
6.406541
6.416077
6.425570
6.435019
6.444425
6.453787
6.463106
6.472380
6.481611
6.490798
6.499941
6.509040
6.518094
6.527105
6.536071
6.544993
6.553871
6.562705
6.571493
6.580238
6.588938
6.597593
6.606203
6.614769
6.623290
6.631766
6.640198
6.648584
6.656925
6.665221
6.673472
6.681678
6.689839
6.697954
6.706024
6.714049
6.722028
6.729961
6.737849
6.745692
6.753489
6.761240
6.768945
6.776604
6.784218
6.791786
6.799307
6.806783
6.814212
6.821596
6.828933
6.836224
6.843469
6.850668
6.857820
6.864926
6.871985
6.878998
6.885964
6.892884
6.899757
6.906583
6.913363
6.920095
6.926781
6.933421
6.940013
6.946558
6.953056
6.959508
6.965912
6.972269
6.978579
6.984842
6.991057
6.997226
7.003346
7.009420
7.015446
7.021425
7.027356
7.033240
7.039076
7.044865
7.050606
7.056299
7.061945
7.067542
7.073093
7.078595
7.084049
7.089456
7.094814
7.100125
7.105388
7.110602
7.115769
7.120888
7.125958
7.130980
7.135954
7.140880
7.145758
7.150587
7.155368
7.160101
7.164785
7.169421
7.174009
7.178548
7.183039
7.187481
7.191874
7.196219
7.200515
7.204763
7.208962
7.213113
7.217214
7.221267
7.225272
7.229227
7.233134
7.236992
7.240801
7.244561
7.248272
7.251934
7.255547
7.259112
7.262627
7.266094
7.269511
7.272879
7.276198
7.279469
7.282690
7.285862
7.288984
7.292058
7.295082
7.298057
7.300983
7.303860
7.306688
7.309466
7.312195
7.314874
7.317505
7.320086
7.322617
7.325099
7.327532
7.329916
7.332250
7.334534
7.336770
7.338955
7.341092
7.343178
7.345216
7.347204
7.349142
7.351031
7.352870
7.354660
7.356400
7.358091
7.359732
7.361323
7.362865
7.364358
7.365801
7.367194
7.368537
7.369831
7.371076
7.372270
7.373416
7.374511
7.375557
7.376553
7.377500
7.378397
7.379244
7.380041
7.380789
7.381488
7.382136
7.382735
7.383285
7.383784
7.384234
7.384634
7.384985
7.385286
7.385537
7.385739
7.385891
7.385993
7.386046
7.386049
7.386003
7.385906
7.385761
7.385565
7.385320
7.385025
7.384681
7.384287
7.383843
7.383350
7.382807
7.382215
7.381573
7.380881
7.380140
7.379349
7.378509
7.377620
7.376680
7.375691
7.374653
7.373565
7.372428
7.371241
7.370005
7.368719
7.367384
7.366000
7.364566
7.363082
7.361550
7.359968
7.358336
7.356655
7.354925
7.353146
7.351317
7.349439
7.347512
7.345535
7.343509
7.341434
7.339310
7.337137
7.334914
7.332643
7.330322
7.327952
7.325533
7.323065
7.320548
7.317982
7.315367
7.312703
7.309990
7.307228
7.304417
7.301558
7.298649
7.295692
7.292686
7.289631
7.286527
7.283374
7.280173
7.276923
7.273625
7.270278
7.266882
7.263437
7.259945
7.256403
7.252813
7.249175
7.245488
7.241753
7.237969
7.234137
7.230257
7.226329
7.222352
7.218327
7.214253
7.210132
7.205963
7.201745
7.197479
7.193166
7.188804
7.184394
7.179937
7.175431
7.170878
7.166277
7.161628
7.156931
7.152187
7.147395
7.142555
7.137668
7.132733
7.127751
7.122721
7.117644
7.112519
7.107347
7.102128
7.096861
7.091547
7.086186
7.080778
7.075322
7.069820
7.064270
7.058674
7.053030
7.047340
7.041603
7.035819
7.029988
7.024110
7.018186
7.012215
7.006198
7.000134
6.994023
6.987866
6.981663
6.975413
6.969117
6.962775
6.956386
6.949952
6.943471
6.936944
6.930371
6.923752
6.917087
6.910376
6.903620
6.896818
6.889970
6.883076
6.876137
6.869152
6.862122
6.855046
6.847925
6.840758
6.833546
6.826289
6.818987
6.811639
6.804247
6.796810
6.789327
6.781800
6.774228
6.766611
6.758949
6.751243
6.743492
6.735696
6.727856
6.719972
6.712043
6.704069
6.696052
6.687990
6.679885
6.671735
6.663541
6.655303
6.647021
6.638696
6.630326
6.621913
6.613457
6.604956
6.596413
6.587825
6.579195
6.570521
6.561804
6.553043
6.544240
6.535393
6.526504
6.517571
6.508596
6.499578
6.490517
6.481413
6.472267
6.463078
6.453847
6.444574
6.435258
6.425900
6.416500
6.407057
6.397573
6.388047
6.378479
6.368868
6.359217
6.349523
6.339788
6.330012
6.320194
6.310334
6.300433
6.290491
6.280508
6.270484
6.260419
6.250313
6.240166
6.229978
6.219749
6.209480
6.199170
6.188820
6.178429
6.167999
6.157527
6.147016
6.136465
6.125873
6.115242
6.104570
6.093859
6.083109
6.072318
6.061488
6.050619
6.039710
6.028762
6.017775
6.006749
5.995683
5.984579
5.973436
5.962254
5.951033
5.939774
5.928476
5.917139
5.905764
5.894351
5.882900
5.871411
5.859883
5.848318
5.836715
5.825074
5.813395
5.801678
5.789925
5.778133
5.766305
5.754439
5.742536
5.730595
5.718618
5.706604
5.694553
5.682466
5.670342
5.658181
5.645984
5.633750
5.621480
5.609174
5.596832
5.584454
5.572040
5.559590
5.547104
5.534583
5.522026
5.509434
5.496807
5.484144
5.471446
5.458713
5.445945
5.433142
5.420305
5.407432
5.394525
5.381584
5.368608
5.355598
5.342554
5.329475
5.316363
5.303217
5.290037
5.276823
5.263575
5.250294
5.236980
5.223632
5.210251
5.196837
5.183390
5.169910
5.156397
5.142852
5.129274
5.115663
5.102020
5.088344
5.074637
5.060897
5.047125
5.033321
5.019486
5.005619
4.991720
4.977790
4.963828
4.949835
4.935811
4.921755
4.907669
4.893552
4.879404
4.865226
4.851017
4.836777
4.822507
4.808207
4.793877
4.779516
4.765126
4.750706
4.736257
4.721777
4.707268
4.692730
4.678163
4.663566
4.648940
4.634286
4.619602
4.604890
4.590149
4.575380
4.560582
4.545756
4.530902
4.516020
4.501109
4.486171
4.471206
4.456212
4.441191
4.426143
4.411067
4.395964
4.380835
4.365678
4.350494
4.335284
4.320047
4.304783
4.289493
4.274177
4.258835
4.243467
4.228072
4.212652
4.197206
4.181735
4.166238
4.150716
4.135169
4.119596
4.103999
4.088376
4.072729
4.057057
4.041361
4.025640
4.009895
3.994125
3.978332
3.962515
3.946674
3.930809
3.914920
3.899008
3.883073
3.867115
3.851133
3.835128
3.819101
3.803051
3.786978
3.770882
3.754764
3.738624
3.722462
3.706278
3.690072
3.673844
3.657594
3.641323
3.625030
3.608716
3.592381
3.576025
3.559648
3.543250
3.526831
3.510392
3.493932
3.477452
3.460952
3.444431
3.427891
3.411331
3.394751
3.378152
3.361533
3.344895
3.328237
3.311561
3.294865
3.278151
3.261418
3.244667
3.227897
3.211108
3.194302
3.177477
3.160634
3.143774
3.126896
3.110000
3.093087
3.076156
3.059209
3.042244
3.025262
3.008264
2.991249
2.974217
2.957169
2.940104
2.923024
2.905927
2.888814
2.871686
2.854542
2.837382
2.820208
2.803017
2.785812
2.768592
2.751356
2.734106
2.716842
2.699563
2.682269
2.664961
2.647639
2.630304
2.612954
2.595591
2.578214
2.560823
2.543420
2.526003
2.508573
2.491130
2.473675
2.456206
2.438726
2.421232
2.403727
2.386209
2.368680
2.351138
2.333585
2.316020
2.298444
2.280856
2.263258
2.245648
2.228027
2.210396
2.192753
2.175100
2.157437
2.139764
2.122080
2.104387
2.086683
2.068970
2.051247
2.033515
2.015774
1.998023
1.980263
1.962494
1.944717
1.926931
1.909136
1.891333
1.873522
1.855702
1.837875
1.820040
1.802197
1.784346
1.766488
1.748623
1.730750
1.712871
1.694985
1.677092
1.659192
1.641286
1.623373
1.605454
1.587530
1.569599
1.551662
1.533720
1.515772
1.497819
1.479861
1.461897
1.443929
1.425956
1.407978
1.389995
1.372008
1.354017
1.336021
1.318022
1.300018
1.282011
1.264001
1.245987
1.227969
1.209948
1.191925
1.173898
1.155869
1.137837
1.119802
1.101765
1.083726
1.065685
1.047642
1.029597
1.011550
0.993502
0.975452
0.957402
0.939350
0.921297
0.903243
0.885189
0.867134
0.849078
0.831023
0.812967
0.794911
0.776856
0.758800
0.740745
0.722691
0.704637
0.686584
0.668532
0.650482
0.632432
0.614384
0.596337
0.578292
0.560249
0.542208
0.524169
0.506132
0.488098
0.470066
0.452036
0.434010
0.415986
0.397965
0.379948
0.361934
0.343924
0.325917
0.307914
0.289914
0.271919
0.253928
0.235942
0.217959
0.199982
0.182009
0.164041
0.146078
0.128120
0.110168
0.092221
0.074279
0.056344
0.038414
0.020490
0.002572
-0.015339
-0.033244
-0.051142
-0.069034
-0.086919
-0.104797
-0.122667
-0.140531
-0.158387
-0.176236
-0.194076
-0.211909
-0.229734
-0.247551
-0.265360
-0.283160
-0.300952
-0.318735
-0.336510
-0.354275
-0.372031
-0.389778
-0.407516
-0.425244
-0.442963
-0.460672
-0.478370
-0.496059
-0.513738
-0.531406
-0.549064
-0.566711
-0.584347
-0.601973
-0.619587
-0.637190
-0.654782
-0.672363
-0.689932
-0.707489
-0.725034
-0.742567
-0.760088
-0.777597
-0.795094
-0.812577
-0.830049
-0.847507
-0.864952
-0.882384
-0.899803
-0.917208
-0.934600
-0.951979
-0.969343
-0.986693
-1.004030
-1.021352
-1.038660
-1.055953
-1.073231
-1.090495
-1.107744
-1.124978
-1.142196
-1.159399
-1.176587
-1.193759
-1.210915
-1.228056
-1.245180
-1.262288
-1.279380
-1.296456
-1.313515
-1.330557
-1.347582
-1.364590
-1.381581
-1.398555
-1.415512
-1.432451
-1.449372
-1.466275
-1.483161
-1.500028
-1.516877
-1.533708
-1.550520
-1.567314
-1.584088
-1.600844
-1.617581
-1.634299
-1.650997
-1.667676
-1.684335
-1.700974
-1.717594
-1.734194
-1.750773
-1.767332
-1.783871
-1.800389
-1.816887
-1.833363
-1.849819
-1.866254
-1.882667
-1.899059
-1.915430
-1.931779
-1.948106
-1.964411
-1.980694
-1.996955
-2.013194
-2.029410
-2.045604
-2.061775
-2.077923
-2.094048
-2.110150
-2.126229
-2.142284
-2.158316
-2.174325
-2.190309
-2.206270
-2.222206
-2.238119
-2.254007
-2.269870
-2.285709
-2.301524
-2.317313
-2.333077
-2.348817
-2.364531
-2.380220
-2.395883
-2.411521
-2.427133
-2.442718
-2.458278
-2.473812
-2.489320
-2.504801
-2.520255
-2.535683
-2.551084
-2.566458
-2.581805
-2.597125
-2.612417
-2.627682
-2.642919
-2.658129
-2.673311
-2.688465
-2.703590
-2.718688
-2.733757
-2.748797
-2.763809
-2.778792
-2.793746
-2.808672
-2.823568
-2.838434
-2.853272
-2.868080
-2.882858
-2.897606
-2.912325
-2.927013
-2.941671
-2.956299
-2.970897
-2.985464
-3.000000
